Simulation Frame | Timestamp | Position | Velocity | Heading | Angular Velocity | Acceleration | Stopped at Red Light + Light ID 
7450 | 248.33334628492594 | 135.85720825195312,226.19781494140625,0.20663543045520782 | 0.04102896898984909,-4.742659568786621,-4.0047643778962083e-07 | 179.5 | 0.0008874908671714365,-0.00662305299192667,5.543856143951416 | 0.6506708860397339,-0.03344535455107689,-3.432654466450913e-06 | 0,0
7460 | 248.66667963564396 | 135.86737060546875,224.61627197265625,0.20664061605930328 | 0.10441854596138,-4.754007339477539,-3.623358395543619e-07 | 178.7 | -8.347595212399028e-06,0.0001515875046607107,3.6360158920288086 | 0.20340731739997864,-0.02971172146499157,5.148982381797396e-06 | 0,0
7470 | 249.00001298636198 | 135.89671325683594,223.03033447265625,0.2066444754600525 | 0.12634113430976868,-4.7650909423828125,-1.9070306223056832e-07 | 178.5 | 0.0003889782528858632,-0.01558047067373991,1.9780030250549316 | -0.08700191229581833,-0.039381977170705795,-9.153746759693604e-06 | 0,0
7480 | 249.33334633708 | 135.9373321533203,221.44017028808594,0.20664721727371216 | 0.14472757279872894,-4.777615547180176,3.0512492799061874e-07 | 178.3 | 0.000236397550906986,-0.000987484585493803,1.174891710281372 | 0.11688663810491562,-0.03700732812285423,8.581638212490361e-06 | 0,0
7490 | 249.66667968779802 | 135.9840850830078,219.84544372558594,0.20664866268634796 | 0.1530715376138687,-4.791203498840332,6.102498559812375e-07 | 178.2 | 0.00021320048836059868,-0.003971306141465902,0.6490350365638733 | -0.049088891595602036,-0.043044086545705795,-8.009527846297715e-06 | 0,0
7500 | 250.00001303851604 | 136.03451538085938,218.2460479736328,0.2066493183374405 | 0.16092504560947418,-4.80479621887207,-6.865310524517554e-07 | 178.1 | -6.817550456617028e-05,0.0013814347330480814,0.439029335975647 | 0.04609912261366844,-0.03966807946562767,2.2884357804286992e-06 | 0,0
7510 | 250.33334638923407 | 136.0885467529297,216.6421661376953,0.2066493183374405 | 0.1709289699792862,-4.818267822265625,-5.7210922221884175e-08 | 178.0 | 1.0198973541264422e-05,-0.0007365434430539608,0.38120195269584656 | 0.018739251419901848,-0.03955363854765892,-9.153746759693604e-06 | 0,0
7520 | 250.6666797399521 | 136.14503479003906,215.033935546875,0.2066495418548584 | 0.17077040672302246,-4.830629348754883,-4.0047643778962083e-07 | 178.0 | -4.454565896594431e-06,-0.004204282537102699,0.11707435548305511 | -0.026843992993235588,-0.03746509179472923,-1.3730619684793055e-05 | 0,0
7530 | 251.0000130906701 | 136.19981384277344,213.42152404785156,0.20665057003498077 | 0.15396350622177124,-4.843111991882324,1.0870074902413762e-06 | 178.2 | 0.0001150780008174479,-0.006055243778973818,-0.34462103247642517 | -0.07934912294149399,-0.03820895776152611,5.549458728637546e-05 | 0,0
7540 | 251.33334644138813 | 136.2477264404297,211.80477905273438,0.2066521793603897 | 0.12050431966781616,-4.856160640716553,-9.153747555501468e-07 | 178.6 | 0.00013283647422213107,-0.0044554416090250015,-0.8813120722770691 | -0.0845874771475792,-0.03952502831816673,3.4326562854403164e-06 | 0,0
7550 | 251.66667979210615 | 136.2847900390625,210.1835479736328,0.20665282011032104 | 0.08410099893808365,-4.869140148162842,1.3349215066682518e-07 | 179.0 | -5.6540616242273245e-06,-0.00023521934053860605,-1.1254059076309204 | -0.10136491805315018,-0.03786563500761986,1.1442184586485382e-06 | 0,0
7560 | 252.00001314282417 | 136.30918884277344,208.5580596923828,0.20665325224399567 | 0.040237460285425186,-4.881381034851074,8.390935590796289e-07 | 179.5 | -3.127754825982265e-05,-0.002254330087453127,-1.3794971704483032 | -0.13939371705055237,-0.03609180077910423,2.8605460101971403e-05 | 0,0
7570 | 252.3333464935422 | 136.32164001464844,206.92857360839844,0.2066524475812912 | 0.011568531394004822,-4.89316463470459,-2.479139880051662e-07 | 179.9 | -2.126201070495881e-05,0.003496413817629218,-1.1589826345443726 | 0.04247884079813957,-0.03536223992705345,-3.718709558597766e-05 | 0,0
7580 | 252.66667984426022 | 136.32479858398438,205.3006134033203,0.20660457015037537 | -0.02087274193763733,-4.731386661529541,-1.907030799941367e-08 | 180.3 | -0.14245305955410004,-0.02179972641170025,-1.3042821884155273 | -0.3869919776916504,3.8408801555633545,1.6019057511584833e-05 | 0,0
7590 | 253.00001319497824 | 136.31985473632812,204.26536560058594,0.20532554388046265 | -0.015938090160489082,-1.587678074836731,2.288436888875367e-07 | 180.6 | -0.1740187704563141,0.008492209948599339,-0.26644572615623474 | 0.060920897871255875,7.1151275634765625,-5.435037746792659e-05 | 0,0
7600 | 253.33334654569626 | 136.31480407714844,203.6153106689453,0.2064800262451172 | -0.025375809520483017,-2.4418601989746094,-5.663880983775016e-06 | 180.6 | 0.3095497190952301,0.00228321086615324,-0.45656001567840576 | -0.037863846868276596,-3.1014630794525146,1.5446956240339205e-05 | 0,0
7610 | 253.66667989641428 | 136.30575561523438,202.6298828125,0.20692138373851776 | -0.03730956092476845,-3.26796555519104,1.1442184444376835e-07 | 180.7 | -0.09291625767946243,0.0017961265984922647,-0.5117419362068176 | 0.0032630187924951315,0.9980606436729431,4.1191859054379165e-05 | 0,0
7620 | 254.0000132471323 | 136.2980194091797,201.9099884033203,0.20591408014297485 | -0.02019529603421688,-1.6856229305267334,2.1740149804827524e-06 | 180.7 | 0.22317840158939362,-0.0034415479749441147,-0.32771122455596924 | -0.04843186214566231,-3.2799623012542725,-1.4302733688964508e-05 | 0,0
7630 | 254.33334659785032 | 136.2895050048828,201.1525115966797,0.20680953562259674 | -0.03383573517203331,-2.7790234088897705,-3.947553523175884e-06 | 180.7 | 0.15358547866344452,0.0027639116160571575,-0.21129849553108215 | -0.0026827675756067038,-3.091470956802368,4.405240906635299e-05 | 0,0
7640 | 254.66667994856834 | 136.27935791015625,200.297119140625,0.2060861885547638 | -0.021630538627505302,-1.6121141910552979,7.952317901072092e-06 | 180.8 | -0.43024176359176636,-0.0025404137559235096,0.09904903173446655 | 0.05994446203112602,6.227359294891357,-2.2312258806778118e-05 | 0,0
7650 | 255.00001329928637 | 136.27130126953125,199.62643432617188,0.20665770769119263 | -0.030686676502227783,-2.5158777236938477,-5.034561127104098e-06 | 180.7 | 0.2172856330871582,-0.00023649564536754042,-0.07777704298496246 | -0.07740385085344315,-3.121955156326294,-5.721085017285077e-06 | 0,0
7660 | 255.3333466500044 | 136.26068115234375,198.6488037109375,0.2067432403564453 | -0.02761053666472435,-2.799199104309082,3.6424287372938124e-06 | 180.6 | -0.3806101083755493,0.0009336711373180151,-0.009111333638429642 | 0.12468795478343964,6.497461318969727,7.494630699511617e-05 | 0,0
7670 | 255.6666800007224 | 136.25924682617188,198.05874633789062,0.2061164826154709 | 0.03330265358090401,-1.8010283708572388,-2.7651944947137963e-06 | 178.9 | 0.37070149183273315,0.02825407311320305,1.4521923065185547 | 0.5115845799446106,-3.821089029312134,-6.922521424712613e-05 | 0,0
7680 | 256.00001335144043 | 136.2845001220703,197.26339721679688,0.20688983798027039 | 0.21353620290756226,-2.8878490924835205,-2.5935619305528235e-06 | 175.8 | 0.10378837585449219,0.0739687979221344,5.662179470062256 | 1.0590161085128784,-2.9961345195770264,1.945170333783608e-05 | 0,0
7690 | 256.33334670215845 | 136.37106323242188,196.4745635986328,0.20586960017681122 | 0.23085924983024597,-0.9830360412597656,8.33372450870229e-06 | 166.8 | -0.6150650382041931,-0.28835827112197876,6.034967422485352 | -2.3761258125305176,14.973187446594238,2.4600707547506317e-05 | 0,0
7700 | 256.6666800528765 | 136.44383239746094,196.13380432128906,0.2065785974264145 | 0.5363874435424805,-1.7631772756576538,-5.187123861105647e-06 | 163.1 | 0.31125426292419434,0.1886029690504074,11.308028221130371 | 2.6048548221588135,-3.170231342315674,2.917756137321703e-05 | 0,0
7710 | 257.0000134035945 | 136.66490173339844,195.36770629882812,0.2069769650697708 | 1.1252058744430542,-2.7035763263702393,-2.193085265389527e-06 | 157.4 | 0.007097329944372177,0.10643593221902847,19.32027244567871 | 2.612060070037842,-2.1613881587982178,-1.2014288586215116e-05 | 0,0
7720 | 257.3333467543125 | 136.97659301757812,194.6336212158203,0.2058969885110855 | 0.6946681141853333,-0.99944669008255,9.420731657883152e-06 | 145.2 | -0.4122273027896881,-0.4435243308544159,12.765439987182617 | -4.679680347442627,9.617551803588867,2.688912718440406e-05 | 0,0
7730 | 257.66668010503054 | 136.99057006835938,194.6094512939453,0.2059660255908966 | -3.3295385946985334e-05,0.0001145754722529091,-2.2502961201098515e-06 | 0 | 0.25659433007240295,0.1729103922843933,-0.0005246222135610878 | 0.0001538030046503991,-0.00017336044402327389,2.2312258806778118e-05 | 0,0
7740 | 258.00001345574856 | 137.08314514160156,194.45025634765625,0.2068653404712677 | 0.74428790807724,-1.0510777235031128,-7.723474482190795e-06 | 144.7 | 0.16972839832305908,0.18690520524978638,11.263154029846191 | 2.574993848800659,-3.6255757808685303,-3.947554068872705e-05 | 0,0
7750 | 258.3333468064666 | 137.42823791503906,193.9405059814453,0.20702426135540009 | 1.645495891571045,-1.7701035737991333,3.432655262258777e-07 | 137.1 | -0.04771046340465546,0.07541273534297943,23.652118682861328 | 2.948312520980835,-1.4802109003067017,1.1442178902143496e-06 | 0,0
7760 | 258.6666801571846 | 138.0590362548828,193.27040100097656,0.2067740559577942 | 2.479536294937134,-1.6611756086349487,4.500592240219703e-06 | 123.8 | -0.14346912503242493,-0.29663825035095215,34.661529541015625 | -2.684669256210327,2.1407387256622314,0.00011671026004478335 | 0,0
7770 | 259.0000135079026 | 138.60928344726562,192.89622497558594,0.20614100992679596 | 1.9312078952789307,-0.8374620079994202,2.288436888875367e-07 | 113.4 | 0.06702882796525955,0.3140559792518616,25.77775764465332 | 3.104109525680542,-0.3656780421733856,5.20619323651772e-05 | 0,0
7780 | 259.33334685862064 | 139.3568572998047,192.50949096679688,0.20677784085273743 | 2.8787004947662354,-1.0695650577545166,-2.8414758617145708e-06 | 110.4 | 0.18541786074638367,-0.043633729219436646,27.99428939819336 | 0.9742497801780701,-2.750190258026123,2.460069299559109e-05 | 0,0
7790 | 259.66668020933867 | 140.029296875,192.24232482910156,0.2060212343931198 | 1.7612109184265137,-0.5157771706581116,3.2228817872237414e-06 | 106.3 | 0.14110161364078522,0.14491106569766998,13.72899055480957 | 2.8819797039031982,-2.284287929534912,-3.4326552849961445e-05 | 0,0
7800 | 260.0000135600567 | 140.77215576171875,192.00482177734375,0.20677787065505981 | 2.8157756328582764,-0.6200296878814697,-4.9964205572905485e-06 | 102.4 | 0.04798220843076706,0.13616985082626343,19.027145385742188 | 2.8656933307647705,-1.5531455278396606,-4.8629277443978935e-05 | 0,0
7810 | 260.3333469107747 | 141.62496948242188,191.8065643310547,0.20607928931713104 | 1.717539668083191,-0.2280179113149643,7.017873031145427e-06 | 97.6 | 0.028846748173236847,-0.4598062336444855,10.715468406677246 | -6.15480375289917,1.351349115371704,-1.144218367699068e-05 | 0,0
7820 | 260.66668026149273 | 142.30874633789062,191.68194580078125,0.206629678606987 | 2.5881733894348145,-0.29196369647979736,-5.28247483089217e-06 | 96.4 | -0.023033522069454193,0.2303970754146576,12.360794067382812 | 3.129908800125122,0.251253217458725,1.8307513528270647e-05 | 0,0
7830 | 261.00001361221075 | 143.26539611816406,191.55252075195312,0.20655815303325653 | 2.507611036300659,-0.18798664212226868,4.443381385499379e-06 | 94.3 | 0.06839187443256378,-0.5009078979492188,9.70382308959961 | -8.248307228088379,0.21703405678272247,7.094153261277825e-05 | 0,0
7840 | 261.3333469629288 | 143.54891967773438,191.52346801757812,0.20549720525741577 | -9.017522825160995e-05,0.00012124278146075085,-1.3349215066682518e-07 | 0 | -0.003513828618451953,0.28935039043426514,-0.00010206763545284048 | -0.0009023530874401331,0.0022358933929353952,-5.20619323651772e-05 | 0,0
7850 | 261.6666803136468 | 143.7203369140625,191.5069122314453,0.20671428740024567 | 1.2210536003112793,-0.07287399470806122,-7.075083885865752e-06 | 93.4 | -0.02505345642566681,0.355077862739563,3.925130605697632 | 5.623132705688477,-0.3479137718677521,-6.8653021116915625e-06 | 0,0
7860 | 262.0000136643648 | 144.35816955566406,191.4546661376953,0.20710715651512146 | 2.4756808280944824,-0.11707271635532379,-3.0512492799061874e-07 | 92.7 | -0.001881311764009297,0.010544720105826855,6.52251672744751 | 3.2235000133514404,-0.17456015944480896,4.119186269235797e-05 | 0,0
7870 | 262.33334701508284 | 145.3213653564453,191.39938354492188,0.20682254433631897 | 2.7749733924865723,-0.0635489821434021,5.339686140359845e-06 | 91.3 | 0.025485863909125328,-0.4384191632270813,6.017483711242676 | -6.459366798400879,0.3865051865577698,2.97496826533461e-05 | 0,0
7880 | 262.66668036580086 | 145.90316772460938,191.3782958984375,0.20613296329975128 | 1.7860348224639893,-0.023759881034493446,-1.6972574030660326e-06 | 90.8 | -0.023720042780041695,0.36686164140701294,3.15285587310791 | 3.866060733795166,0.19971056282520294,-4.748506398755126e-05 | 0,0
7890 | 263.0000137165189 | 146.6949005126953,191.3588409423828,0.20690307021141052 | 2.888016700744629,-0.015676816925406456,-2.326577487110626e-06 | 90.3 | -0.0021017941180616617,0.10483133792877197,3.959223985671997 | 3.084733247756958,-0.18115641176700592,7.66626326367259e-05 | 0,0
7900 | 263.3333470672369 | 147.50820922851562,191.34970092773438,0.20599974691867828 | 1.5651317834854126,0.006547179538756609,6.82717018207768e-06 | 89.8 | 0.023190828040242195,-0.22421327233314514,1.8611146211624146 | -1.7022727727890015,-0.03927261009812355,-4.176394941168837e-05 | 0,0
7910 | 263.6666804179549 | 148.21629333496094,191.34803771972656,0.2067195475101471 | 2.627128839492798,0.02990323305130005,-3.165670932503417e-06 | 89.3 | -0.025414692237973213,0.18923528492450714,2.4539694786071777 | 3.0894038677215576,0.3219284415245056,6.865315754112089e-06 | 0,0
7920 | 264.00001376867294 | 149.14935302734375,191.35374450683594,0.20640486478805542 | 2.1357131004333496,0.03697581589221954,7.952317901072092e-06 | 89.0 | 0.03546780347824097,-0.5350641012191772,1.6475099325180054 | -8.809088706970215,-0.15571630001068115,8.924902067519724e-05 | 0,0
7930 | 264.33334711939096 | 149.78936767578125,191.36122131347656,0.20649653673171997 | 2.342416524887085,0.047986868768930435,-4.023834662802983e-06 | 88.8 | -0.018243912607431412,0.27136898040771484,1.3768972158432007 | 3.1425187587738037,0.12134022265672684,-4.17639639636036e-05 | 0,0
7940 | 264.666680470109 | 150.7428741455078,191.37612915039062,0.2069179117679596 | 3.17641282081604,0.06913755089044571,-4.386170644465892e-07 | 88.8 | 0.0030320403166115284,-0.09212052077054977,1.22779381275177 | -0.9937333464622498,-0.03831848129630089,4.061975050717592e-05 | 0,0
7950 | 265.000013820827 | 151.33457946777344,191.3879852294922,0.20540885627269745 | 0.1948041319847107,0.005038694012910128,6.121568731032312e-06 | 0 | 0.01881866343319416,-0.2110310196876526,0.12269271165132523 | -0.6416670680046082,-0.03895410895347595,2.688912718440406e-05 | 0,0
7960 | 265.33334717154503 | 151.78207397460938,191.39720153808594,0.2067732959985733 | 2.024723768234253,0.047240570187568665,-6.903451321704779e-06 | 88.7 | -0.0080937584862113,0.22865839302539825,0.5220351219177246 | 3.5061118602752686,-0.0035461036022752523,1.6591160601819865e-05 | 0,0
7970 | 265.66668052226305 | 152.6459503173828,191.41661071777344,0.20705565810203552 | 3.0848541259765625,0.07846008241176605,6.865310524517554e-07 | 88.5 | 0.0009165416704490781,0.02061597816646099,0.644461452960968 | 3.0274412631988525,0.02373128943145275,5.606669947155751e-05 | 0,0
7980 | 266.00001387298107 | 153.5118865966797,191.43724060058594,0.20593592524528503 | 1.400888204574585,0.0357837975025177,5.892725312151015e-06 | 88.5 | 0.02189026214182377,-0.4768068790435791,0.6790955662727356 | -8.739058494567871,-0.22037598490715027,-9.268168651033193e-05 | 0,0
7990 | 266.3333472236991 | 153.83090209960938,191.44532775878906,0.20648227632045746 | 1.6751766204833984,0.0430314727127552,-7.532771178375697e-06 | 88.5 | -0.021975193172693253,0.40258878469467163,0.21951252222061157 | 4.046433925628662,0.11005471646785736,-1.7163255279228906e-06 | 0,0
8000 | 266.6666805744171 | 154.59165954589844,191.4639434814453,0.20702670514583588 | 2.795179605484009,0.07108686864376068,-1.9642416191345546e-06 | 88.5 | -0.001880637719295919,0.046642936766147614,0.2151414155960083 | 3.1061694622039795,0.07959700375795364,-5.148980108060641e-06 | 0,0
8010 | 267.00001392513514 | 155.52200317382812,191.48733520507812,0.20627368986606598 | 1.9078859090805054,0.04842384532094002,8.314654223795515e-06 | 88.5 | 0.02621118351817131,-0.5647916793823242,0.18025897443294525 | -8.89468002319336,-0.23802345991134644,-4.061973231728189e-05 | 0,0
8020 | 267.33334727585316 | 155.9837188720703,191.4993896484375,0.20593105256557465 | 0.44239240884780884,0.013372780755162239,-8.390935590796289e-07 | 0 | 0.01932525634765625,-0.5281587839126587,-0.3191143274307251 | -20.23086166381836,-0.4877900779247284,-3.318233575555496e-05 | 0,0
8030 | 267.6666806265712 | 155.98574829101562,191.49948120117188,0.20617736876010895 | -8.584267197875306e-05,2.74545654974645e-05,-1.0870074902413762e-06 | 0 | -0.01024076621979475,0.20689161121845245,-3.963744802604197e-06 | 0.00023035454796627164,-4.447483297553845e-05,4.576873834594153e-05 | 0,0
8040 | 268.0000139772892 | 155.9855499267578,191.4994659423828,0.2065238505601883 | 0.0,0.0,0.0 | 0 | 0.0,0.0,0.0 | 0.0007552041788585484,-0.00022736654500477016,2.688913264137227e-05 | 0,0
8050 | 268.3333473280072 | 155.98548889160156,191.4994659423828,0.20660598576068878 | -6.3317656895378605e-06,-4.930809609504649e-07,-6.674607675449806e-07 | 0 | -0.0006814536172896624,0.014714806340634823,3.9266495832634973e-07 | 2.71207627520198e-05,1.6630569916742388e-06,1.1442186860222137e-06 | 0,0
8060 | 268.66668067872524 | 155.98548889160156,191.4994659423828,0.20662665367126465 | -1.8419555090076756e-06,-1.3105712071137532e-07,8.96304470643372e-07 | 0 | -0.00016813678666949272,0.004278112668544054,2.9625496722474054e-08 | 6.467223101935815e-06,1.2522189081209945e-06,1.3158512047084514e-05 | 0,0
8070 | 269.00001402944326 | 155.9854736328125,191.4994659423828,0.20663203299045563 | -4.947513616571086e-07,-4.530742714337066e-08,-7.628122489222733e-07 | 0 | -3.3649776014499366e-05,0.0011526624439284205,-1.9290006036953855e-08 | 9.154336453320866e-07,-1.5305697331768897e-07,-5.721084903598239e-07 | 0,0
8080 | 269.3333473801613 | 155.9854736328125,191.4994659423828,0.20663447678089142 | -1.0745657874622339e-07,1.0991878518495923e-08,4.0047643778962083e-07 | 0 | 7.642595846846234e-06,0.0002499725087545812,-5.236615052695015e-08 | -2.2165905022575316e-07,3.927310388007754e-07,2.0595929527189583e-05 | 0,0
8090 | 269.6666807308793 | 155.9854736328125,191.4994659423828,0.2066355049610138 | 0.0,0.0,0.0 | 0 | 0.0,0.0,0.0 | 1.2855454087912221e-06,2.2721756920418557e-07,2.8605456918739947e-06 | 0,0
8100 | 270.0000140815973 | 155.9854736328125,191.4994659423828,0.2066355049610138 | -1.5444367562622574e-08,1.8313960348237401e-09,1.907030799941367e-08 | 0 | 4.232408173265867e-06,3.7034213164588436e-05,-1.6013359527278226e-08 | 8.986037691727233e-09,8.532915103387495e-07,-4.576873379846802e-06 | 0,0
8110 | 270.33334743231535 | 155.9854736328125,191.4994659423828,0.2066355049610138 | -7.103257093632465e-09,1.1503891172992553e-08,-5.14898317760526e-07 | 0 | -4.368726251868793e-07,1.3921620848122984e-05,-4.947391385456967e-09 | 8.300312970277446e-08,2.0624601404506393e-07,-5.72109183849534e-06 | 0,0
8120 | 270.66668078303337 | 155.9854736328125,191.4994659423828,0.2066355049610138 | 3.1619042939468045e-09,-6.870573887596265e-09,-3.2419524131910293e-07 | 0 | -1.7802711226977408e-05,-9.396193490829319e-06,5.093384913834598e-08 | -1.628070833703532e-08,-3.676283100162436e-08,-1.1442186860222137e-06 | 0,0
8130 | 271.0000141337514 | 155.9854736328125,191.4994659423828,0.2066355049610138 | -4.797139907530834e-10,2.671769916418043e-09,-9.535153111528416e-08 | 0 | 3.274001983299968e-06,1.0493478157513891e-06,-9.828797331579153e-09 | -6.056021017997182e-09,3.8033864058206746e-08,-1.1442182312748628e-06 | 0,0
8140 | 271.3333474844694 | 155.9854736328125,191.4994659423828,0.2066355049610138 | 0.0,0.0,0.0 | 0 | 0.0,0.0,0.0 | -3.85355036769397e-08,6.433168664443656e-08,1.3158511137589812e-05 | 0,0
8150 | 271.66668083518744 | 155.9854736328125,191.4994659423828,0.2066355049610138 | 5.935599789452795e-10,-5.906060085436593e-10,-3.8140612446113664e-07 | 0 | -7.341797925164428e-08,-1.3254273198981537e-06,5.882205833529497e-10 | -6.070363767207709e-09,3.770281509218876e-08,-1.1442178902143496e-06 | 0,0
8160 | 272.00001418590546 | 155.9854736328125,191.4994659423828,0.2066355049610138 | -1.1597425277065643e-11,-5.131383651324484e-10,-3.0512492799061874e-07 | 0 | -1.2833183973270934e-06,-4.436339295921243e-08,3.596361430879824e-09 | 1.500445634405878e-08,-5.48904885988577e-08,-1.1442186860222137e-06 | 0,0
8170 | 272.3333475366235 | 155.9854736328125,191.4994659423828,0.2066355049610138 | 1.189177506466521e-10,2.9520119682047152e-09,-1.9070306223056832e-07 | 0 | 2.4339010451512877e-06,-4.901099259768671e-07,-7.558390358042288e-09 | 5.548965731350108e-09,1.0147715556740877e-08,-1.1442178902143496e-06 | 0,0
8180 | 272.6666808873415 | 155.9854736328125,191.4994659423828,0.2066355049610138 | -4.797139907530834e-10,2.671769916418043e-09,-9.535153111528416e-08 | 0 | 3.274001983299968e-06,1.0493478157513891e-06,-9.828791114330215e-09 | -6.0560219061756015e-09,3.8033864058206746e-08,-1.1442182312748628e-06 | 0,0
8190 | 273.0000142380595 | 155.9854736328125,191.4994659423828,0.2066355049610138 | 0.0,0.0,0.0 | 0 | 0.0,0.0,0.0 | -1.4695470618164563e-08,-3.1239512310321516e-08,1.3158511137589812e-05 | 0,0
8200 | 273.33334758877754 | 155.9854736328125,191.4994659423828,0.2066355049610138 | -2.795447207049051e-10,6.321204670811653e-11,-4.0047643778962083e-07 | 0 | 2.5940400405488617e-07,6.531315079882916e-07,-7.790769696036648e-10 | 5.522180046568792e-09,-2.6039746359174387e-08,-1.1442178902143496e-06 | 0,0
8210 | 273.66668093949556 | 155.9854736328125,191.4994659423828,0.2066355049610138 | 1.0691491025838218e-09,-1.5260698260632921e-09,-2.8605461466213455e-07 | 0 | -1.1487782103358768e-06,-2.4024254798860056e-06,3.918741331432329e-09 | 3.362113698557323e-09,-2.710357271951125e-08,-1.1442186860222137e-06 | 0,0
8220 | 274.0000142902136 | 155.9854736328125,191.4994659423828,0.2066355049610138 | -5.578373266784675e-12,1.6272053704469158e-09,-1.9070306223056832e-07 | 0 | 1.2800201147911139e-06,-1.099369981716336e-07,-4.0210692553444005e-09 | 3.343005386402531e-11,2.649618480177196e-08,-1.1442178902143496e-06 | 0,0
8230 | 274.3333476409316 | 155.9854736328125,191.4994659423828,0.2066355049610138 | -1.3712502244800362e-09,2.291412171118168e-09,-9.535153111528416e-08 | 0 | 4.1546104512235615e-06,3.3248877571168123e-06,-1.2284694150821451e-08 | -1.8877396712468908e-07,1.5626265792434424e-07,2.8605456918739947e-06 | 0,0
8240 | 274.6666809916496 | 155.9854736328125,191.4994659423828,0.2066355049610138 | 0.0,0.0,0.0 | 0 | 0.0,0.0,0.0 | -6.029212329394795e-08,1.0252496451812476e-07,1.7163276424980722e-05 | 0,0
8250 | 275.00001434236765 | 155.9854736328125,191.4994659423828,0.2066355049610138 | 1.8107783050780313e-09,-4.073876347376881e-09,-5.14898317760526e-07 | 0 | -4.077814537595259e-06,-3.984144768764963e-06,1.2832860107891975e-08 | 2.3945471383512995e-08,-3.1487661544815637e-07,-1.1442186860222137e-06 | 0,0
8260 | 275.33334769308567 | 155.9854736328125,191.4994659423828,0.2066355049610138 | -1.0329689187349445e-10,-2.414552724427921e-10,-3.0512492799061874e-07 | 0 | -1.0046437637356576e-06,1.5882756088103633e-07,2.7284876580324635e-09 | 1.5006522247063003e-08,-5.489400578539971e-08,-1.1442186860222137e-06 | 0,0
8270 | 275.6666810438037 | 155.9854736328125,191.4994659423828,0.2066355049610138 | 1.9140077023305224e-10,2.320292180613137e-09,-1.9070306223056832e-07 | 0 | 1.6742704929129104e-06,-6.366299203364179e-07,-5.286373561119717e-09 | 1.3226519435249884e-08,-2.5106155376874995e-08,-1.1442178902143496e-06 | 0,0
8280 | 276.0000143945217 | 155.9854736328125,191.4994659423828,0.2066355049610138 | 2.37861008667295e-10,-1.5452658597148172e-10,-9.535153111528416e-08 | 0 | -6.785808182030451e-07,-6.087649921937555e-07,1.917975112064596e-09 | 9.375043852344334e-09,-3.518644220434908e-08,-1.1442182312748628e-06 | 0,0
8290 | 276.33334774523973 | 155.9854736328125,191.4994659423828,0.2066355049610138 | 0.0,0.0,0.0 | 0 | 0.0,0.0,0.0 | -1.4773926082511935e-08,-2.8241407434848043e-08,1.3158511137589812e-05 | 0,0
8300 | 276.66668109595776 | 155.9854736328125,191.4994659423828,0.2066355049610138 | -8.720508690163165e-12,1.8364866294362514e-09,-3.8140612446113664e-07 | 0 | 1.3884556437915307e-06,-1.1453979453790453e-07,-4.395676711510532e-09 | 7.790338152346976e-09,-1.150372064273597e-08,-1.1442178902143496e-06 | 0,0
8310 | 277.0000144466758 | 155.9854736328125,191.4994659423828,0.2066355049610138 | 3.216908406322716e-10,7.455834560854413e-11,-2.8605461466213455e-07 | 0 | 6.059173074390856e-07,-7.172037044256285e-07,-1.5413604836922445e-09 | -5.968826766178381e-09,3.4641736590401706e-08,-1.1442186860222137e-06 | 0,0
8320 | 277.3333477973938 | 155.9854736328125,191.4994659423828,0.2066355049610138 | 5.098592104069155e-10,-8.155445208046785e-10,-1.9070306223056832e-07 | 0 | -1.3566437928602681e-06,-1.2175141819170676e-06,4.042194579056968e-09 | 9.473769324586101e-09,-3.8600255436449515e-08,-1.1442178902143496e-06 | 0,0
8330 | 277.6666811481118 | 155.9854736328125,191.4994659423828,0.2066355049610138 | 2.9635754961176985e-10,-1.1469865057733841e-09,-9.535153111528416e-08 | 0 | -6.734942417097045e-07,-6.074295129110396e-07,2.315316161016767e-09 | -4.3011252337521455e-09,8.260065520460103e-09,-1.1442182312748628e-06 | 0,0
8340 | 278.00001449882984 | 155.9854736328125,191.4994659423828,0.2066355049610138 | 0.0,0.0,0.0 | 0 | 0.0,0.0,0.0 | 1.1032740054872647e-08,-4.718630108868638e-08,1.258640259038657e-05 | 0,0
8350 | 278.33334784954786 | 155.9854736328125,191.4994659423828,0.2066355049610138 | -6.477487990430575e-11,-3.308081586439471e-10,-3.623358395543619e-07 | 0 | 1.747231834769991e-07,2.0358325514280295e-07,-3.42167072453492e-10 | -6.054608370220649e-09,3.770032463989992e-08,-1.1442178902143496e-06 | 0,0
8360 | 278.6666812002659 | 155.9854736328125,191.4994659423828,0.2066355049610138 | 1.2193811238514485e-10,-1.1889964568467803e-09,-2.6698430133365036e-07 | 0 | -1.787692895049986e-06,-2.942422838714265e-07,5.222545951255597e-09 | 5.003572667305889e-09,-5.503141764506836e-08,-5.721093430111068e-07 | 0,0
8370 | 279.0000145509839 | 155.9854736328125,191.4994659423828,0.2066355049610138 | -2.0878448969696706e-10,2.0128256839058167e-09,-1.9070306223056832e-07 | 0 | 2.599666231617448e-06,4.4303928348199406e-07,-7.71530128673703e-09 | -6.062753410418509e-09,3.806479398349438e-08,-1.1442178902143496e-06 | 0,0
8380 | 279.3333479017019 | 155.9854736328125,191.4994659423828,0.2066355049610138 | 2.9635752185619424e-10,-1.1469865057733841e-09,-9.535153111528416e-08 | 0 | -6.734942417097045e-07,-6.074295129110396e-07,2.315316383061372e-09 | -4.301123457395306e-09,8.260065520460103e-09,-1.1442182312748628e-06 | 0,0
8390 | 279.66668125241995 | 155.9854736328125,191.4994659423828,0.2066355049610138 | 0.0,0.0,0.0 | 0 | 0.0,0.0,0.0 | 1.1032738278515808e-08,-4.71862975359727e-08,1.258640259038657e-05 | 0,0
8400 | 280.00001460313797 | 155.9854736328125,191.4994659423828,0.2066355049610138 | 3.087363142917354e-10,-4.230324146536901e-10,-3.8140612446113664e-07 | 0 | 7.733397922038421e-08,-6.664619149887585e-07,4.792692978594637e-11 | -4.301152323193946e-09,8.222411196356916e-09,-1.1442178902143496e-06 | 0,0
8410 | 280.333347953856 | 155.9854736328125,191.4994659423828,0.2066355049610138 | 3.2150335171898803e-10,8.478643481746317e-11,-2.8605461466213455e-07 | 0 | 6.055735752852343e-07,-7.173985068220645e-07,-1.5454377777501804e-09 | -4.3971479790627654e-09,1.127074700235653e-08,-1.1442186860222137e-06 | 0,0
8420 | 280.666681304574 | 155.9854736328125,191.4994659423828,0.2066355049610138 | -1.2838694551930985e-09,3.273641357992574e-09,-2.0977338976990723e-07 | 0 | 3.872056367981713e-06,2.9052100671833614e-06,-1.1857310688867528e-08 | -6.037606858910749e-09,3.8053205031474135e-08,-1.1442186860222137e-06 | 0,0
8430 | 281.00001465529203 | 155.9854736328125,191.4994659423828,0.2066355049610138 | 2.2003181221474932e-10,2.5033586315004186e-10,-9.535153111528416e-08 | 0 | 5.628966732729168e-07,-5.206466084928252e-07,-1.5198814429240315e-09 | -5.434231953316271e-10,2.1396079574742544e-08,-1.1442182312748628e-06 | 0,0
8440 | 281.33334800601006 | 155.9854736328125,191.4994659423828,0.2066355049610138 | 0.0,0.0,0.0 | 0 | 0.0,0.0,0.0 | -2.11181561127205e-08,-4.837867706442012e-08,1.3158511137589812e-05 | 0,0
8450 | 281.6666813567281 | 155.9854736328125,191.4994659423828,0.2066355049610138 | 2.138709764842872e-10,6.954145592708016e-10,-3.8140612446113664e-07 | 0 | 8.828757245282759e-07,-4.4774748175768764e-07,-2.5734068209715133e-09 | -2.556825307031829e-10,-2.6773040673333526e-08,-1.1442178902143496e-06 | 0,0
8460 | 282.0000147074461 | 155.9854736328125,191.4994659423828,0.2066355049610138 | -1.6432989691228528e-10,-8.585012145623239e-10,-3.0512492799061874e-07 | 0 | -1.42123019486462e-06,3.6118402135798533e-07,4.054108160289616e-09 | 9.384605981210825e-09,-3.515195245995528e-08,-1.1442186860222137e-06 | 0,0
8470 | 282.3333480581641 | 155.9854736328125,191.4994659423828,0.2066355049610138 | 4.3319373088657187e-10,7.846677196887697e-10,-1.9070306223056832e-07 | 0 | 1.1222094826734974e-06,-1.0414451026008464e-06,-3.1539095779464787e-09 | -4.539168763084689e-10,1.8347812158481247e-08,-1.1442178902143496e-06 | 0,0
8480 | 282.66668140888214 | 155.9854736328125,191.4994659423828,0.2066355049610138 | 2.9635757736734547e-10,-1.1469862837287792e-09,-9.535153111528416e-08 | 0 | -6.734942417097045e-07,-6.074295129110396e-07,2.315319935775051e-09 | -4.301121681038467e-09,8.26007173770904e-09,-1.1442182312748628e-06 | 0,0
8490 | 283.00001475960016 | 155.9854736328125,191.4994659423828,0.2066355049610138 | 0.0,0.0,0.0 | 0 | 0.0,0.0,0.0 | 1.0619730872463151e-08,-5.507560985051896e-08,1.3158511137589812e-05 | 0,0
8500 | 283.3333481103182 | 155.9854736328125,191.4994659423828,0.2066355049610138 | 2.720798586430817e-10,-5.574444794653743e-10,-4.0047643778962083e-07 | 0 | -1.3201466799728223e-06,-7.060270945657976e-07,3.785264102162955e-09 | 1.499885726730099e-08,-5.49364571611477e-08,-1.1442178902143496e-06 | 0,0
8510 | 283.6666814610362 | 155.9854736328125,191.4994659423828,0.2066355049610138 | 9.02209917885699e-10,-5.218444565358027e-10,-2.8605461466213455e-07 | 0 | -1.1187122339606503e-07,-2.0536679130600533e-06,7.378176403172176e-10 | 3.283636473838669e-09,-2.432958012832387e-08,-1.1442186860222137e-06 | 0,0
8520 | 284.0000148117542 | 155.9854736328125,191.4994659423828,0.2066355049610138 | 3.060100783880415e-10,-4.279891163694316e-10,-1.9070306223056832e-07 | 0 | -3.4827007056037473e-08,-6.631121323152911e-07,3.4131120152380845e-10 | 3.3674827371044103e-09,-2.6639197514555235e-08,-1.1442178902143496e-06 | 0,0
8530 | 284.33334816247225 | 155.9854736328125,191.4994659423828,0.2066355049610138 | -7.792607115142403e-10,5.3091395862958635e-11,-1.1442184444376835e-07 | 0 | 6.002753139000561e-07,1.859612552834733e-06,-1.7965632315153357e-09 | -8.2406428347781e-09,1.458525815678513e-07,-1.1442183449617005e-06 | 0,0
8540 | 284.66668151319027 | 155.9854736328125,191.4994659423828,0.2066355049610138 | 0.0,0.0,0.0 | 0 | 0.0,0.0,0.0 | -2.7893124254774193e-08,9.093843544860647e-08,1.3730620594287757e-05 | 0,0
8550 | 285.0000148639083 | 155.9854736328125,191.4994659423828,0.2066355049610138 | 1.0083707202568348e-09,-2.9002678036960106e-10,-3.8140612446113664e-07 | 0 | 2.500663924820401e-07,-2.3081563540472416e-06,-2.7747232289598855e-10 | -5.985248741069427e-09,3.464472442260558e-08,-1.1442178902143496e-06 | 0,0
8560 | 285.3333482146263 | 155.9854736328125,191.4994659423828,0.2066355049610138 | 6.3288700669073e-11,1.3492102990397825e-09,-2.8605461466213455e-07 | 0 | 1.920494014484575e-06,-1.6574999506246968e-07,-5.586908713439698e-09 | -6.067838231871292e-09,3.802823300702585e-08,-1.1442186860222137e-06 | 0,0
8570 | 285.66668156534433 | 155.9854736328125,191.4994659423828,0.2066355049610138 | -1.7775976524081472e-10,-1.476022637447727e-09,-2.0977338976990723e-07 | 0 | -2.0633729036489967e-06,4.182265058716439e-07,5.991688478701462e-09 | 9.48982670223586e-09,-3.855151220477637e-08,-1.1442186860222137e-06 | 0,0
8580 | 286.00001491606236 | 155.9854736328125,191.4994659423828,0.2066355049610138 | 2.2003181221474932e-10,2.503358909056175e-10,-9.535153111528416e-08 | 0 | 5.628966732729168e-07,-5.206466084928252e-07,-1.5198814429240315e-09 | -5.434231953316271e-10,2.1396079574742544e-08,-1.1442182312748628e-06 | 0,0
8590 | 286.3333482667804 | 155.9854736328125,191.4994659423828,0.2066355049610138 | 0.0,0.0,0.0 | 0 | 0.0,0.0,0.0 | -7.85643283762738e-09,-1.0299716990402885e-07,1.3158511137589812e-05 | 0,0
8600 | 286.6666816174984 | 155.9854736328125,191.4994659423828,0.2066355049610138 | 2.6803673863762256e-11,1.1742036232220698e-09,-3.623358395543619e-07 | 0 | 5.256551389720698e-07,-1.2010902139536483e-07,-1.8667243306680348e-09 | -5.837194283486724e-09,-1.2509222990786384e-08,-5.721093430111068e-07 | 0,0
8610 | 287.0000149682164 | 155.9854736328125,191.4994659423828,0.2066355049610138 | 2.970564072501958e-10,-1.0399928696003258e-09,-2.8605461466213455e-07 | 0 | -5.62574371087976e-07,-6.135093713055539e-07,1.9800501238620427e-09 | -4.300662936884692e-09,8.235418569313424e-09,-1.1442186860222137e-06 | 0,0
8620 | 287.33334831893444 | 155.9854736328125,191.4994659423828,0.2066355049610138 | -5.578373266784675e-12,1.6272053704469158e-09,-1.9070306223056832e-07 | 0 | 1.2800201147911139e-06,-1.099369981716336e-07,-4.021067478987561e-09 | 3.343005386402531e-11,2.649618835448564e-08,-1.1442178902143496e-06 | 0,0
8630 | 287.66668166965246 | 155.9854736328125,191.4994659423828,0.2066355049610138 | -7.792606004919378e-10,5.3091326474019596e-11,-1.1442184444376835e-07 | 0 | 6.002753139000561e-07,1.859612552834733e-06,-1.7965642307160579e-09 | -8.240639282064421e-09,1.458526668329796e-07,-1.1442183449617005e-06 | 0,0
8640 | 288.0000150203705 | 155.9854736328125,191.4994659423828,0.2066355049610138 | 0.0,0.0,0.0 | 0 | 0.0,0.0,0.0 | -2.7893122478417354e-08,9.093842834317911e-08,1.3730620594287757e-05 | 0,0
8650 | 288.3333483710885 | 155.9854736328125,191.4994659423828,0.2066355049610138 | 1.1002484479050167e-09,-5.513725032102457e-10,-3.8140612446113664e-07 | 0 | -3.025465744599387e-08,-2.5124270450760378e-06,5.896352295309271e-10 | -4.32045377252166e-09,8.228762560236191e-09,-1.1442178902143496e-06 | 0,0
8660 | 288.6666817218065 | 155.9854736328125,191.4994659423828,0.2066355049610138 | 3.2199837241009277e-10,7.227718423763463e-11,-2.8605461466213455e-07 | 0 | 6.049909870853298e-07,-7.178035730248666e-07,-1.5377454865017626e-09 | -6.064197144439731e-09,3.769403633668844e-08,-1.1442186860222137e-06 | 0,0
8670 | 289.00001507252455 | 155.9854736328125,191.4994659423828,0.2066355049610138 | -1.2838692331484935e-09,3.273641357992574e-09,-2.0977338976990723e-07 | 0 | 3.872056367981713e-06,2.9052100671833614e-06,-1.185730713615385e-08 | -6.037600197572601e-09,3.8053205031474135e-08,-1.1442186860222137e-06 | 0,0
8680 | 289.33334842324257 | 155.9854736328125,191.4994659423828,0.2066355049610138 | 2.2003181221474932e-10,2.503359186611931e-10,-9.535153111528416e-08 | 0 | 5.628966732729168e-07,-5.206466084928252e-07,-1.5198804437233093e-09 | -5.434231953316271e-10,2.1396081351099383e-08,-1.1442182312748628e-06 | 0,0
8690 | 289.6666817739606 | 155.9854736328125,191.4994659423828,0.2066355049610138 | 0.0,0.0,0.0 | 0 | 0.0,0.0,0.0 | -2.11181561127205e-08,-4.837867706442012e-08,1.3158511137589812e-05 | 0,0
8700 | 290.0000151246786 | 155.9854736328125,191.4994659423828,0.2066355049610138 | 5.935599789452795e-10,-5.906061195659618e-10,-3.8140612446113664e-07 | 0 | -7.341797925164428e-08,-1.3254273198981537e-06,5.882188625072615e-10 | -6.07036199085087e-09,3.770281153947508e-08,-1.1442178902143496e-06 | 0,0
8710 | 290.33334847539663 | 155.9854736328125,191.4994659423828,0.2066355049610138 | -1.4175846052566499e-09,5.724679397189902e-09,-3.0512492799061874e-07 | 0 | 5.2616123866755515e-06,2.9885304684285074e-06,-1.652900394333301e-08 | 5.037040562427819e-09,1.6488701959360696e-08,-1.1442186860222137e-06 | 0,0
8720 | 290.66668182611465 | 155.9854736328125,191.4994659423828,0.2066355049610138 | 9.505013442989707e-10,-2.442249069645186e-09,-1.9070306223056832e-07 | 0 | -1.981517243621056e-06,-2.083359049720457e-06,6.456472689819748e-09 | -6.0615041874712006e-09,3.7344584313814266e-08,-1.1442178902143496e-06 | 0,0
8730 | 291.0000151768327 | 155.9854736328125,191.4994659423828,0.2066355049610138 | 5.521382240303296e-10,-2.3218720279771787e-09,-9.535153111528416e-08 | 0 | -1.9902706753782695e-06,-1.1601035794228665e-06,6.322445234019369e-09 | 3.3722946657377406e-09,-2.6986498369296896e-08,-1.1442182312748628e-06 | 0,0
8740 | 291.3333485275507 | 155.9854736328125,191.4994659423828,0.2066355049610138 | 0.0,0.0,0.0 | 0 | 0.0,0.0,0.0 | -1.467166832469502e-08,-3.0990360500027236e-08,1.3158511137589812e-05 | 0,0
8750 | 291.6666818782687 | 155.9854736328125,191.4994659423828,0.2066355049610138 | -2.590820669112759e-09,-3.445497887000215e-09,-3.8140612446113664e-07 | 0 | 9.148780009127222e-06,8.786364560364746e-06,-2.3899795920101496e-08 | -1.8162137394028832e-07,1.1476139150090603e-07,2.860546828742372e-06 | 0,0
8760 | 292.00001522898674 | 155.9854736328125,191.4994659423828,0.2066355049610138 | 2.622358163950622e-10,1.0809978467918313e-09,-2.8605461466213455e-07 | 0 | 6.029448513800162e-07,-7.171118454607495e-07,-1.951145245371322e-09 | 9.373279930002809e-09,-3.518238500532789e-08,-1.1442186860222137e-06 | 0,0
8770 | 292.33334857970476 | 155.9854736328125,191.4994659423828,0.2066355049610138 | 3.094057787755844e-10,-5.315249906878705e-10,-1.9070306223056832e-07 | 0 | -3.510477242230081e-08,-6.635204954363871e-07,3.881669430327861e-10 | -4.3012109429696466e-09,8.228287384781652e-09,-1.1442178902143496e-06 | 0,0
8780 | 292.6666819304228 | 155.9854736328125,191.4994659423828,0.2066355049610138 | 2.3798524262375054e-10,-1.6567024141433961e-10,-9.535153111528416e-08 | 0 | -6.779253567401611e-07,-6.083625976316398e-07,1.9217287761108537e-09 | 7.717305017251874e-09,-9.115493249112205e-09,-1.1442182312748628e-06 | 0,0
8790 | 293.0000152811408 | 155.9854736328125,191.4994659423828,0.2066355049610138 | 0.0,0.0,0.0 | 0 | 0.0,0.0,0.0 | 3.1594900029574546e-09,3.857568131593325e-08,1.1442182767495979e-05 | 0,0
8800 | 293.3333486318588 | 155.9854736328125,191.4994659423828,0.2066355049610138 | -2.0809419465361856e-10,2.1196751021079763e-09,-3.8140612446113664e-07 | 0 | 2.710447461140575e-06,4.3698548779502744e-07,-8.050164979067631e-09 | -6.06280892156974e-09,3.806319526233892e-08,-1.1442178902143496e-06 | 0,0
8810 | 293.66668198257685 | 155.9854736328125,191.4994659423828,0.2066355049610138 | 3.212877464076058e-10,8.675435370086859e-11,-2.8605461466213455e-07 | 0 | 6.061807766855054e-07,-7.170004323597823e-07,-1.548060124534345e-09 | -4.3019960926926615e-09,8.223574710086723e-09,-1.1442186860222137e-06 | 0,0
8820 | 294.00001533329487 | 155.9854736328125,191.4994659423828,0.2066355049610138 | -1.2874034061027828e-09,-1.5151476739916347e-09,-1.9070306223056832e-07 | 0 | 1.00914394352003e-05,5.546415650314884e-06,-2.6783116169326604e-08 | 2.3012473704397962e-08,-2.284734961222057e-07,-1.1442178902143496e-06 | 0,0
8830 | 294.3333486840129 | 155.9854736328125,191.4994659423828,0.2066355049610138 | -9.602784123430297e-10,5.776139566648908e-10,-1.1442184444376835e-07 | 0 | 9.929518682838534e-07,2.2580468339583604e-06,-3.09546877019784e-09 | 2.7573332062047484e-08,-1.6401310176661354e-07,-1.1442183449617005e-06 | 0,0
8840 | 294.6666820347309 | 155.9854736328125,191.4994659423828,0.2066355049610138 | 0.0,0.0,0.0 | 0 | 0.0,0.0,0.0 | -2.529637477266533e-08,1.0123267202288844e-07,1.3730620594287757e-05 | 0,0
8850 | 295.00001538544893 | 155.98641967773438,191.49948120117188,0.2066405862569809 | 0.0023952519986778498,9.588225657353178e-05,-8.581638439864037e-07 | 0 | -0.0002542113943491131,-0.013504190370440483,-0.0034877986181527376 | 0.4426618218421936,0.009920088574290276,-4.233607614878565e-05 | 0,0
8860 | 295.33334873616695 | 156.1163330078125,191.50253295898438,0.20702315866947174 | 1.175862193107605,0.029596660286188126,-4.615014404407702e-06 | 88.6 | -0.010708504356443882,0.20190700888633728,0.06185208261013031 | 4.900059223175049,0.12346911430358887,-2.0023824617965147e-05 | 0,0
8870 | 295.666682086885 | 156.7279815673828,191.51773071289062,0.20716063678264618 | 2.3691861629486084,0.05993841961026192,1.3730621049035108e-06 | 88.6 | 0.00038268897333182395,-0.0175540242344141,0.07180286943912506 | 3.2007405757904053,0.09175802767276764,3.8903424865566194e-05 | 0,0
8880 | 296.000015437603 | 157.69236755371094,191.5418701171875,0.2070515751838684 | 3.2087957859039307,0.08111392706632614,2.2502961201098515e-06 | 88.6 | 0.006567141506820917,-0.16696836054325104,0.0035221113357692957 | -0.9856938719749451,-0.02174086682498455,-2.574491736595519e-05 | 0,0
8890 | 296.333348788321 | 158.35130310058594,191.55819702148438,0.20572352409362793 | 1.10691237449646,0.027814161032438278,2.8414758617145708e-06 | 88.6 | -0.001064171316102147,0.07005303353071213,0.764298141002655 | 2.5033411979675293,0.07927636802196503,-2.3456475901184604e-05 | 0,0
8900 | 296.66668213903904 | 158.9669189453125,191.57383728027344,0.20678237080574036 | 2.4159719944000244,0.06184343993663788,-6.083428161218762e-06 | 88.5 | -0.009451420046389103,0.18799349665641785,0.03609845042228699 | 3.269662618637085,0.08723291754722595,-2.5744910089997575e-05 | 0,0
8910 | 297.00001548975706 | 159.9367218017578,191.5985107421875,0.20690563321113586 | 3.0333635807037354,0.07692261040210724,3.5470773127599386e-06 | 88.5 | 0.010265562683343887,-0.262422651052475,-0.0850449874997139 | -3.8566229343414307,-0.0935603603720665,0.00010812863911269233 | 0,0
8920 | 297.3333488404751 | 160.4292449951172,191.6102752685547,0.20545382797718048 | 0.49605661630630493,0.012735570780932903,4.786647423316026e-06 | 0 | -0.005668340716511011,0.30729514360427856,0.04255114123225212 | 10.758750915527344,0.2770213484764099,-4.6340828703250736e-05 | 0,0
8930 | 297.6666821911931 | 160.920166015625,191.62271118164062,0.20684176683425903 | 2.1057567596435547,0.05262162908911705,-5.110842266731197e-06 | 88.6 | -0.008512984961271286,0.18453778326511383,-0.052266333252191544 | 3.4106431007385254,0.07780975848436356,4.176397487754002e-05 | 0,0
8940 | 298.0000155419111 | 161.80770874023438,191.64463806152344,0.20705291628837585 | 3.1072871685028076,0.07381579279899597,1.0870074902413762e-06 | 88.6 | 0.002316838363185525,-0.03541649132966995,-0.17288339138031006 | 1.60043466091156,0.020267440006136894,1.0297964763594791e-05 | 0,0
8950 | 298.33334889262915 | 162.51422119140625,191.6610107421875,0.20584549009799957 | 1.3256292343139648,0.028874801471829414,3.2038115023169667e-06 | 88.8 | -0.0005017291405238211,0.03799132630228996,0.4567989706993103 | 2.7892074584960938,0.07485385239124298,-6.12156800343655e-05 | 0,0
8960 | 298.66668224334717 | 163.18075561523438,191.67567443847656,0.20678412914276123 | 2.5433290004730225,0.05174493044614792,-5.129912551637972e-06 | 88.8 | -0.006260775029659271,0.17755499482154846,-0.25143757462501526 | 3.203894853591919,0.05046810582280159,3.547076994436793e-05 | 0,0
8970 | 299.0000155940652 | 164.1363067626953,191.6951446533203,0.20660914480686188 | 2.4587531089782715,0.043448422104120255,7.017873031145427e-06 | 89.0 | 0.015544391237199306,-0.5021817088127136,-0.35270485281944275 | -8.31235122680664,-0.17904973030090332,0.00010698441474232823 | 0,0
8980 | 299.3333489447832 | 164.78155517578125,191.7064971923828,0.20640887320041656 | 2.2594566345214844,0.035588961094617844,-3.489866230665939e-06 | 89.1 | -0.008563059382140636,0.290517657995224,-0.31029489636421204 | 3.156165838241577,0.02080969326198101,0.0 | 0,0
8990 | 299.66668229550123 | 165.71421813964844,191.72122192382812,0.20695087313652039 | 3.276592969894409,0.04217919334769249,-1.2014294270557002e-06 | 89.3 | 0.0018064567120745778,0.07104773074388504,-0.5211661458015442 | 2.965543031692505,-0.034019794315099716,4.8057165258796886e-05 | 0,0
9000 | 300.00001564621925 | 166.9748992919922,191.7375030517578,0.2070428431034088 | 4.223315238952637,0.04319632425904274,-1.3349215066682518e-07 | 89.4 | -0.004338919185101986,0.0024132581893354654,-0.5988258719444275 | 2.6380059719085693,0.10059031844139099,-2.174014844058547e-05 | 0,0
9010 | 300.3333489969373 | 168.27073669433594,191.74945068359375,0.20604346692562103 | 2.77760910987854,0.012351948767900467,6.960662176425103e-06 | 89.7 | 0.011260763742029667,-0.49660468101501465,-0.4599042534828186 | -7.914561748504639,-0.0829230323433876,-3.6042889405507594e-05 | 0,0
9020 | 300.6666823476553 | 169.2613067626953,191.7549591064453,0.20653899013996124 | 3.3808019161224365,0.009774806909263134,-4.119186542084208e-06 | 89.8 | -0.005522245075553656,0.239049032330513,-0.5237909555435181 | 2.7610085010528564,-0.023615926504135132,5.721084903598239e-07 | 0,0
13270 | 442.3333564028144 | 98.13117218017578,191.6910858154297,0.2070412039756775 | 5.040884494781494,0.0185045525431633,0.0018173812422901392 | 89.8 | 0.0026810963172465563,0.01572207733988762,0.2444465309381485 | 0.6251048445701599,-0.007888040505349636,-0.029836632311344147 | 0,0
13280 | 442.6666897535324 | 99.81002807617188,191.69686889648438,0.20705580711364746 | 5.0178375244140625,0.01361564826220274,0.0019166040001437068 | 89.8 | 0.02670753002166748,0.003107910044491291,-0.3155406713485718 | -0.04022597894072533,-0.31006425619125366,-0.032956354320049286 | 0,0
13290 | 443.00002310425043 | 101.47643280029297,191.7043914794922,0.20625899732112885 | 5.038018703460693,0.01694304123520851,-0.0008574773091822863 | 89.8 | 0.003731134347617626,0.047293152660131454,-0.13835996389389038 | 1.590971827507019,0.10993117094039917,0.0357242152094841 | 0,0
13300 | 443.33335645496845 | 103.34477233886719,191.7130889892578,0.20753322541713715 | 5.840024471282959,0.030933331698179245,-0.0005023881676606834 | 89.7 | 0.002196921268478036,-0.09518637508153915,0.09692307561635971 | 0.48172470927238464,0.0011529027251526713,-0.0020681743044406176 | 0,0
13310 | 443.6666898056865 | 105.26785278320312,191.72267150878906,0.20711928606033325 | 5.536578178405762,0.026650169864296913,-0.0001877853210316971 | 89.7 | -0.016399269923567772,-0.13946384191513062,3.032608985900879 | -1.5614889860153198,-0.02134769968688488,0.0009725853451527655 | 0,0
13320 | 444.0000231564045 | 107.05953216552734,191.7310333251953,0.20700347423553467 | 5.234493732452393,0.020567571744322777,-3.783548891078681e-05 | 89.8 | -0.016990628093481064,-0.032641004770994186,2.7288358211517334 | -0.25101181864738464,-0.04184877127408981,0.00016877222515176982 | 0,0
13330 | 444.3333565071225 | 108.82628631591797,191.73793029785156,0.20711666345596313 | 5.326270580291748,0.017872894182801247,-6.2359904404729605e-06 | 89.8 | -0.019494496285915375,-0.022812243551015854,2.342184543609619 | 0.4783916175365448,0.00036181879113428295,4.805716889677569e-05 | 0,0
13340 | 444.66668985784054 | 110.63707733154297,191.74362182617188,0.2071572095155716 | 5.442122459411621,0.013861197046935558,-1.5065542129377718e-06 | 89.9 | -0.018952013924717903,-0.05693209171295166,2.368497371673584 | 0.15721319615840912,-0.0048003713600337505,2.231225516879931e-05 | 0,0
13350 | 445.00002320855856 | 112.46337890625,191.74810791015625,0.2071235179901123 | 5.432600975036621,0.011483103036880493,-4.576873777750734e-07 | 89.9 | -0.022488653659820557,-0.063932403922081,2.5533692836761475 | -0.12325286120176315,0.03334393352270126,-2.288436735398136e-05 | 1,5
13360 | 445.3333565592766 | 113.73444366455078,191.7487335205078,0.20444194972515106 | 0.8561835885047913,-0.0006766636506654322,-0.00035343001945875585 | 0 | 0.006744714919477701,-0.8120066523551941,-0.16218087077140808 | -20.833789825439453,0.03572623431682587,0.030685650184750557 | 1,5
13370 | 445.6666899099946 | 113.74586486816406,191.7487030029297,0.20551276206970215 | -0.00017246330389752984,5.7430104789091274e-05,0.0007298397249542177 | 0 | -0.008315647020936012,0.44326338171958923,2.0753930584760383e-05 | 0.00043778677354566753,-8.340102067450061e-05,-0.0026454331818968058 | 1,5
13380 | 446.0000232607126 | 113.74546813964844,191.7487030029297,0.20628531277179718 | -5.703283750335686e-05,1.7406176993972622e-05,0.00020174478413537145 | 0 | -0.002584523521363735,0.13653089106082916,1.3405090157903032e-06 | 0.00015382745186798275,-1.7948839740711264e-05,-0.0004817158041987568 | 1,5
13390 | 446.33335661143064 | 113.7453384399414,191.7487030029297,0.20653194189071655 | -1.4735974218638148e-05,-5.321491016729851e-07,4.798089503310621e-05 | 0 | -0.0005507188034243882,0.03472799062728882,-3.2649177228449844e-06 | 1.631988084227487e-06,-2.107052068822668e-06,-2.0023797333124094e-05 | 1,5
13400 | 446.66668996214867 | 113.74529266357422,191.7487030029297,0.20660704374313354 | -2.682041667867452e-06,-1.3505168539040824e-08,8.753270776651334e-06 | 0 | -2.1859892513020895e-05,0.006408174056559801,-7.704603603997384e-07 | -3.1688363378634676e-05,-2.349176639881989e-07,6.808099715271965e-05 | 1,5
13410 | 447.0000233128667 | 113.74527740478516,191.74868774414062,0.20662860572338104 | -1.3853455129719805e-06,-8.952930841132911e-08,5.873654572496889e-06 | 0 | -6.664970715064555e-05,0.003209065180271864,-2.5935125336218334e-07 | 6.242607469175709e-06,-2.030269797614892e-06,9.153746213996783e-05 | 1,5
13420 | 447.3333566635847 | 113.74527740478516,191.74868774414062,0.2066333293914795 | -4.1965660102505353e-07,-7.7045516633234e-09,9.535153822071152e-07 | 0 | 2.638656587805599e-05,0.0009756459039635956,-2.0682232104718423e-07 | 1.2624618648260366e-06,9.04091905340465e-07,6.865310751891229e-06 | 1,5
13430 | 447.66669001430273 | 113.74527740478516,191.74868774414062,0.20663440227508545 | -1.1184440040779009e-07,-3.1868698791015504e-09,1.7735386563799693e-06 | 0 | -1.4802444638917223e-05,0.00026022031670436263,2.5319202290319254e-09 | 4.127479940052581e-07,1.2457577724944713e-07,-5.721084903598239e-07 | 0,0
13440 | 448.00002336502075 | 113.75493621826172,191.7483673095703,0.2066674828529358 | 0.07001999020576477,-0.0025489821564406157,-5.14898317760526e-07 | 0 | -0.003122410038486123,-0.003761331317946315,2.1995887756347656 | -0.24344152212142944,0.00045147721539251506,-1.258640259038657e-05 | 0,0
13450 | 448.3333567157388 | 114.0244140625,191.7478790283203,0.20714229345321655 | 1.5888252258300781,-0.005120489280670881,-2.517280563552049e-06 | 90.2 | -0.0042661624029278755,0.07112597674131393,-0.20594850182533264 | 3.770756483078003,0.023662948980927467,2.974967719637789e-05 | 0,0
13460 | 448.6666900664568 | 114.75127410888672,191.74575805664062,0.2071411907672882 | 2.6877756118774414,-0.01450504269450903,1.6400463209720328e-06 | 90.3 | 0.002851005643606186,-0.01920369267463684,-0.403214693069458 | 3.1080005168914795,-0.06849450618028641,-1.258640804735478e-05 | 0,0
13470 | 449.0000234171748 | 115.82337951660156,191.74078369140625,0.20709151029586792 | 3.682324171066284,-0.024520371109247208,1.487483928030997e-06 | 90.4 | 4.5447262664310983e-07,-0.011763044632971287,-0.4385184645652771 | 2.8910276889801025,-0.026985032483935356,7.4374174801050685e-06 | 0,0
13480 | 449.33335676789284 | 117.20703887939453,191.7321319580078,0.20701748132705688 | 4.429294109344482,-0.035881929099559784,2.3647180569241755e-06 | 90.5 | 0.0024690020363777876,-0.0954546332359314,-0.45721033215522766 | -0.08852004259824753,-0.034890394657850266,5.721084903598239e-07 | 0,0
13490 | 449.66669011861086 | 118.6786117553711,191.7206573486328,0.20672957599163055 | 4.400045871734619,-0.03976299986243248,1.5256244978445466e-06 | 90.5 | -0.0015412436332553625,-0.0499226450920105,-0.29124027490615845 | -0.08711814135313034,0.02138972096145153,-5.721095476474147e-06 | 0,0
13500 | 450.0000234693289 | 120.28069305419922,191.7061309814453,0.20785877108573914 | 5.404144763946533,-0.05150052532553673,0.0035746146459132433 | 90.5 | -0.005321508273482323,0.08127220720052719,-0.15903036296367645 | 2.9606149196624756,-0.0007385014905594289,-0.09574132412672043 | 0,0
13510 | 450.3333568200469 | 122.14186096191406,191.69017028808594,0.20745894312858582 | 5.478760242462158,-0.04846932739019394,-0.0009148407261818647 | 90.5 | 0.02555643767118454,-0.1937844306230545,-3.233366012573242 | -1.675815463066101,0.0189449992030859,0.0030676505994051695 | 0,0
13520 | 450.6666901707649 | 123.8763656616211,191.67462158203125,0.20692649483680725 | 5.037132263183594,-0.04843207821249962,0.0016483229119330645 | 90.6 | 0.002132424619048834,0.029767530038952827,-0.025847287848591805 | 0.14800070226192474,-0.028671806678175926,-0.027384011074900627 | 0,0
13530 | 451.00002352148294 | 125.56222534179688,191.65866088867188,0.20712439715862274 | 5.040341854095459,-0.04818275198340416,0.00020039078663103282 | 90.5 | 0.018466906622052193,-0.0468674898147583,-2.1562225818634033 | -0.17469404637813568,-0.04515263810753822,-0.005839517805725336 | 0,0
13540 | 451.33335687220097 | 127.24442291259766,191.6424102783203,0.2069656252861023 | 5.041656494140625,-0.0477154441177845,0.002819506684318185 | 90.5 | -0.0002593956305645406,0.01780577190220356,-0.05642864480614662 | 2.134265661239624,0.025424322113394737,0.08226929605007172 | 0,0
13550 | 451.666690222919 | 128.9196014404297,191.6267547607422,0.2071305364370346 | 5.024855136871338,-0.04591025412082672,0.0007651960477232933 | 90.5 | -0.0022166355047374964,0.016163524240255356,0.409954309463501 | 0.17704008519649506,-0.003600530093535781,-0.01613062247633934 | 0,0
13560 | 452.000023573637 | 130.50070190429688,191.6123809814453,0.20595122873783112 | 4.126461029052734,-0.03905579075217247,-6.792843487346545e-05 | 90.5 | 0.0035813634749501944,-0.1692015677690506,-0.07479747384786606 | -3.98181414604187,0.02755187265574932,0.023788299411535263 | 0,0
13570 | 452.33335692435503 | 131.81666564941406,191.6000213623047,0.20637565851211548 | 4.08113431930542,-0.037295009940862656,0.0006280424422584474 | 90.5 | -0.0029934050980955362,0.15611989796161652,0.07664735615253448 | 1.8057774305343628,-0.008217728696763515,-0.002476660069078207 | 0,0
13580 | 452.66669027507305 | 133.3007049560547,191.5867462158203,0.2068326473236084 | 4.778603553771973,-0.03954682871699333,0.00013059347111266106 | 90.5 | -0.0016505272360518575,0.04318296164274216,0.12968972325325012 | 1.7668818235397339,-0.003185793524608016,-0.000695684808306396 | 0,0
13590 | 453.0000236257911 | 134.95199584960938,191.5736083984375,0.2076718807220459 | 5.017521381378174,-0.03572399541735649,0.0024590017274022102 | 90.4 | -0.0004042927466798574,-0.050403349101543427,0.14679080247879028 | 0.027594564482569695,0.0319376178085804,-0.07705853134393692 | 0,0
13600 | 453.3333569765091 | 136.60150146484375,191.5621795654297,0.2064557671546936 | 4.884363174438477,-0.029262853786349297,-5.911795142310439e-07 | 90.3 | -3.2418702176073566e-05,-0.026394622400403023,0.18093349039554596 | -0.36951538920402527,0.030954981222748756,0.010599466040730476 | 0,0
13610 | 453.6666903272271 | 138.2178192138672,191.5530242919922,0.20656231045722961 | 4.83799409866333,-0.02139187790453434,0.0002879807143472135 | 90.3 | -0.0009493291145190597,0.007862787693738937,0.24366682767868042 | 0.02524852566421032,0.027568524703383446,-0.0011733956634998322 | 0,0
13620 | 454.00002367794514 | 139.83529663085938,191.5462646484375,0.20663799345493317 | 4.868875503540039,-0.014105129987001419,5.837421122123487e-05 | 90.2 | -0.001255641458556056,0.005521077662706375,0.26402637362480164 | 0.10282515734434128,0.03934607654809952,-0.00036557766725309193 | 0,0
13630 | 454.33335702866316 | 141.46267700195312,191.5418701171875,0.20665152370929718 | 4.891037464141846,-0.007456925231963396,9.21095852390863e-06 | 90.1 | 0.0008086701272986829,-0.0010413345880806446,0.2465071678161621 | 0.036249157041311264,0.012980787083506584,-5.6638797104824334e-05 | 0,0
13640 | 454.6666903793812 | 143.09432983398438,191.53985595703125,0.20664821565151215 | 4.898099899291992,-0.0006505103083327413,1.2014294270557002e-06 | 90.0 | 0.0005006292485632002,-0.0011278182500973344,0.23528124392032623 | 0.016880033537745476,0.019179407507181168,-3.947552977479063e-05 | 0,0
13650 | 455.0000237300992 | 144.72813415527344,191.54014587402344,0.20664718747138977 | 4.905518531799316,0.005965568125247955,-1.9070306223056832e-07 | 89.9 | 0.00020908925216645002,0.00014784259838052094,0.2262282818555832 | 0.028538702055811882,0.025160152465105057,-1.1442178902143496e-06 | 0,0
13660 | 455.3333570808172 | 146.36512756347656,191.54244995117188,0.2066483199596405 | 4.916767597198486,0.011413395404815674,9.535153822071152e-07 | 89.9 | 0.00061168143292889,0.00036863741115666926,0.2014896273612976 | 0.03695010766386986,0.0009494460537098348,3.4326552849961445e-05 | 0,0
13670 | 455.66669043153524 | 148.0061798095703,191.54641723632812,0.20664924383163452 | 4.929257869720459,0.016186296939849854,-1.0107263506142772e-06 | 89.8 | -0.0006896828999742866,8.381390944123268e-05,0.18331259489059448 | 0.03759383782744408,0.029484963044524193,-4.405240906635299e-05 | 0,0
13680 | 456.00002378225327 | 149.65135192871094,191.55186462402344,0.20664939284324646 | 4.9412689208984375,0.019494829699397087,1.353991819996736e-06 | 89.8 | 0.0006667500711046159,-7.31197142158635e-05,0.1413787603378296 | 0.03378867730498314,-0.000783093215432018,5.663881165673956e-05 | 0,0
13690 | 456.3333571329713 | 151.3002471923828,191.5584716796875,0.20664890110492706 | 4.9516167640686035,0.021975431591272354,9.7258566711389e-07 | 89.7 | 0.0005628630169667304,-0.00016073230654001236,0.1042405441403389 | 0.029840467497706413,0.0006949714734219015,1.8879603885579854e-05 | 0,0
13700 | 456.6666904836893 | 152.9525604248047,191.5658721923828,0.2066488265991211 | 4.962018013000488,0.023734483867883682,1.220499711962475e-06 | 89.7 | 0.0007055391324684024,1.931230872287415e-05,0.07187933474779129 | 0.031142232939600945,-0.00011650844680843875,5.606670310953632e-05 | 0,0
13710 | 457.00002383440733 | 154.60833740234375,191.57383728027344,0.20664893090724945 | 4.97218656539917,0.02482263557612896,-9.344450404569216e-07 | 89.7 | 0.00041332360706292093,-3.284744525444694e-05,0.045749813318252563 | 0.030083654448390007,0.0009244679822586477,-3.6614987038774416e-05 | 0,0
13720 | 457.33335718512535 | 156.2675018310547,191.58224487304688,0.20664890110492706 | 4.982227325439453,0.025613419711589813,4.958279760103323e-07 | 89.7 | -0.00011645640915958211,-9.276608034269884e-05,0.03230145946145058 | 0.027866361662745476,0.005958582740277052,2.4028584448387846e-05 | 0,0
13730 | 457.6666905358434 | 157.92982482910156,191.59075927734375,0.20664851367473602 | 4.991288185119629,0.025883670896291733,-6.293201408880122e-07 | 89.7 | -6.157361349323764e-05,-6.406435568351299e-05,0.017896434292197227 | 0.027136800810694695,0.0032725741621106863,-3.318233575555496e-05 | 0,0
13740 | 458.0000238865614 | 159.59507751464844,191.5993194580078,0.20664829015731812 | 4.999714374542236,0.02587483637034893,6.102498559812375e-07 | 89.7 | -8.409045403823256e-05,-7.393825944745913e-05,0.0066792163997888565 | 0.024347303435206413,0.002007800852879882,-7.437419299094472e-06 | 0,0
13750 | 458.3333572372794 | 161.26284790039062,191.60791015625,0.20728324353694916 | 5.008328914642334,0.025701455771923065,0.0019645467400550842 | 89.7 | 4.6138782749949314e-07,0.003819674253463745,-0.00023955681535881013 | 0.5069875121116638,0.001853965106420219,0.07595264166593552 | 0,0
13760 | 458.66669058799744 | 162.9339599609375,191.61651611328125,0.20713508129119873 | 5.0203046798706055,0.02571776881814003,0.001628356403671205 | 89.7 | 2.830235416695359e-06,0.002892557065933943,-0.0006854605162516236 | 0.04145621880888939,4.358589285402559e-05,-0.031916823238134384 | 0,0
13770 | 459.00002393871546 | 164.60829162597656,191.62510681152344,0.20704834163188934 | 5.029413223266602,0.02560131810605526,0.0023241746239364147 | 89.7 | 8.594907558290288e-05,0.006496083922684193,-0.004253549966961145 | 0.02177238278090954,-0.0014758295146748424,0.445997416973114 | 0,0
13780 | 459.3333572894335 | 166.28375244140625,191.6337127685547,0.20703643560409546 | 5.030467987060547,0.025236334651708603,0.002386706182733178 | 89.7 | 7.797881698934361e-05,0.007323006168007851,-0.00993605237454176 | 0.029225347563624382,-0.0013596004573628306,0.4459596574306488 | 0,0
13790 | 459.6666906401515 | 167.96054077148438,191.64198303222656,0.20703697204589844 | 5.039125442504883,0.024673188105225563,0.002393971895799041 | 89.7 | 6.383239815477282e-05,0.008530530147254467,-0.016616811975836754 | 0.05900859460234642,-0.0013968161074444652,0.4459785521030426 | 0,0
