Simulation Frame | Timestamp | Position | Velocity | Heading | Angular Velocity | Acceleration | Stopped at Red Light + Light ID 
9000 | 300.00001564621925 | 135.99131774902344,226.23092651367188,0.21468020975589752 | -0.02948453277349472,-1.7088929414749146,4.576873834594153e-06 | 181.0 | 1.443097710609436,0.1940627247095108,2.1462714672088623 | 0.3087874948978424,8.843524932861328,-9.89748805295676e-05 | 0,0
9010 | 300.3333489969373 | 135.9821014404297,225.75733947753906,0.21476608514785767 | -0.015335336327552795,-1.4003914594650269,2.3456477720174007e-06 | 180.6 | -0.3134986460208893,-0.02932763658463955,1.6371607780456543 | 0.11601581424474716,0.02450108341872692,-4.004764195997268e-05 | 0,0
9020 | 300.6666823476553 | 135.97605895996094,225.31544494628906,0.21463771164417267 | -0.007352154236286879,-1.1879866123199463,3.2419524131910293e-07 | 180.4 | -0.043713975697755814,-0.02217213064432144,1.2468498945236206 | 0.018154768273234367,-0.19465325772762299,1.830749533837661e-05 | 0,0
9030 | 301.0000156983733 | 135.97128295898438,224.75308227539062,0.21412131190299988 | -0.005098564084619284,-2.3097288608551025,-5.129912551637972e-06 | 180.1 | -0.43791791796684265,-0.06227831542491913,2.063333034515381 | 0.04473818093538284,-3.9096806049346924,-6.12156800343655e-05 | 0,0
9040 | 301.33334904909134 | 135.96881103515625,223.79339599609375,0.2139759063720703 | 0.0028173180762678385,-3.247192621231079,-1.620976036065258e-06 | 180.0 | 0.24312569200992584,0.07934676855802536,1.8111155033111572 | -0.15628314018249512,0.08147477358579636,-5.6638808018760756e-05 | 0,0
9050 | 301.66668239980936 | 135.9710693359375,223.02806091308594,0.21490249037742615 | 0.013120967894792557,-1.7976374626159668,-2.193085265389527e-06 | 179.6 | -0.1650259792804718,0.008033712394535542,0.909347653388977 | 0.03536120802164078,-1.0010432004928589,2.6889134460361674e-05 | 0,0
9060 | 302.0000157505274 | 135.97592163085938,222.25999450683594,0.21423953771591187 | 0.028376754373311996,-2.8114607334136963,-2.822405576807796e-06 | 179.4 | -0.40013036131858826,-0.04663747176527977,1.1813908815383911 | 0.05605190619826317,-3.1106326580047607,-6.23599044047296e-05 | 0,0
9070 | 302.3333491012454 | 135.98292541503906,221.47198486328125,0.21482844650745392 | 0.02010849118232727,-1.7633678913116455,-2.326577487110626e-06 | 179.3 | 0.1355658322572708,0.007948975078761578,0.5101460814476013 | 0.09050661325454712,0.03647088631987572,-8.009526027308311e-06 | 0,0
9080 | 302.6666824519634 | 135.989990234375,220.8290252685547,0.2143358588218689 | 0.031262148171663284,-2.5555760860443115,-4.386170644465892e-07 | 179.3 | -0.9163527488708496,-0.02528812177479267,0.5866820812225342 | 0.01773197017610073,-5.748810291290283,-9.554222924634814e-05 | 0,0
9090 | 303.00001580268145 | 136.0026397705078,219.81556701660156,0.21428050100803375 | 0.0378464013338089,-2.647078275680542,7.342068329307949e-06 | 179.2 | 1.2786346673965454,0.02019362524151802,0.44242215156555176 | -0.008102728985249996,9.229558944702148,0.00011384972458472475 | 0,0
9100 | 303.33334915339947 | 136.009765625,219.30294799804688,0.21489928662776947 | 0.022084154188632965,-1.532866358757019,7.246716904774075e-06 | 179.2 | -0.7910933494567871,-0.02092938870191574,0.21845170855522156 | 0.0469389334321022,-3.13445782661438,0.0001270082575501874 | 0,0
9110 | 303.6666825041175 | 136.01983642578125,218.58004760742188,0.21412639319896698 | 0.040842585265636444,-2.7128820419311523,-3.0321787107823184e-06 | 179.1 | -0.3107060194015503,-0.022260554134845734,0.3199532926082611 | 0.08171471953392029,-3.23274827003479,1.7163281881948933e-05 | 0,0
9120 | 304.0000158548355 | 136.0336456298828,217.63108825683594,0.21484164893627167 | 0.02351304702460766,-1.5707165002822876,-4.32895967605873e-06 | 179.1 | 1.0009773969650269,0.027591168880462646,0.08596131205558777 | -0.08365703374147415,4.605874538421631,-0.00018479126447346061 | 0,0
9130 | 304.33334920555353 | 136.04042053222656,217.1714630126953,0.21473483741283417 | 0.02314564399421215,-1.530417799949646,3.928483238269109e-06 | 179.1 | -0.28295114636421204,-0.008908981457352638,0.08281341195106506 | 0.015908626839518547,0.026521680876612663,-3.432664698266308e-06 | 0,0
9140 | 304.66668255627155 | 136.04788208007812,216.66925048828125,0.2145809531211853 | 0.021211180835962296,-1.3991142511367798,1.620976036065258e-06 | 179.1 | 0.06904253363609314,-0.0004984167171642184,0.058311577886343 | -0.01997770555317402,1.284502625465393,2.2884363716002554e-05 | 0,0
9150 | 305.0000159069896 | 136.05642700195312,216.09225463867188,0.2141963094472885 | 0.03445029258728027,-2.2845780849456787,-2.822405576807796e-06 | 179.1 | -0.46175524592399597,-0.011634597554802895,0.07395610958337784 | 0.05888577178120613,-3.8638041019439697,-3.4326578770560445e-06 | 0,0
9160 | 305.3333492577076 | 136.07066345214844,215.13824462890625,0.21397578716278076 | 0.04969339817762375,-3.3212599754333496,-1.6400463209720328e-06 | 179.1 | 0.030830899253487587,0.002314632525667548,0.044314172118902206 | 0.029886847361922264,-2.103745698928833,4.061975050717592e-05 | 0,0
9170 | 305.6666826084256 | 136.08250427246094,214.3407745361328,0.21514242887496948 | 0.015024939551949501,-1.0131827592849731,-1.4112027201917954e-05 | 179.2 | 1.3187141418457031,0.021766651421785355,-0.011739029549062252 | -0.1793518215417862,12.239974021911621,-0.00015275314217433333 | 0,0
9180 | 306.00001595914364 | 136.08824157714844,213.9525604248047,0.21447531878948212 | 0.02735241875052452,-1.8394372463226318,1.024075572786387e-05 | 179.1 | -0.927511990070343,-0.01736665703356266,-0.23266707360744476 | 0.061204541474580765,-4.358957767486572,-0.00013730618229601532 | 0,0
9190 | 306.33334930986166 | 136.1000518798828,213.16017150878906,0.21415191888809204 | 0.037805113941431046,-2.5422863960266113,1.6972574030660326e-06 | 179.1 | 0.2900959551334381,0.004129826091229916,-0.0006130409310571849 | -0.0005982443108223379,0.044531818479299545,9.268168651033193e-05 | 0,0
9200 | 306.6666826605797 | 136.112548828125,212.3158416748047,0.21440951526165009 | 0.03741924837231636,-2.5273749828338623,3.2419524131910293e-07 | 179.2 | 0.11151077598333359,0.0026805419474840164,-0.006051034666597843 | -0.0026287881191819906,0.04459619149565697,-2.0023819160996936e-05 | 0,0
9210 | 307.0000160112977 | 136.12802124023438,211.26600646972656,0.2140820324420929 | 0.05163707211613655,-3.541779041290283,-3.7377801618276862e-06 | 179.2 | 0.13785290718078613,0.0037825533654540777,-0.032522138208150864 | -0.01645691506564617,0.7898210883140564,4.405240179039538e-05 | 1,6
9220 | 307.3333493620157 | 136.13758850097656,210.60069274902344,0.2155676931142807 | 0.0023957802914083004,-0.1731954663991928,-3.6862904380541295e-05 | 0 | 1.2351638078689575,0.015320930629968643,-0.001631601364351809 | -0.21756936609745026,15.282816886901855,-0.0002654587442521006 | 1,6
9230 | 307.66668271273375 | 136.13760375976562,210.5997772216797,0.2149938941001892 | -1.9998218704131432e-05,0.0007152505568228662,2.0881985619780608e-05 | 0 | -0.6249207854270935,-0.010215181857347488,5.864089689566754e-05 | 3.779092003242113e-05,-0.0022362670861184597,-4.977349453838542e-05 | 1,6
9240 | 308.00001606345177 | 136.1376190185547,210.59909057617188,0.21462413668632507 | -1.7464184338678024e-06,0.00012379900726955384,2.8605461466213455e-07 | 0 | -0.10393796861171722,-0.001480849925428629,1.221581896970747e-06 | -9.076039532374125e-06,0.0007013941067270935,-5.721093430111068e-07 | 1,6
9250 | 308.3333494141698 | 136.1376190185547,210.59890747070312,0.2145223617553711 | -7.60034140512289e-07,5.4598425776930526e-05,-5.530388875740755e-07 | 0 | -0.04576051980257034,-0.0007129499572329223,1.1099307357653743e-06 | 5.19932928000344e-06,-0.000254552171099931,1.3730623322771862e-05 | 1,6
9260 | 308.6666827648878 | 136.1376190185547,210.59886169433594,0.21449927985668182 | -2.3079954303284467e-07,1.674000668572262e-05,-7.246716791087238e-07 | 0 | -0.013998625800013542,-0.00021529938385356218,3.090721065746038e-07 | 4.527903001871891e-06,-6.985158688621596e-05,1.8879603885579854e-05 | 1,6
9270 | 309.00001611560583 | 136.1376190185547,210.59884643554688,0.21449191868305206 | -6.006477804021415e-08,4.905029072688194e-06,-6.102498559812375e-07 | 0 | -0.004096767865121365,-4.474966408452019e-05,8.140408880308314e-08 | -5.874816793038917e-07,-1.4708165508636739e-05,-8.581638212490361e-06 | 1,6
9280 | 309.33334946632385 | 136.1376190185547,210.59884643554688,0.21448951959609985 | -2.998154613464976e-08,1.3005042092117947e-06,4.767576911035576e-07 | 0 | -0.001083645038306713,-3.373919753357768e-05,1.499198809540303e-08 | 3.9541049545732676e-07,-1.6925808665746445e-07,2.8605460101971403e-05 | 1,6
9290 | 309.6666828170419 | 136.1376190185547,210.59884643554688,0.21448951959609985 | -1.3087910311071482e-08,2.62598831568539e-07,-4.1954677953981445e-07 | 0 | -0.0002182864409405738,-3.971846126660239e-06,9.68976565651758e-10 | 1.0208204912487417e-06,1.865440140136343e-06,-1.258640259038657e-05 | 1,6
9300 | 310.0000161677599 | 136.1376190185547,210.59884643554688,0.21448951959609985 | 4.586120638805369e-08,1.1919345865862851e-07,-5.7210922221884175e-08 | 0 | -0.00010051501885754988,2.9515773348975927e-05,5.218198317891165e-09 | 1.6060347434176947e-06,-8.698389706296439e-07,1.1442182312748628e-06 | 1,6
9310 | 310.3333495184779 | 136.1376190185547,210.59884643554688,0.21448951959609985 | 4.519318963502883e-08,3.41775105994202e-08,5.530388875740755e-07 | 0 | -2.8726115488098003e-05,3.335611108923331e-05,1.4226156919150412e-09 | 1.9615674773376668e-06,-4.948302603224874e-07,-2.2884373720444273e-06 | 1,6
9320 | 310.66668286919594 | 136.1376190185547,210.59884643554688,0.21448951959609985 | 3.184363350783315e-08,3.477121524042559e-08,-3.432655262258777e-07 | 0 | -2.8294291041675024e-05,2.7320436856825836e-05,-1.3589732672514288e-09 | 9.081873031391297e-07,6.830667871327023e-07,-6.8653098423965275e-06 | 1,6
9330 | 311.00001621991396 | 136.1376190185547,210.59884643554688,0.21448951959609985 | 4.1541770023911795e-09,7.39323446907747e-09,1.907030799941367e-08 | 0 | -6.169681910250802e-06,6.167007995827589e-06,2.35216447014297e-12 | 2.2040627101205246e-08,4.482804527583539e-08,0.0 | 1,6
9340 | 311.333349570632 | 136.1376190185547,210.59884643554688,0.21448951959609985 | -1.0879942502484141e-09,-1.752583633773952e-09,0.0 | 0 | 1.450957483939419e-06,-1.3913330576542648e-06,2.5643338147363082e-11 | -1.2716495412234963e-08,-2.595358239432244e-08,0.0 | 1,6
9350 | 311.66668292135 | 136.1376190185547,210.59884643554688,0.21448951959609985 | -2.8026021503535503e-09,-3.9216612179870936e-09,1.907030799941367e-08 | 0 | 3.3264375360886334e-06,-5.60389935344574e-06,-7.678004759759105e-11 | 3.053713015788162e-08,2.141762678320447e-08,0.0 | 1,6
9360 | 312.000016272068 | 136.1376190185547,210.59884643554688,0.21448951959609985 | 2.360091233555295e-09,2.009262090041375e-09,1.907030799941367e-08 | 0 | -1.7218453649547882e-06,5.019824584451271e-06,3.116350927312439e-11 | -4.947780496422638e-08,-7.152398229237633e-09,0.0 | 1,6
9370 | 312.33334962278605 | 136.1376190185547,210.59884643554688,0.21448951959609985 | -5.126174151826035e-09,-3.888627642112397e-09,1.907030799941367e-08 | 0 | 3.2936754905676935e-06,-8.3758468463202e-06,-2.680424979195628e-11 | -3.104183360011503e-12,-1.6002465130782184e-08,0.0 | 1,6
9380 | 312.66668297350407 | 136.1376190185547,210.59884643554688,0.21448951959609985 | 5.16466291955453e-09,3.2364302349208174e-09,0.0 | 0 | -2.729240350163309e-06,7.517092399211833e-06,6.151818420993549e-13 | 3.050218566613694e-08,2.1416919793182387e-08,0.0 | 1,6
9390 | 313.0000163242221 | 136.1376190185547,210.59884643554688,0.21448951959609985 | -3.1061655469954985e-09,-5.067700703520472e-10,1.907030799941367e-08 | 0 | 4.3750151235144585e-07,-3.94417065763264e-06,3.530570367310526e-12 | -3.649852686749e-08,-7.3803900768609765e-09,0.0 | 1,6
9400 | 313.3333496749401 | 136.1376190185547,210.59884643554688,0.21448951959609985 | -1.878635691454633e-09,-2.895426343130225e-09,1.907030799941367e-08 | 0 | 2.4607882096461253e-06,-4.080070084455656e-06,-6.574857325247763e-11 | 3.05070351203085e-08,2.1417166706783064e-08,0.0 | 1,6
9410 | 313.66668302565813 | 136.1376190185547,210.59884643554688,0.21448951959609985 | 3.7788270290661785e-09,2.8051050371402653e-09,1.907030799941367e-08 | 0 | -2.4013115762500092e-06,7.350905889325077e-06,3.990043365154072e-11 | -4.947836629298763e-08,-7.152451519942815e-09,5.721092293242691e-07 | 1,6
9420 | 314.00001637637615 | 136.1376190185547,210.59884643554688,0.21448951959609985 | -8.496095382781732e-09,-3.529220471421013e-09,1.907030799941367e-08 | 0 | 2.9890679797972552e-06,-1.0210436812485568e-05,-8.467650192134357e-11 | -9.917790748659172e-07,4.4828809109276335e-07,-6.8653098423965275e-06 | 1,6
9430 | 314.3333497270942 | 136.1376190185547,210.59884643554688,0.21448951959609985 | 5.16466291955453e-09,3.2364300128762125e-09,0.0 | 0 | -2.729240350163309e-06,7.517092399211833e-06,6.325162832734876e-13 | 3.050218566613694e-08,2.1416900253257154e-08,0.0 | 1,6
9440 | 314.6666830778122 | 136.1376190185547,210.59884643554688,0.21448951959609985 | -3.1061655469954985e-09,-5.06770014840896e-10,1.907030799941367e-08 | 0 | 4.3750151235144585e-07,-3.94417065763264e-06,3.5207763354055954e-12 | -3.649852686749e-08,-7.380388300504137e-09,0.0 | 1,6
9450 | 315.0000164285302 | 136.1376190185547,210.59884643554688,0.21448951959609985 | -1.6153912651972746e-09,-2.188396353020039e-09,1.907030799941367e-08 | 0 | 1.8686562270886498e-06,-3.6360588637762703e-06,-5.803925048897263e-11 | 3.648694146818343e-08,2.1498268054642722e-08,0.0 | 1,6
9460 | 315.33334977924824 | 136.1376190185547,210.59884643554688,0.21448951959609985 | 2.7221189746740038e-09,3.253713742878972e-09,1.907030799941367e-08 | 0 | -2.7640019197860966e-06,4.911802534479648e-06,7.936446638767691e-11 | -5.164867977747178e-10,-2.6199307612273515e-08,0.0 | 1,6
9470 | 315.66668312996626 | 136.1376190185547,210.59884643554688,0.21448951959609985 | -3.895783251550711e-09,-3.877051124590025e-09,1.907030799941367e-08 | 0 | 3.2706318506825482e-06,-6.411100457626162e-06,-2.93901014636333e-11 | 7.327604634177476e-10,-7.028310822221329e-09,0.0 | 1,6
9480 | 316.0000164806843 | 136.1376190185547,210.59884643554688,0.21448951959609985 | 2.9036737458909556e-09,3.2042557496225754e-09,1.907030799941367e-08 | 0 | -2.704473672565655e-06,5.400890586315654e-06,7.564037070306728e-12 | -3.7327499313732915e-08,2.0451672355648043e-08,5.721092293242691e-07 | 1,6
9490 | 316.3333498314023 | 136.1376190185547,210.59884643554688,0.21448951959609985 | -1.4817026494640118e-09,-1.4429929473536163e-09,1.907030799941367e-08 | 0 | 1.1976052292084205e-06,-2.0310098989284597e-06,2.8830077214436756e-11 | -1.1278014078186516e-08,-2.5939376868677755e-08,0.0 | 1,6
9500 | 316.6666831821203 | 136.1376190185547,210.59884643554688,0.21448951959609985 | 4.965683420010691e-10,3.362453093735951e-10,1.907030799941367e-08 | 0 | -2.589827943211276e-07,-1.5608614489792672e-07,-3.110463969724364e-11 | 3.0505837855798745e-08,2.1417044138161145e-08,0.0 | 1,6
9510 | 317.00001653283834 | 136.1376190185547,210.59884643554688,0.21448951959609985 | 1.5915152529188958e-09,1.6775756339626469e-09,1.907030799941367e-08 | 0 | -1.437707965123991e-06,3.0335311294038547e-06,6.238898980770458e-11 | -1.2059575560385838e-08,-2.5957035632018233e-08,0.0 | 1,6
9520 | 317.33334988355637 | 136.1376190185547,210.59884643554688,0.21448951959609985 | -3.087723410288845e-09,-3.556510197455509e-09,1.907030799941367e-08 | 0 | 2.994225951624685e-06,-5.085639259050367e-06,-2.585808477062468e-11 | -1.2629895740357e-10,-7.04720237720835e-09,0.0 | 1,6
9530 | 317.6666832342744 | 136.1376190185547,210.59884643554688,0.21448951959609985 | 2.5009450066448835e-09,3.3571478930127796e-09,1.907030799941367e-08 | 0 | -2.8273088901187293e-06,4.753605026053265e-06,9.288994053113786e-12 | -2.56151011512884e-08,2.041504210126277e-08,0.0 | 1,6
9540 | 318.0000165849924 | 136.1376190185547,210.59884643554688,0.21448951959609985 | -1.4817026494640118e-09,-1.4429929473536163e-09,1.907030799941367e-08 | 0 | 1.1976052292084205e-06,-2.0310098989284597e-06,2.8828470860498e-11 | -1.1278014078186516e-08,-2.5939376868677755e-08,0.0 | 1,6
9550 | 318.33334993571043 | 136.1376190185547,210.59884643554688,0.21448951959609985 | 4.965683975122204e-10,3.362453371291707e-10,1.907030799941367e-08 | 0 | -2.589827943211276e-07,-1.5608614489792672e-07,-3.1105961556532336e-11 | 3.0505837855798745e-08,2.1417044138161145e-08,0.0 | 1,6
9560 | 318.66668328642845 | 136.1376190185547,210.59884643554688,0.21448951959609985 | 1.4981953455617258e-09,1.989900688670332e-09,1.907030799941367e-08 | 0 | -1.6968217551038833e-06,2.88513615487318e-06,6.570381738679743e-11 | -1.1096689789269476e-08,-2.593684378382477e-08,0.0 | 1,6
9570 | 319.0000166371465 | 136.1376190185547,210.59884643554688,0.21448951959609985 | -3.3020290945984243e-09,-3.8716714279019016e-09,1.907030799941367e-08 | 0 | 3.2591010494797956e-06,-5.428460553957848e-06,-2.9093231296295485e-11 | 1.3109652918785741e-08,-7.27156290736275e-09,0.0 | 1,6
9580 | 319.3333499878645 | 136.1376190185547,210.59884643554688,0.21448951959609985 | 2.1036088426740207e-09,3.510116197702473e-09,1.907030799941367e-08 | 0 | -2.9501434255507775e-06,4.106247615709435e-06,1.0860159993519858e-11 | -2.415515609754948e-08,2.0432800340586255e-08,0.0 | 1,6
9590 | 319.6666833385825 | 136.1376190185547,210.59884643554688,0.21448951959609985 | -1.0879942502484141e-09,-1.7525831896847421e-09,0.0 | 0 | 1.450957483939419e-06,-1.3913330576542648e-06,2.562948464568393e-11 | -1.2716495412234963e-08,-2.595357351253824e-08,0.0 | 1,6
9600 | 320.00001668930054 | 136.1376190185547,210.59884643554688,0.21448951959609985 | 3.0359437186433524e-10,6.476607028460535e-10,1.907030799941367e-08 | 0 | -5.161716103430081e-07,-4.6826198740745895e-07,-2.7867487831234605e-11 | 3.071060206139009e-08,2.141996269244828e-08,0.0 | 1,6
9610 | 320.33335004001856 | 136.1376190185547,210.59884643554688,0.21448951959609985 | 1.1860216142522972e-09,1.6738623820344856e-09,1.907030799941367e-08 | 0 | -1.430027964488545e-06,2.3785612484061858e-06,6.233898119933912e-11 | -1.9551924523852904e-09,-2.6213603732117008e-08,0.0 | 1,6
9620 | 320.6666833907366 | 136.1376190185547,210.59884643554688,0.21448951959609985 | -3.087827105119345e-09,-3.5565157485706322e-09,1.907030799941367e-08 | 0 | 2.9942293622298166e-06,-5.085649718239438e-06,-2.588645096890385e-11 | 5.580868753241042e-11,-7.044731020755535e-09,0.0 | 1,6
9630 | 321.0000167414546 | 136.1376190185547,210.59884643554688,0.21448951959609985 | 4.3715218112083676e-09,3.3905436236381092e-09,1.907030799941367e-08 | 0 | -2.8521340027509723e-06,6.874973223602865e-06,-1.666335645855721e-11 | 6.7079537480196905e-09,2.6040321898790353e-08,5.721092293242691e-07 | 1,6
9640 | 321.3333500921726 | 136.1376190185547,210.59884643554688,0.21448951959609985 | -1.8807224666517186e-09,-1.1334769789428378e-09,1.907030799941367e-08 | 0 | 9.442533155379351e-07,-2.670612275323947e-06,3.211632002009246e-11 | 2.647615182649332e-10,-2.6181597334584694e-08,0.0 | 1,6
9650 | 321.66668344289064 | 136.1376190185547,210.59884643554688,0.21448951959609985 | -3.399946435500567e-10,-1.3890895100843181e-09,1.907030799941367e-08 | 0 | 1.184322854896891e-06,-8.904046353563899e-07,-6.82053302725194e-11 | 6.712022049271127e-09,2.604053506161108e-08,0.0 | 1,6
9660 | 322.00001679360867 | 136.1376190185547,210.59884643554688,0.21448951959609985 | 2.024723055882305e-09,2.9342490659445275e-09,1.907030799941367e-08 | 0 | -2.489525286364369e-06,3.7500099097087514e-06,7.531028578533494e-11 | -1.9778005011517052e-08,-2.64669264282702e-08,0.0 | 1,6
9670 | 322.3333501443267 | 136.1376190185547,210.59884643554688,0.21448951959609985 | -2.717705172017304e-09,-4.805856157474864e-09,1.907030799941367e-08 | 0 | 4.030679519928526e-06,-4.492057541938266e-06,-3.884107965812511e-11 | 2.1710764297466767e-09,-7.014095526614028e-09,0.0 | 1,6
9680 | 322.6666834950447 | 136.1376190185547,210.59884643554688,0.21448951959609985 | 3.181726215828462e-09,4.001323716806837e-09,1.907030799941367e-08 | 0 | -3.3434109809604706e-06,4.280268058209913e-06,8.178282703830142e-12 | 3.071037113500097e-08,2.1419857887394755e-08,0.0 | 1,6
9690 | 323.00001684576273 | 136.1376190185547,210.59884643554688,0.21448951959609985 | -1.0879942502484141e-09,-1.7525833007070446e-09,0.0 | 0 | 1.450957483939419e-06,-1.3913330576542648e-06,2.5635070455276576e-11 | -1.2716493635878123e-08,-2.595357351253824e-08,0.0 | 1,6
9700 | 323.33335019648075 | 136.1376190185547,210.59884643554688,0.21448951959609985 | -1.893554424370336e-09,-1.246821090816752e-09,1.907030799941367e-08 | 0 | 1.0825996241692337e-06,-3.3384324069629656e-06,-6.666682483835729e-11 | 6.708573252467431e-09,3.05958387514238e-08,0.0 | 1,6
9710 | 323.6666835471988 | 136.1376190185547,210.59884643554688,0.21448951959609985 | 2.0254851129664075e-09,3.623924715867588e-09,1.907030799941367e-08 | 0 | -3.069133299504756e-06,3.1244635465554893e-06,1.2465119214599696e-10 | 9.874907114237885e-09,-3.795123859617888e-08,0.0 | 1,6
9720 | 324.0000168979168 | 136.1376190185547,210.59884643554688,0.21448951959609985 | 1.7279166542039093e-08,-1.1450538295321167e-08,1.907030799941367e-08 | 0 | 9.095720997720491e-06,5.584162863669917e-06,1.52192958235986e-09 | 3.645234869509295e-07,-3.9111110794465276e-08,0.0 | 1,6
9730 | 324.3333502486348 | 136.1376190185547,210.59884643554688,0.21448951959609985 | 1.0363603308860547e-08,-2.2980475300471426e-09,1.907030799941367e-08 | 0 | 1.8138731547878706e-06,1.4932962585589848e-05,1.1721598518199539e-11 | 4.134292630464387e-10,-2.8147146835522108e-08,0.0 | 1,6
9740 | 324.66668359935284 | 136.1376190185547,210.59884643554688,0.21448951959609985 | -1.0879941392261117e-09,-1.752583411729347e-09,0.0 | 0 | 1.450957483939419e-06,-1.3913330576542648e-06,2.5638114894976916e-11 | -1.2716491859521284e-08,-2.595357884160876e-08,0.0 | 1,6
9750 | 325.00001695007086 | 136.1376190185547,210.59884643554688,0.21448951959609985 | -7.641222654619639e-10,1.6160050728131203e-11,1.907030799941367e-08 | 0 | 1.7339099045443618e-08,-1.4756174095964525e-06,-5.307346576111094e-11 | 6.708944511046866e-09,3.059581388242805e-08,0.0 | 1,6
9760 | 325.3333503007889 | 136.1376190185547,210.59884643554688,0.21448951959609985 | -6.641110439353781e-10,-8.874638801614765e-10,0.0 | 0 | 7.254312208715419e-07,-6.940754815332184e-07,3.436210690987984e-11 | -1.9923330540905226e-08,-2.6623915516665875e-08,0.0 | 1,6
9770 | 325.6666836515069 | 136.1376190185547,210.59884643554688,0.21448951959609985 | -1.0795554450382383e-09,-3.2250535575428785e-09,0.0 | 0 | 2.6947748210659483e-06,-1.795045363905956e-06,-2.18798121981445e-11 | -1.6273980774084151e-10,-7.047801897641648e-09,0.0 | 1,6
9780 | 326.0000170022249 | 136.1376190185547,210.59884643554688,0.21448951959609985 | -4.771203987452566e-10,1.2040224373066621e-09,1.907030799941367e-08 | 0 | -1.0019128922067466e-06,-7.5920229392068e-07,2.4900571188313236e-11 | -1.5967059618926527e-10,-7.047864958309447e-09,0.0 | 1,6
9790 | 326.33335035294294 | 136.1376190185547,210.59884643554688,0.21448951959609985 | 1.015425077355303e-09,2.7045457887120428e-11,0.0 | 0 | -9.466468497976166e-09,8.119906738102145e-07,-2.8839782992284846e-11 | 3.077111188076742e-08,8.016190378157262e-09,0.0 | 1,6
9800 | 326.66668370366096 | 136.1376190185547,210.59884643554688,0.21448951959609985 | 9.520919608263512e-10,-1.8755597075426067e-09,0.0 | 0 | 1.5469636309717316e-06,1.5454562571903807e-06,-7.1537754019190825e-12 | -1.6290967186360916e-10,-7.047798344927969e-09,0.0 | 1,6
9810 | 327.000017054379 | 136.1376190185547,210.59884643554688,0.21448951959609985 | -5.433660743570101e-10,7.335876350822446e-10,1.907030799941367e-08 | 0 | -6.103779242039309e-07,-7.815164622115844e-07,1.9223232380904953e-11 | -6.995603540893569e-10,1.993403664357629e-09,0.0 | 1,6
9820 | 327.333350405097 | 136.1376190185547,210.59884643554688,0.21448951959609985 | -7.66216867731373e-10,-2.4711591106729713e-10,1.907030799941367e-08 | 0 | 2.091932316261591e-07,-1.157066662926809e-06,8.86006198963507e-12 | -4.3491207857293546e-10,1.997422893751377e-09,0.0 | 1,6
9830 | 327.66668375581503 | 136.1376190185547,210.59884643554688,0.21448951959609985 | -2.9352565517060114e-11,-1.0624217061661057e-09,0.0 | 0 | 8.809710720925068e-07,-5.1795751687677694e-08,1.1528881148359371e-12 | -1.6282390713495687e-10,-7.047924910352776e-09,0.0 | 1,6
9840 | 328.00001710653305 | 136.1376190185547,210.59884643554688,0.21448951959609985 | -1.5782646023421165e-11,-4.750946303033743e-10,0.0 | 0 | 3.9153431430349883e-07,-2.2983726921665948e-08,7.338248932120539e-12 | -1.6512069489493797e-10,-7.048011507748697e-09,0.0 | 1,6
9850 | 328.3333504572511 | 136.1376190185547,210.59884643554688,0.21448951959609985 | -1.0126242067087787e-09,-3.2757968559948836e-10,1.907030799941367e-08 | 0 | 2.802253504796681e-07,-1.6529186268599005e-06,8.63662873856752e-12 | -1.6269317837380726e-10,-7.047923578085147e-09,0.0 | 1,6
9860 | 328.6666838079691 | 136.1376190185547,210.59884643554688,0.21448951959609985 | -4.514633111796229e-10,2.6372506400917928e-09,1.907030799941367e-08 | 0 | -2.164868192267022e-06,-1.6804460756247863e-06,-7.0652129979809075e-12 | 3.2204180655526216e-08,2.1438136599272184e-08,0.0 | 1,6
9870 | 329.0000171586871 | 136.1376190185547,210.59884643554688,0.21448951959609985 | -4.292116662085732e-11,-1.6497407884230597e-09,0.0 | 0 | 1.3704012644666363e-06,-8.060758460715078e-08,-5.032479641342569e-12 | -1.628230744676884e-10,-7.047805006266117e-09,0.0 | 1,6
9880 | 329.33335050940514 | 136.1376190185547,210.59884643554688,0.21448951959609985 | 7.392942369399691e-10,2.491475026289436e-09,1.907030799941367e-08 | 0 | -2.0574066184053663e-06,2.770746050373418e-07,-8.079532702598424e-12 | 4.391631946987218e-08,2.1401532990239502e-08,0.0 | 1,6
9890 | 329.66668386012316 | 136.1376190185547,210.59884643554688,0.21448951959609985 | -6.680234143630059e-10,-1.4209434739953508e-09,0.0 | 0 | 1.1861575330840424e-06,-1.0512588914934895e-06,2.774319402681913e-13 | -1.173710989510468e-10,-1.6004381819811897e-08,0.0 | 1,6
9900 | 330.0000172108412 | 136.1376190185547,210.59884643554688,0.21448951959609985 | 8.598468048681696e-10,4.724067248496056e-10,1.907030799941367e-08 | 0 | -4.088837215476815e-07,1.497606490374892e-06,1.6161365648525994e-11 | -1.758554724062833e-08,1.3401004750335233e-09,0.0 | 1,6
9910 | 330.3333505615592 | 136.1376190185547,210.59884643554688,0.21448951959609985 | 2.486892913822203e-10,2.306745017222056e-09,1.907030799941367e-08 | 0 | -1.928976189446985e-06,4.409361054058536e-07,3.666981648886569e-11 | -4.353708782378618e-10,-7.052058492718061e-09,0.0 | 1,6
9920 | 330.6666839122772 | 136.1376190185547,210.59884643554688,0.21448951959609985 | -4.590852975550064e-10,-2.7380846479019283e-09,1.907030799941367e-08 | 0 | 2.283968569827266e-06,-1.2922474468268774e-07,-5.0647579880047644e-11 | -2.367625917543137e-08,2.4798094688804895e-09,5.721092293242691e-07 | 1,6
9930 | 331.00001726299524 | 136.1376190185547,210.59884643554688,0.21448951959609985 | 1.3667291742791576e-09,3.671592807563684e-09,1.907030799941367e-08 | 0 | -3.047804284506128e-06,1.317275859946676e-06,4.497852611196063e-12 | 4.388326146909094e-08,2.1401000083187682e-08,0.0 | 1,6
9940 | 331.33335061371326 | 136.1376190185547,210.59884643554688,0.21448951959609985 | -1.0879942502484141e-09,-1.7525831896847421e-09,0.0 | 0 | 1.450957483939419e-06,-1.3913330576542648e-06,2.563056711313294e-11 | -1.2716495412234963e-08,-2.595357528889508e-08,0.0 | 1,6
9950 | 331.6666839644313 | 136.1376190185547,210.59884643554688,0.21448951959609985 | 6.074424296897973e-10,8.070126233938879e-10,1.907030799941367e-08 | 0 | -6.524488185277733e-07,3.0701528430654434e-08,-2.6118648910333775e-11 | 3.052853969620628e-08,2.141738697503115e-08,0.0 | 1,6
9960 | 332.0000173151493 | 136.1376190185547,210.59884643554688,0.21448951959609985 | 1.5663870200910424e-09,5.812347270151008e-10,1.907030799941367e-08 | 0 | -5.240929681349371e-07,2.979745886477758e-06,5.086202986559485e-11 | -1.2437356922134768e-08,-2.5949557169724358e-08,0.0 | 1,6
9970 | 332.33335066586733 | 136.1376190185547,210.59884643554688,0.21448951959609985 | -2.880377714120641e-09,-3.2414497752597526e-09,1.907030799941367e-08 | 0 | 2.7293531275063287e-06,-4.742748842545552e-06,-2.251032693578736e-11 | -1.5805355635389873e-10,-7.047728622922023e-09,0.0 | 1,6
9980 | 332.66668401658535 | 136.1376190185547,210.59884643554688,0.21448951959609985 | 2.1036092867632306e-09,3.510116641791683e-09,1.907030799941367e-08 | 0 | -2.9501434255507775e-06,4.106247615709435e-06,1.0842615867645566e-11 | -2.4155143663051604e-08,2.043281455144097e-08,0.0 | 1,6
9990 | 333.00001736730337 | 136.1376190185547,210.59884643554688,0.21448951959609985 | -1.4817028715086167e-09,-1.4429929473536163e-09,1.907030799941367e-08 | 0 | 1.1976052292084205e-06,-2.0310098989284597e-06,2.8832434703640608e-11 | -1.1278021183613873e-08,-2.5939376868677755e-08,0.0 | 1,6
10000 | 333.3333507180214 | 136.1376190185547,210.59884643554688,0.21448951959609985 | -1.0898481769827661e-11,1.8445618296669686e-11,1.907030799941367e-08 | 0 | 1.165871577057942e-08,-9.902619240165222e-07,-3.4582930269477785e-11 | 3.050587338293553e-08,2.1417045914517985e-08,0.0 | 1,6
10010 | 333.6666840687394 | 136.1376190185547,210.59884643554688,0.21448951959609985 | 1.894760792708894e-09,1.8369225029957192e-09,1.907030799941367e-08 | 0 | -1.5739883565402124e-06,3.532498794811545e-06,6.419162423831892e-11 | -1.109664982124059e-08,-2.5936827796613215e-08,0.0 | 1,6
10020 | 334.00001741945744 | 136.1376190185547,210.59884643554688,0.21448951959609985 | -2.6947646336594744e-09,-3.86610876645932e-09,1.907030799941367e-08 | 0 | 3.2475757052452536e-06,-4.445957983989501e-06,-2.9046171717839186e-11 | -1.4868105358001316e-10,-7.047575412144624e-09,0.0 | 1,6
10030 | 334.33335077017546 | 136.1376190185547,210.59884643554688,0.21448951959609985 | 2.1036088426740207e-09,3.510116197702473e-09,1.907030799941367e-08 | 0 | -2.9501434255507775e-06,4.106247615709435e-06,1.0861200827605444e-11 | -2.415515609754948e-08,2.0432800340586255e-08,0.0 | 1,6
10040 | 334.6666841208935 | 136.1376190185547,210.59884643554688,0.21448951959609985 | -1.0879941392261117e-09,-1.7525831896847421e-09,0.0 | 0 | 1.450957483939419e-06,-1.3913330576542648e-06,2.5631871625186875e-11 | -1.2716491859521284e-08,-2.595357351253824e-08,0.0 | 1,6
10050 | 335.0000174716115 | 136.1376190185547,210.59884643554688,0.21448951959609985 | 1.9279126906024402e-10,1.768852564421053e-10,1.907030799941367e-08 | 0 | -1.2269758542515774e-07,-6.550711759700789e-07,-3.2860329041151104e-11 | 3.0528649830330323e-08,2.141738342231747e-08,0.0 | 1,6
10060 | 335.3333508223295 | 136.1376190185547,210.59884643554688,0.21448951959609985 | 1.1896382767773162e-09,1.8304791016277022e-09,1.907030799941367e-08 | 0 | -1.5605412500008242e-06,2.386240794294281e-06,6.398082064151822e-11 | -1.9551824603780688e-09,-2.6213603732117008e-08,0.0 | 1,6
10070 | 335.66668417304754 | 136.13768005371094,210.59329223632812,0.21446570754051208 | 0.0007301646401174366,-0.04949457198381424,6.674607675449806e-07 | 0 | -0.006616475060582161,-0.0007859458564780653,-0.0006404873565770686 | -0.0009569478570483625,0.06764351576566696,-1.2014292224193923e-05 | 0,0
10080 | 336.00001752376556 | 136.1396484375,210.4488983154297,0.21414393186569214 | 0.012749127112329006,-0.9867639541625977,-2.517280563552049e-06 | 0 | -0.4157484769821167,-0.0061327009461820126,0.032618794590234756 | 0.026329651474952698,-4.599895000457764,3.77592041331809e-05 | 0,0
10090 | 336.3333508744836 | 136.14755249023438,209.8282012939453,0.21380576491355896 | 0.031263962388038635,-2.494802713394165,-2.1549446955759777e-06 | 179.3 | 0.001842190744355321,0.00145738257560879,-0.056940384209156036 | 0.03983985260128975,-3.4522244930267334,5.663881893269718e-05 | 0,0
10100 | 336.6666842252016 | 136.15797424316406,208.9779052734375,0.21425491571426392 | 0.030189519748091698,-2.546992778778076,3.9094129533623345e-06 | 179.3 | 0.3033030331134796,0.0035821860656142235,-0.08516626805067062 | -0.0026901995297521353,0.04509687051177025,-3.37544443027582e-05 | 0,0
10110 | 337.0000175759196 | 136.16827392578125,208.07614135742188,0.21421000361442566 | 0.0341874435544014,-3.1726160049438477,-2.421929139018175e-06 | 179.4 | -0.41148799657821655,0.0008550351485610008,-0.15019863843917847 | 0.023884957656264305,-3.741917371749878,-1.487484132667305e-05 | 0,0
10120 | 337.33335092663765 | 136.18115234375,206.82765197753906,0.21398170292377472 | 0.03979593887925148,-4.229690074920654,-2.9558975711552193e-06 | 179.5 | -0.04699931666254997,0.007762948051095009,-0.25045570731163025 | 0.008063948713243008,-2.9699132442474365,2.631702591315843e-05 | 0,0
10130 | 337.66668427735567 | 136.19459533691406,205.2689971923828,0.21404682099819183 | 0.036580897867679596,-4.97942590713501,9.7258566711389e-07 | 179.6 | 0.17184381186962128,0.009130229242146015,-0.3681732416152954 | -0.005883313249796629,-1.275715708732605,1.4874838598188944e-05 | 0,0
10140 | 338.0000176280737 | 136.206298828125,203.57972717285156,0.21516112983226776 | 0.03117782436311245,-5.031219005584717,-0.0011996367247775197 | 179.6 | 0.30344611406326294,-0.004879255313426256,2.1359972953796387 | -0.014385747723281384,0.9415482878684998,-0.0020229790825396776 | 0,0
10150 | 338.3333509787917 | 136.21490478515625,201.9007568359375,0.2148251235485077 | 0.02102951519191265,-5.014875888824463,-0.01299523189663887 | 179.8 | 0.03866689279675484,-0.010212590917944908,-0.21935269236564636 | -0.010639428161084652,-0.21443365514278412,-0.37918421626091003 | 0,0
10160 | 338.66668432950974 | 136.22108459472656,200.21913146972656,0.21489405632019043 | 0.012460155412554741,-5.037424087524414,0.002111655194312334 | 179.9 | 0.010867253877222538,0.004216701723635197,-0.29552963376045227 | -0.031400393694639206,0.10924815386533737,-0.03625284135341644 | 0,0
10170 | 339.00001768022776 | 136.22030639648438,198.53529357910156,0.21495334804058075 | -0.033311791718006134,-5.141778469085693,2.5344439563923515e-05 | 180.4 | -0.08786512166261673,0.09027796983718872,-0.031735192984342575 | 0.2320571094751358,-1.037993311882019,-0.0038113913033157587 | 0,0
10180 | 339.3333510309458 | 136.15390014648438,196.78028869628906,0.21490028500556946 | -0.514333188533783,-5.2711286544799805,-8.924904250307009e-05 | 185.6 | 0.18895898759365082,1.514823317527771,-12.407576560974121 | -3.6455447673797607,0.32007691264152527,0.0001516087504569441 | 0,0
10190 | 339.6666843816638 | 135.8591766357422,195.04124450683594,0.2149849236011505 | -1.4344308376312256,-5.066433429718018,-6.981639307923615e-05 | 195.8 | 0.2889944911003113,0.9781160950660706,-25.999126434326172 | -4.453732490539551,1.4978026151657104,0.00030550637166015804 | 0,0
10200 | 340.0000177323818 | 135.2926788330078,193.37655639648438,0.2149992734193802 | -2.0850322246551514,-4.8662190437316895,2.5153734895866364e-05 | 203.2 | -0.08158331364393234,-0.32941460609436035,-23.253677368164062 | -1.6539000272750854,0.6468200087547302,0.00022026199440006167 | 0,0
10210 | 340.33335108309984 | 134.46047973632812,191.84487915039062,0.21503745019435883 | -2.971360921859741,-4.3228912353515625,-1.4855769222776871e-05 | 214.5 | -0.14309793710708618,-0.23865170776844025,-29.445316314697266 | -1.8625401258468628,1.1500166654586792,0.0006550649995915592 | 0,0
10220 | 340.66668443381786 | 133.36216735839844,190.50050354003906,0.2150508016347885 | -3.790926218032837,-3.609518051147461,-4.9334885261487216e-05 | 226.4 | -0.19134339690208435,-0.1996370404958725,-34.10108184814453 | -1.8309401273727417,1.6261481046676636,0.0012008573394268751 | 0,0
10230 | 341.0000177845359 | 132.01153564453125,189.41136169433594,0.2150757908821106 | -4.502518653869629,-2.6254634857177734,-8.455774514004588e-05 | 239.8 | 1.1850731372833252,0.9399120211601257,-41.04815673828125 | -2.3539493083953857,4.4230194091796875,-0.0017598079284653068 | 0,0
10240 | 341.3333511352539 | 130.45716857910156,188.63294982910156,0.215035542845726 | -4.92935848236084,-1.8429731130599976,8.091531344689429e-05 | 249.5 | 0.8597084879875183,0.40402430295944214,-33.57670593261719 | -1.794075846672058,6.2199387550354,-0.0008873411570675671 | 0,0
10250 | 341.6666844859719 | 128.77606201171875,188.1620330810547,0.2150079607963562 | -5.185535907745361,-1.1274741888046265,0.00014634554099757224 | 257.7 | -1.464586615562439,-0.4337247610092163,-22.72113609313965 | -0.40502068400382996,0.7588719725608826,0.00029692452517338097 | 0,0
10260 | 342.00001783668995 | 127.0378189086914,187.8279571533203,0.2149895876646042 | -5.281488418579102,-0.6921820640563965,2.974967856061994e-06 | 262.5 | -0.29717397689819336,-0.04787943512201309,-17.490951538085938 | -0.226163849234581,1.3454960584640503,0.000243718532146886 | 0,0
10270 | 342.33335118740797 | 125.27376556396484,187.6246795654297,0.21497294306755066 | -5.317971706390381,-0.42616531252861023,4.119186542084208e-06 | 265.4 | -0.12664903700351715,-0.010325171053409576,-11.366422653198242 | -0.08525847643613815,0.8627387285232544,-0.00012071501987520605 | 0,0
10280 | 342.666684538126 | 123.49903106689453,187.50938415527344,0.21496222913265228 | -5.335155963897705,-0.23948557674884796,4.36710024587228e-06 | 267.4 | -0.2643882930278778,-0.015778377652168274,-6.9549665451049805 | -0.03403186425566673,0.5847809910774231,-4.8629277443978935e-05 | 0,0
10290 | 343.000017888844 | 121.71959686279297,187.44918823242188,0.21495741605758667 | -5.343809127807617,-0.08884348720312119,7.628123199765469e-08 | 269.0 | -0.03335583582520485,0.0008576143300160766,-5.266361236572266 | -0.02028465084731579,0.6745109558105469,-7.551841554231942e-05 | 0,0
10300 | 343.33335123956203 | 119.93740844726562,187.427734375,0.21495342254638672 | -5.350377559661865,-0.012865547090768814,1.5065542129377718e-06 | 269.9 | -0.12588264048099518,-0.0001236134849023074,-3.1193151473999023 | -0.020885465666651726,0.02239496260881424,2.2884365534991957e-05 | 0,0
10310 | 343.66668459028006 | 118.15291595458984,187.42868041992188,0.21495124697685242 | -5.356492042541504,0.030121514573693275,2.44099942392495e-06 | 270.3 | -0.09273342043161392,0.0007254744414240122,-1.6786293983459473 | -0.018868444487452507,0.0018337926594540477,3.0321789381559938e-05 | 0,0
10320 | 344.0000179409981 | 116.36640167236328,187.44290161132812,0.2149503231048584 | -5.36238956451416,0.06430528312921524,9.916559520206647e-07 | 270.7 | 0.0015613893046975136,0.0004265937313903123,-1.1503833532333374 | -0.016522405669093132,0.16758619248867035,9.725855306896847e-06 | 0,0
10330 | 344.3333512917161 | 114.57789611816406,187.46588134765625,0.21494968235492706 | -5.368536472320557,0.08150745928287506,1.1823590284620877e-06 | 270.9 | -0.005795079283416271,0.00033787701977416873,-0.6207125186920166 | -0.01758098416030407,0.10593651980161667,4.5768715608573984e-06 | 0,0
10340 | 344.6666846424341 | 112.78726959228516,187.4934539794922,0.2149493396282196 | -5.374645709991455,0.09003911167383194,-2.479139880051662e-07 | 271.0 | -0.010600574314594269,0.00018754925986286253,-0.2836607098579407 | -0.01785278134047985,0.013574882410466671,2.402858626737725e-05 | 0,0
10350 | 345.00001799315214 | 110.99472045898438,187.5242919921875,0.21494941413402557 | -5.380199432373047,0.09738492965698242,-4.1954677953981445e-07 | 271.0 | -0.005118108354508877,-7.62068884796463e-05,-0.1260446012020111 | -0.015592574141919613,0.02349972538650036,-8.009529665287118e-06 | 0,0
10360 | 345.33335134387016 | 109.20042419433594,187.55792236328125,0.21494963765144348 | -5.38530158996582,0.10586715489625931,-5.721092293242691e-07 | 271.1 | -0.0005519764963537455,-6.7877708715968765e-06,-0.11084366589784622 | -0.015220641158521175,0.022948531433939934,0.0 | 0,0
10370 | 345.6666846945882 | 107.4044418334961,187.59375,0.21494971215724945 | -5.390437126159668,0.1091725155711174,0.0 | 271.2 | -0.014059048146009445,0.0003702525282278657,0.0360473096370697 | -0.016064641997218132,-0.0035076586063951254,-3.489866139716469e-05 | 0,0
10380 | 346.0000180453062 | 105.6066665649414,187.62948608398438,0.21494941413402557 | -5.395983695983887,0.10430850833654404,-3.0512492799061874e-07 | 271.1 | -0.017521269619464874,0.0005027381703257561,0.26213738322257996 | -0.01689433865249157,-0.028615592047572136,3.1466006475966424e-05 | 0,0
10390 | 346.3333513960242 | 103.8070297241211,187.6618194580078,0.21494953334331512 | -5.401637077331543,0.08813872933387756,1.7544682577863568e-06 | 270.9 | -0.014406668953597546,0.00035233277594670653,0.5688720345497131 | -0.01716613583266735,-0.053581591695547104,7.036943134153262e-05 | 0,0
10400 | 346.66668474674225 | 102.00543975830078,187.6883544921875,0.21494907140731812 | -5.407831192016602,0.06832746416330338,-4.1954677953981445e-07 | 270.7 | -0.0007520231883972883,0.00032967363949865103,0.7338963150978088 | -0.0191116314381361,-0.04079863056540489,-8.581638212490361e-06 | 0,0
10410 | 347.00001809746027 | 100.20169830322266,187.7074737548828,0.2149486541748047 | -5.414289474487305,0.044055867940187454,-1.2395699968692497e-06 | 270.5 | 0.0005786744295619428,0.00014948191528674215,0.863093912601471 | -0.019211767241358757,-0.06410948187112808,-3.37544443027582e-05 | 0,0
10420 | 347.3333514481783 | 98.39583587646484,187.71897888183594,0.2149486541748047 | -5.420588970184326,0.02148464322090149,5.530388875740755e-07 | 270.2 | 0.0019626831635832787,5.08282428199891e-05,0.8710349798202515 | -0.018668172881007195,-0.06966377794742584,1.0870073310798034e-05 | 0,0
