Simulation Frame | Timestamp | Position | Velocity | Heading | Angular Velocity | Acceleration | Stopped at Red Light + Light ID 
1111 | 37.03333526477218 | 101.0353012084961,191.58204650878906,0.25680527091026306 | 4.979722023010254,0.010908789001405239,-0.012866565026342869 | 89.9 | -0.0008463665144518018,0.3173139691352844,0.007757849525660276 | -0.6643437743186951,-0.0017518176464363933,-0.38065284490585327 | 0,0
1151 | 38.36666866764426 | 107.76841735839844,191.5973358154297,0.2568671405315399 | 5.077609539031982,0.011547175236046314,0.0016660201363265514 | 89.9 | 0.000802615366410464,-0.3545878231525421,0.002602735999971628 | 0.696072518825531,0.0018379836110398173,-0.029358353465795517 | 0,0
1191 | 39.70000207051635 | 112.95182037353516,191.60923767089844,0.2749537527561188 | -0.00749931251630187,-4.2720886995084584e-05,0.00043484114576131105 | 0 | 0.006346961483359337,-1.8594290018081665,0.0007283377344720066 | -0.18733243644237518,-3.5375884181121364e-05,0.010419824160635471 | 1,5
1231 | 41.03333547338843 | 112.96192169189453,191.6092529296875,0.2564498484134674 | 9.154424418511553e-08,-1.986348223681489e-07,-8.848622201185208e-06 | 0 | 4.920574792777188e-05,1.8482920495443977e-05,2.2984954384241973e-08 | 2.4604250938864425e-05,2.075166776194237e-06,6.293220849329373e-06 | 1,5
1270 | 42.33333554118872 | 112.96192169189453,191.6092529296875,0.25644877552986145 | 5.758625576390841e-08,1.6136427305468715e-08,-1.9642416191345546e-06 | 0 | -3.6868038932880154e-06,1.19542091852054e-05,1.3543696719686693e-10 | 3.5888228921976406e-07,-6.202504732044645e-09,-3.432654466450913e-06 | 1,5
1312 | 43.73333561420441 | 112.96192169189453,191.6092529296875,0.25644877552986145 | -8.012132068913047e-10,1.603167731900612e-08,-4.386170644465892e-07 | 0 | -3.8318180486385245e-06,-1.6820239068238152e-07,7.097158971625106e-11 | 1.0007993739291621e-10,6.47470557169072e-08,-5.148982381797396e-06 | 1,5
1354 | 45.1333356872201 | 112.96192169189453,191.6092529296875,0.25644877552986145 | -3.6700598116112815e-08,1.1875111738390842e-07,-6.865310524517554e-07 | 0 | -2.4101507733576e-05,-7.555230695288628e-06,-1.50395873532716e-08 | -1.2150409247624339e-06,4.329071089159697e-06,8.009529665287118e-06 | 1,5
1395 | 46.500002425163984 | 112.96192169189453,191.6092529296875,0.25644877552986145 | 2.0147430390693444e-08,-7.341014196526885e-08,-1.9070307644142304e-06 | 0 | 1.3550589756050613e-05,4.115777301194612e-06,1.4533133807503873e-08 | 1.1622410056588706e-06,-4.316212653066032e-06,-1.4874838598188944e-05 | 1,5
1435 | 47.83333582803607 | 112.96192169189453,191.6092529296875,0.25644877552986145 | -2.5012680815450494e-10,-5.5671067755724835e-09,-1.5256246399530937e-07 | 0 | 1.230770521942759e-06,-5.179108342190375e-08,2.4805382747850047e-10 | -7.503803800545938e-09,-1.6701319793810399e-07,-4.576873834594153e-06 | 1,5
1477 | 49.23333590105176 | 112.96192169189453,191.6092529296875,0.25644877552986145 | 2.7228164167780733e-09,2.0943242695636854e-09,-8.581638439864037e-07 | 0 | -5.155665121492348e-07,5.648624323839613e-07,7.431526227730245e-11 | 2.3610338573121226e-08,-3.905209311483304e-08,-4.576873379846802e-06 | 1,5
1517 | 50.566669303923845 | 112.96192169189453,191.6092529296875,0.25644877552986145 | 3.698909845084586e-09,-3.6411222481547156e-08,-1.2014294270557002e-06 | 0 | 8.585184332332574e-06,7.690290999562421e-07,1.1542525268914972e-10 | 5.633539856830794e-08,2.680627915196965e-07,-4.576874744088855e-06 | 1,5
1556 | 51.86666937172413 | 112.96192169189453,191.6092529296875,0.25644877552986145 | -7.49979356395869e-10,-1.5436905087540254e-08,-1.4684136431242223e-06 | 0 | 3.672899538287311e-06,-1.5535107422692818e-07,7.063764850823162e-11 | 2.3385064551462165e-08,-2.514263286457208e-08,-4.5768715608573984e-06 | 1,5
1596 | 53.200002774596214 | 112.96192169189453,191.6092529296875,0.25644877552986145 | -1.5972968725463943e-08,-5.6459033004330195e-08,-1.8879603658206179e-06 | 0 | 1.162106309493538e-05,-3.265448413003469e-06,2.607903892837271e-09 | -1.1625264733083895e-06,-1.4843768667560653e-06,-9.153746759693604e-06 | 1,5
1638 | 54.600002847611904 | 112.96192169189453,191.6092529296875,0.25644877552986145 | -4.145550569489842e-09,-6.779983685589741e-09,-6.102498559812375e-07 | 0 | 1.654725110711297e-06,-8.592516564931429e-07,-1.5081308424313988e-10 | -5.4551019701420955e-08,5.253245660696848e-08,-4.576873834594153e-06 | 1,5
1678 | 55.93333625048399 | 112.96192169189453,191.6092529296875,0.25644877552986145 | 2.718585356831227e-09,4.693929689381093e-09,-1.0107263506142772e-06 | 0 | -1.136745595431421e-06,5.637969593408343e-07,7.523523470887028e-11 | 2.3616001598725234e-08,-4.0743966422951416e-08,-4.576874744088855e-06 | 1,5
1716 | 57.20000298321247 | 112.96192169189453,191.6092529296875,0.25644877552986145 | -8.780073335046268e-10,-1.74717786904921e-08,-1.0870074902413762e-06 | 0 | 3.785730768868234e-06,-1.8212990937627183e-07,1.472646449229842e-10 | -1.142703013101709e-06,-1.5591548390148091e-06,-9.725856216391549e-06 | 1,5
1756 | 58.53333638608456 | 112.96127319335938,191.6092529296875,0.2564769685268402 | -0.004714783746749163,-7.741459739918355e-06,-1.1251480600549257e-06 | 0 | 2.7784926714957692e-05,0.004075515083968639,0.00022844644263386726 | 0.164103701710701,0.0003746161819435656,-1.2586398952407762e-05 | 0,0
1797 | 59.900003124028444 | 115.19136810302734,191.6155242919922,0.25077521800994873 | 3.460110902786255,0.010429110378026962,4.4510099542094395e-05 | 89.8 | -0.0012028450146317482,0.28881168365478516,-0.013591665774583817 | 2.2128937244415283,0.005839308258146048,-6.979712634347379e-05 | 0,0
1838 | 61.26666986197233 | 121.3830337524414,191.6317596435547,0.25636011362075806 | 4.839335918426514,0.009186092764139175,4.1954677953981445e-07 | 89.9 | -0.004157296381890774,0.3070313334465027,-0.0588030181825161 | -0.2703952491283417,-0.01067985687404871,-7.952317537274212e-05 | 0,0
1877 | 62.566669929772615 | 127.64999389648438,191.65676879882812,0.2562376856803894 | 4.843848705291748,0.21996185183525085,-4.658876059693284e-05 | 87.4 | 1.8947477340698242,0.06994342803955078,5.363770008087158 | -0.11451243609189987,2.1338813304901123,-0.0004799995804205537 | 0,0
1917 | 63.9000033326447 | 131.65533447265625,195.6233367919922,0.25983086228370667 | 0.7216954827308655,4.691336154937744,0.0005367718986235559 | 8.7 | -3.4392647743225098,-9.615008354187012,45.0457763671875 | 6.1350789070129395,-0.4797506034374237,0.06597848981618881 | 0,0
1958 | 65.26667007058859 | 132.2396697998047,199.4660186767578,0.25454604625701904 | 0.07097835093736649,2.7207000255584717,5.995704486849718e-05 | 1.5 | -2.531635284423828,-0.42333874106407166,7.781452178955078 | -0.08455529063940048,-4.656514644622803,0.0011962803546339273 | 0,0
1999 | 66.63333680853248 | 132.3201446533203,202.69427490234375,0.2611766755580902 | -0.013523725792765617,1.7264264822006226,5.019304808229208e-05 | 359.6 | 1.5409334897994995,-0.004663918167352676,1.6079397201538086 | 0.14118628203868866,1.3596938848495483,0.001552704256027937 | 0,0
2038 | 67.93333687633276 | 132.3170623779297,203.8189239501953,0.25743621587753296 | 0.00012726621935144067,-0.0028823150787502527,2.759473500191234e-05 | 0 | 0.6047687530517578,0.029883379116654396,-0.00022111284488346428 | -0.000993159832432866,0.015211399644613266,-0.0004862927889917046 | 0,0
2080 | 69.33333694934845 | 132.31700134277344,203.81947326660156,0.2564513385295868 | 7.532275390076393e-07,-4.432509285834385e-06,-1.106077775148151e-06 | 0 | 0.0009209734853357077,0.0001779071317287162,-2.924160753536853e-07 | 2.634402278545167e-07,1.0735547220974695e-05,2.8033355192746967e-05 | 0,0
2121 | 70.70000368729234 | 132.31700134277344,203.81947326660156,0.25644928216934204 | -1.7314366829168648e-08,-2.5975131379141203e-08,-8.581638439864037e-07 | 0 | 5.390416390582686e-06,-3.824937721219612e-06,-1.8876864515959824e-09 | -1.4582208223146154e-06,9.86570285022026e-07,2.2884357804286992e-06 | 0,0
2162 | 72.06667042523623 | 132.31700134277344,203.81947326660156,0.25644928216934204 | 9.281532875604626e-09,1.4969036010725745e-09,-2.0977338976990723e-07 | 0 | -3.100443848325085e-07,2.1598816601908766e-06,2.495959272597048e-10 | 9.061180605840491e-08,1.4962770578108575e-08,-2.2884369172970764e-06 | 0,0
2201 | 73.36667049303651 | 132.31700134277344,203.81947326660156,0.25644928216934204 | 4.906142159200044e-09,-1.312071673531534e-09,-2.6698430133365036e-07 | 0 | 2.753756973561394e-07,9.666418918641284e-07,-1.59230493373963e-11 | 1.7499402247267426e-06,1.2264674751349958e-06,4.0047639231488574e-06 | 0,0
2243 | 74.7666705660522 | 132.31700134277344,203.81947326660156,0.25644928216934204 | -1.4347579124773802e-08,-9.237335341083508e-09,-5.530388875740755e-07 | 0 | 1.8726740336205694e-06,-1.9048234207730275e-06,-5.519434242984289e-09 | -1.8501386023217492e-07,3.247031798991884e-08,-1.7163272332254564e-06 | 0,0
2285 | 76.16667063906789 | 132.29391479492188,205.81204223632812,0.25066515803337097 | -0.05596096068620682,3.23909854888916,6.45529871690087e-05 | 359.0 | -0.7553783059120178,-0.2111719399690628,0.8815891742706299 | 0.17547401785850525,0.5744146704673767,0.00018364704737905413 | 0,0
2325 | 77.50000404193997 | 132.24168395996094,208.85174560546875,0.2520245313644409 | -0.057422637939453125,3.0537350177764893,6.073893018765375e-05 | 358.9 | -1.6259896755218506,-0.00487122917547822,0.20926615595817566 | -0.03790273889899254,-2.559513807296753,0.0012557797599583864 | 0,0
2365 | 78.83333744481206 | 132.18435668945312,212.06153869628906,0.2620905935764313 | -0.0283332671970129,1.6027030944824219,-5.795466495328583e-05 | 359.0 | 0.6423256993293762,0.01338399201631546,-0.00010230299085378647 | -0.005017295014113188,0.387400358915329,0.0015578530728816986 | 0,0
2405 | 80.16667084768414 | 132.13021850585938,215.17710876464844,0.2577197551727295 | -0.03639672324061394,2.243495225906372,8.684617932885885e-05 | 359.1 | 2.0890066623687744,0.029716264456510544,-0.06670352071523666 | -0.03578222915530205,2.5057337284088135,-7.952308078529313e-05 | 0,0
2446 | 81.53333758562803 | 132.08251953125,218.54977416992188,0.2524697780609131 | -0.03040088154375553,2.998317241668701,-6.300829409155995e-05 | 359.4 | 0.708544135093689,-0.021509584039449692,-0.29085400700569153 | 0.03031996823847294,2.309875249862671,2.4600665710750036e-05 | 0,0
2484 | 82.80000431835651 | 132.0558624267578,222.04690551757812,0.25173696875572205 | -0.011123212054371834,3.7010014057159424,-2.4429064069408923e-05 | 359.8 | 0.16570508480072021,-0.01886407844722271,-0.42594993114471436 | 0.01907818764448166,2.168276071548462,0.0001859354815678671 | 0,0
4137 | 137.90000719204545 | 99.12325286865234,191.75048828125,0.25675275921821594 | 5.272175312042236,0.006659522652626038,1.620976036065258e-06 | 89.9 | -0.06593751907348633,0.05489993095397949,-0.02524985745549202 | 0.02059936337172985,-0.08613511174917221,-2.7461243007564917e-05 | 0,0
4175 | 139.16667392477393 | 105.82730865478516,191.7585906982422,0.2567521631717682 | 5.299923419952393,0.0039231302216649055,-2.002382188948104e-06 | 90.0 | 0.024778930470347404,0.053111687302589417,-0.03304573521018028 | 0.022144315764307976,0.014089978300035,-1.7163272787001915e-05 | 0,0
4216 | 140.53334066271782 | 112.930419921875,191.75685119628906,0.26312777400016785 | 3.386727809906006,-0.026095859706401825,-0.0032558164093643427 | 90.4 | 0.0228529442101717,5.93768835067749,-0.6289643049240112 | -13.025772094726562,-0.04931537061929703,0.06130436435341835 | 1,5
4257 | 141.9000074006617 | 113.36170959472656,191.75282287597656,0.2564535439014435 | -0.0002496136585250497,6.411562480934663e-06,-2.2102487491793e-05 | 0 | -0.0014314207946881652,-0.051934823393821716,1.350876937067369e-05 | 0.0028683848213404417,-4.636527592083439e-05,6.636458419961855e-05 | 1,5
4299 | 143.3000074736774 | 113.6030044555664,191.75100708007812,0.2515958845615387 | 1.2520071268081665,-0.020977286621928215,-0.00010029074474005029 | 91.0 | -0.06610051542520523,-1.5643677711486816,-0.569392204284668 | 4.7585530281066895,-0.09345396608114243,-0.0005337778711691499 | 0,0
4339 | 144.63334087654948 | 117.75294494628906,191.683349609375,0.2517845928668976 | 4.557206630706787,-0.08166810870170593,1.1079849173256662e-05 | 91.0 | -0.00500987283885479,0.14592212438583374,-0.18092115223407745 | 1.8241451978683472,-0.054348479956388474,5.778303966508247e-05 | 0,0
4382 | 146.06667428463697 | 124.67550659179688,191.56939697265625,0.2564484477043152 | 4.800590991973877,-0.06147977337241173,2.307507202203851e-06 | 90.7 | 0.029081052169203758,-0.11093608289957047,0.35259586572647095 | 0.09301184862852097,0.03931548073887825,0.00015961845929268748 | 0,0
4423 | 147.43334102258086 | 130.3441925048828,193.24807739257812,0.25844234228134155 | 2.8681674003601074,3.9946513175964355,0.005680987145751715 | 35.7 | -9.208372116088867,-9.929177284240723,41.36014175415039 | 5.60957145690918,-1.8086241483688354,0.033273860812187195 | 0,0
4465 | 148.83334109559655 | 132.23837280273438,199.51815795898438,0.25651371479034424 | 0.07497673481702805,4.955090522766113,-1.544694896438159e-06 | 0.9 | -0.07071740925312042,0.02364828810095787,14.940606117248535 | -2.1531567573547363,-0.1007223054766655,-0.00010641230619512498 | 0,0
4503 | 150.10000782832503 | 132.26988220214844,205.78326416015625,0.25623419880867004 | -0.1133827269077301,4.971489906311035,-5.14898317760526e-07 | 358.7 | 0.0037093237042427063,0.06398147344589233,1.6194432973861694 | -0.4083946943283081,0.034990306943655014,-1.7163276424980722e-05 | 0,0
4546 | 151.53334123641253 | 132.09474182128906,212.93960571289062,0.2569449245929718 | -0.13240750133991241,5.001806259155273,-0.0003787744208239019 | 358.5 | -0.06297518312931061,-0.06044512987136841,0.7325438857078552 | 0.06541460007429123,-0.2625989615917206,-0.006589552853256464 | 0,0
4587 | 152.9000079743564 | 132.00045776367188,218.9632568359375,0.2680072486400604 | 0.014163129031658173,1.778214693069458,8.230744424508885e-05 | 0.5 | -1.379969835281372,0.2367342859506607,-0.6519935727119446 | -0.039031755179166794,-6.88055944442749,-0.0016081987414509058 | 1,3
4628 | 154.2666747123003 | 132.00083923339844,219.1361846923828,0.2564876973628998 | -7.741560693830252e-06,-6.932671385584399e-05,-1.1518465726112481e-05 | 0 | 0.014413162134587765,-0.0018446074100211263,2.711806018851348e-06 | 1.0013917744799983e-05,0.00014732110139448196,2.4028584448387846e-05 | 1,3
4668 | 155.6000081151724 | 132.00083923339844,219.13623046875,0.256449431180954 | -5.9000960561661486e-08,-5.563109084505413e-07,-1.3158512501831865e-06 | 0 | 0.0001156480357167311,-1.4903233932272997e-05,2.3480856370383663e-08 | 6.988304903643439e-06,2.197452658947441e-06,-8.009529665287118e-06 | 1,3
4711 | 157.03334152325988 | 132.00088500976562,219.14866638183594,0.2558441162109375 | 0.0010453108698129654,0.212090864777565,-2.4028588541114004e-06 | 0 | 0.9721036553382874,-0.02974076382815838,-0.02843700349330902 | 0.02504613809287548,3.4705159664154053,-4.920139326713979e-05 | 0,0
4753 | 158.43334159627557 | 132.02581787109375,222.37313842773438,0.25140535831451416 | 0.04895879328250885,4.032205581665039,1.4054817256692331e-05 | 0.7 | -0.14501909911632538,-0.006362954154610634,-0.4959193468093872 | 0.04042502120137215,2.0801923274993896,-6.579256296390668e-05 | 0,0
15394 | 513.1333600953221 | 101.00153350830078,191.68508911132812,0.2562866508960724 | 2.4795286655426025,-0.016687842085957527,0.00010690814815461636 | 90.4 | 0.041448961943387985,2.2923710346221924,-0.24287208914756775 | -5.1079912185668945,0.02622350864112377,-0.0006756607908755541 | 0,0
15432 | 514.4000268280506 | 104.05020141601562,191.6644744873047,0.25972139835357666 | 2.124647855758667,-0.017210479825735092,1.580928437761031e-05 | 90.5 | -0.019463950768113136,-1.135232925415039,-0.08313587307929993 | 1.5342735052108765,-0.03618970140814781,0.0009651481523178518 | 0,0
15472 | 515.7333602309227 | 106.20366668701172,191.6476287841797,0.26134824752807617 | -0.009359966032207012,0.00010730374197009951,0.0003439901920501143 | 0 | -0.018574297428131104,-2.039666175842285,0.00045966642210260034 | 0.021609773859381676,-0.00021569800446741283,-0.0011299153557047248 | 0,0
15509 | 516.9666936285794 | 106.20631408691406,191.64759826660156,0.25646311044692993 | -2.8059967007720843e-05,2.081353045468859e-07,-2.0214527012285544e-06 | 0 | -4.790599996340461e-05,-0.005832070484757423,1.4467696018982679e-07 | 7.39063325454481e-05,-2.155844185836031e-06,1.887960206659045e-05 | 0,0
15549 | 518.3000270314515 | 106.20633697509766,191.64759826660156,0.25644949078559875 | -2.9190880468377145e-07,5.8893064647236315e-08,-1.8498197960070684e-06 | 0 | -1.4042107977729756e-05,-6.0587277403101325e-05,-1.044599073907193e-09 | 4.2357837060080783e-07,-3.4107497981494816e-07,4.5768715608573984e-06 | 0,0
15588 | 519.6000270992517 | 106.20633697509766,191.64759826660156,0.25644949078559875 | 0.0,0.0,0.0 | 0 | 0.0,0.0,0.0 | 5.980511446068704e-07,-1.754370600792754e-06,1.4302730050985701e-05 | 0,0
15625 | 520.8333604969084 | 106.20633697509766,191.64759826660156,0.25644949078559875 | 7.873049434614643e-10,2.8546229824399916e-09,-7.437419640154985e-07 | 0 | -6.171169388835551e-07,1.6504250766047335e-07,-2.2922924669543931e-10 | -4.636720163375685e-08,1.1414289957656365e-07,-1.1442169807196478e-06 | 0,0
15664 | 522.1333605647087 | 106.20633697509766,191.64759826660156,0.25644949078559875 | -2.579059465990241e-10,4.591107771734215e-10,-5.7210922221884175e-08 | 0 | -1.014603583371354e-07,-5.332329067186947e-08,-3.0404866124822405e-11 | -7.737178009392665e-09,1.3773322038446167e-08,-1.7163275742859696e-06 | 0,0
15704 | 523.4666939675808 | 106.35639190673828,191.64669799804688,0.25277236104011536 | 0.907630443572998,-0.007675793021917343,-6.358040263876319e-05 | 0 | -0.019074885174632072,-1.3281354904174805,-0.15631960332393646 | 3.8048794269561768,-0.03603758662939072,-0.00028204970294609666 | 0,0
15744 | 524.8000273704529 | 109.18850708007812,191.62335205078125,0.26053130626678467 | 1.7035306692123413,-0.014011490158736706,7.589982124045491e-05 | 90.5 | -0.01570853218436241,-1.8009228706359863,-0.0005113600636832416 | 1.749118447303772,-0.014447913505136967,0.0012649333802983165 | 0,0
15782 | 526.0666941031814 | 113.32701110839844,191.59007263183594,0.25191885232925415 | 4.567507743835449,-0.03413629159331322,2.1015479433117434e-05 | 90.4 | 0.009669329039752483,0.2795909643173218,0.0603698194026947 | 1.4633129835128784,0.0016079841880127788,6.464836769737303e-05 | 0,0
15821 | 527.3666941709816 | 118.65802764892578,191.55918884277344,0.25325900316238403 | 4.449577808380127,-0.012876170687377453,-3.295349233667366e-05 | 90.2 | 0.013091218657791615,-0.13294674456119537,0.23541200160980225 | 0.8165215849876404,0.03297976776957512,0.00010412374831503257 | 0,0
15859 | 528.6333609037101 | 122.67362976074219,191.55384826660156,0.25583621859550476 | 2.9013588428497314,0.0034148632548749447,4.746599370264448e-05 | 89.9 | -0.007087046280503273,2.750230312347412,0.15988174080848694 | -5.142094612121582,0.005528835579752922,0.00023342059284914285 | 0,0
15898 | 529.9333609715104 | 126.445556640625,191.56301879882812,0.26246634125709534 | 1.9517816305160522,0.038633234798908234,-0.00021093666146043688 | 88.9 | 0.35187453031539917,2.769803285598755,0.9550121426582336 | -5.592609405517578,0.3604356050491333,-0.0018376146908849478 | 0,0
15934 | 531.1333610340953 | 129.0081024169922,192.1210479736328,0.26546230912208557 | 0.6007140874862671,0.5255633592605591,0.00034357066033408046 | 0 | -8.113494873046875,1.1765097379684448,8.833499908447266 | -3.906980514526367,-5.040853977203369,-0.0034721307456493378 | 0,0
15974 | 532.4666944369674 | 130.9517059326172,194.0282745361328,0.2634902000427246 | 0.6508065462112427,1.3702713251113892,-6.78902961226413e-06 | 25.4 | -0.71676105260849,-0.5299261808395386,14.574382781982422 | -0.9094976782798767,1.3769994974136353,-0.0009886047337204218 | 0,0
16013 | 533.7666945047677 | 131.15286254882812,194.38694763183594,0.25653892755508423 | 8.931356569519266e-05,-0.00018983479822054505,-5.3015455705462955e-06 | 0 | 0.041029192507267,0.021064089611172676,-0.00010937284241663292 | 0.002679406898096204,-0.005695043597370386,-0.00015904635074548423 | 0,0
16052 | 535.0666945725679 | 131.15272521972656,194.3871612548828,0.25645026564598083 | 2.36743676396145e-06,-3.39672305926797e-06,-2.479139880051662e-07 | 0 | 0.0007586557185277343,0.000574447272811085,-1.764863554853946e-06 | 9.396141649631318e-06,-1.3203754861024208e-05,-8.009528755792417e-06 | 0,0
16090 | 536.3333613052964 | 131.15272521972656,194.38717651367188,0.2564498782157898 | 8.363333137140216e-08,-5.630668553635587e-08,-2.479139880051662e-07 | 0 | 1.2957175385963637e-05,1.9418546798988245e-05,-2.7162285753945525e-09 | 4.6686895416314655e-07,9.033778951561544e-07,1.1442186860222137e-06 | 0,0
16130 | 537.6666947081685 | 131.15272521972656,194.38717651367188,0.2564498782157898 | -1.0164514563371085e-08,7.221979014815361e-09,-8.581638439864037e-07 | 0 | -1.6972524008451728e-06,-2.421048293399508e-06,4.798403341332858e-10 | -4.956781207710037e-09,3.096141654168605e-08,-4.576873379846802e-06 | 0,0
16170 | 539.0000281110406 | 131.15342712402344,194.38853454589844,0.25635433197021484 | 0.022113783285021782,0.01784123294055462,-7.818825906724669e-07 | 0 | -0.1640191376209259,-0.35832372307777405,0.03679438680410385 | 0.09849803149700165,0.2647470533847809,-7.66626326367259e-05 | 0,0
16210 | 540.3333615139127 | 131.87879943847656,196.57435607910156,0.25534588098526 | 0.27806714177131653,2.5499255657196045,0.0003509127127472311 | 6.2 | -3.835998058319092,-1.1789053678512573,18.914501190185547 | -0.9127842783927917,-4.820029258728027,0.0017643844475969672 | 0,0
16248 | 541.6000282466412 | 132.23519897460938,199.5009765625,0.26125097274780273 | 0.05554527789354324,1.799187183380127,-8.202138997148722e-05 | 1.8 | -0.23331888020038605,-0.2560252845287323,4.828780174255371 | 0.06651609390974045,0.01780986599624157,0.00037415939732454717 | 0,0
16288 | 542.9333616495132 | 132.32516479492188,202.75196838378906,0.25602859258651733 | -0.028007881715893745,2.5879311561584473,2.5249086320400238e-05 | 359.4 | 1.6564216613769531,0.20739218592643738,2.874237060546875 | -0.2661189138889313,2.222749948501587,-0.0005789744900539517 | 0,0
16329 | 544.3000283874571 | 132.29934692382812,205.8075714111328,0.2515687048435211 | -0.05561600252985954,2.7387566566467285,-8.959230763139203e-05 | 358.8 | 0.6632136106491089,0.12787741422653198,1.038076400756836 | -0.14348576962947845,2.4668595790863037,8.352784061571583e-05 | 0,0
16368 | 545.6000284552574 | 132.20330810546875,211.0782012939453,0.25467899441719055 | -0.09200271219015121,4.774233818054199,3.060784365516156e-05 | 358.9 | -0.6479422450065613,-0.03539927676320076,0.05752125009894371 | 0.026041341945528984,-0.07481574267148972,-0.00010870072583202273 | 0,0
16409 | 546.9666951932013 | 132.0867462158203,217.51931762695312,0.2565833628177643 | -0.06196116656064987,4.582825660705566,-2.002382188948104e-06 | 359.2 | -0.7776377201080322,-0.07767708599567413,-0.42055264115333557 | 0.14180882275104523,-2.620868444442749,-3.718709558597766e-05 | 1,3
16450 | 548.3333619311452 | 132.0666046142578,219.1626739501953,0.25720834732055664 | 1.5389721738756634e-05,-0.002500621834769845,-5.587599844147917e-06 | 0 | 0.5237684845924377,0.0029702403116971254,7.167171861510724e-05 | -0.00010002436465583742,0.015070521272718906,-0.00035070290323346853 | 1,3
16491 | 549.7000286690891 | 132.0666046142578,219.1630859375,0.2564507722854614 | -5.68271829592959e-09,-1.610542312846519e-06,-1.3158512501831865e-06 | 0 | 0.0003346922458149493,-3.0089763640717138e-06,3.432664286151521e-08 | -1.2298787623876706e-06,4.109857400180772e-06,5.721088655263884e-06 | 1,3
16530 | 551.0000287368894 | 132.0666046142578,219.1630859375,0.25644972920417786 | 1.8525628320276155e-07,-7.357329856461092e-09,-1.4302730733106728e-06 | 0 | 1.6935719031607732e-06,3.6631576222134754e-05,3.029828832268322e-08 | 4.3340728552720975e-06,1.0680225841497304e-06,-1.544694896438159e-05 | 1,3
16571 | 552.3666954748333 | 132.0666046142578,219.1630859375,0.25644972920417786 | 0.0,0.0,0.0 | 0 | 0.0,0.0,0.0 | 9.32302697265186e-08,1.293478106845214e-07,4.004764377896208e-06 | 1,3
16612 | 553.7333622127771 | 132.0666046142578,219.1630859375,0.25644972920417786 | 3.0053028954313277e-09,-2.6972439837180673e-09,-1.907030799941367e-08 | 0 | 5.589095053437632e-07,7.01389751611714e-07,5.041915149273102e-11 | 2.524022235661505e-08,-2.3103444490857328e-08,0.0 | 1,3
16652 | 555.0666956156492 | 132.0666046142578,219.1630859375,0.25644972920417786 | 5.229186528232788e-10,-3.1062548089266784e-09,-5.7210922221884175e-08 | 0 | 6.447736495829304e-07,1.8994860795373825e-07,-8.761380509980654e-11 | -1.1233025531964813e-07,2.2384359255056552e-08,-1.1442183449617005e-06 | 1,3
16690 | 556.3333623483777 | 132.0666046142578,219.1630859375,0.25644972920417786 | 4.306338396986575e-09,-1.5235281924930177e-09,-5.7210922221884175e-08 | 0 | 3.1149053825174633e-07,1.197742221847875e-06,-3.393126890571807e-10 | -1.7363671531711589e-06,-1.22470237329253e-06,-5.148982381797396e-06 | 1,3
16730 | 557.6666957512498 | 132.0666046142578,219.1630859375,0.25644972920417786 | 6.373353844679741e-09,-5.648096212951259e-09,-5.7210922221884175e-08 | 0 | 1.1707197700161487e-06,1.5057378277560929e-06,9.879928819511719e-11 | 2.523663766851314e-08,-2.3102478152736694e-08,0.0 | 1,3
16769 | 558.9666958190501 | 132.0666046142578,219.1630859375,0.25644972920417786 | 9.026146940982471e-09,-3.937284720478829e-09,-1.907030799941367e-08 | 0 | 8.142850447256933e-07,2.1403402570285834e-06,7.067933044391239e-11 | 2.5233573452965175e-08,-2.3103090995846287e-08,0.0 | 1,3
16809 | 560.3000292219222 | 132.0666046142578,219.1630859375,0.25644972920417786 | 4.732960134923303e-10,-3.8690245451888927e-10,-1.907030799941367e-08 | 0 | 7.984765915125536e-08,9.885599183689919e-08,1.6454481874261795e-11 | 4.119473487662617e-06,-9.891975878417725e-07,1.4302729141491e-05 | 1,3
16847 | 561.5666959546506 | 132.0666046142578,219.1630859375,0.25644972920417786 | 3.27497073904226e-09,8.134294349204652e-10,0.0 | 0 | -1.6876613528893358e-07,7.241089861054206e-07,1.7505349947377624e-10 | 9.824911728628649e-08,2.440288149330172e-08,0.0 | 1,3
16887 | 562.9000293575227 | 132.0666046142578,219.1630859375,0.25644972920417786 | 3.0053028954313277e-09,-2.6972439837180673e-09,-1.907030799941367e-08 | 0 | 5.589095053437632e-07,7.01389751611714e-07,5.042017151013489e-11 | 2.524022235661505e-08,-2.3103444490857328e-08,0.0 | 1,3
16927 | 564.2333627603948 | 132.0666046142578,219.1630859375,0.25644972920417786 | 5.108515832574767e-09,-4.622494387263032e-09,-1.907030799941367e-08 | 0 | 9.58113446358766e-07,1.2036512089252938e-06,8.198459272579228e-11 | 2.5237650191911598e-08,-2.3102824542320377e-08,0.0 | 1,3
16968 | 565.6000294983387 | 132.0666046142578,219.1630859375,0.25644972920417786 | 6.717959166735454e-08,3.815101123905151e-08,7.628123199765469e-08 | 0 | -7.863737664592918e-06,1.0768339052447118e-05,1.7068543911591405e-08 | 2.000964741455391e-06,1.272743133995391e-06,4.576873834594153e-06 | 1,3
17007 | 566.900029566139 | 132.0666046142578,219.1630859375,0.25644972920417786 | -8.93611726837662e-08,2.1893892920843427e-08,-2.6698430133365036e-07 | 0 | -4.520425591181265e-06,-1.703445741441101e-05,-9.72049374325934e-09 | -4.448200797924073e-06,1.2547636742965551e-06,-1.258640259038657e-05 | 1,3
17048 | 568.2666963040829 | 132.0666046142578,219.1630859375,0.25644972920417786 | -1.893211631909253e-08,5.010979631236978e-09,-5.7210922221884175e-08 | 0 | -1.0344467682443792e-06,-4.396276835905155e-06,-2.886787198175256e-10 | -2.3687613293077447e-07,6.771953309225864e-08,-5.721091724808502e-07 | 1,3
17089 | 569.6333630420268 | 132.0666046142578,219.1630859375,0.25644972920417786 | -9.583236426635722e-09,3.0185955957051647e-09,-9.535153111528416e-08 | 0 | -6.239017125153623e-07,-2.3063776097842492e-06,-4.3177829367468945e-11 | 2.5257234526065986e-08,-2.3105222624053567e-08,0.0 | 1,3
17128 | 570.933363109827 | 132.0666046142578,219.1630859375,0.25644972920417786 | 4.690946298069321e-09,-4.107933548880283e-09,-5.7210922221884175e-08 | 0 | 8.513642910656927e-07,1.1039687706215773e-06,7.353505304674712e-11 | 2.5244592194439974e-08,-2.31029382291581e-08,0.0 | 1,3
17168 | 572.2666965126991 | 132.0666046142578,219.1630859375,0.25644972920417786 | 6.40863362377786e-09,-4.610471115995551e-09,-1.907030799941367e-08 | 0 | 9.551282573738717e-07,1.5144465805860818e-06,8.17789655438439e-11 | 2.5236438716547127e-08,-2.3102838753175092e-08,0.0 | 1,3
17210 | 573.6666965857148 | 132.0666046142578,219.1630859375,0.25644972920417786 | 1.3224583650384147e-09,-1.157006712659836e-09,-1.907030799941367e-08 | 0 | 2.395383944531204e-07,2.995512033976411e-07,2.5334427264378512e-11 | 2.5474868436958786e-08,-2.3103126522983075e-08,0.0 | 1,3
17252 | 575.0666966587305 | 132.0666046142578,219.1630859375,0.25644972920417786 | 2.4087880134970874e-08,9.712327830868617e-09,-1.907030799941367e-08 | 0 | -2.020855845330516e-06,5.477351351146353e-06,4.805420505960001e-10 | 1.8173776652474771e-06,1.2641129387702676e-06,4.576873379846802e-06 | 1,3
17291 | 576.3666967265308 | 132.0666046142578,219.1630859375,0.25644972920417786 | 6.103721261752071e-08,3.5527648378774757e-08,1.1442184444376835e-07 | 0 | -7.319011729123304e-06,1.2918170796183404e-05,7.622189990286188e-09 | 1.665242166382086e-06,1.2160555797890993e-06,4.004764377896208e-06 | 1,3
17332 | 577.7333634644747 | 132.0666046142578,219.16241455078125,0.25647684931755066 | -0.0001865186932263896,-0.004716729279607534,-2.6698430133365036e-07 | 0 | -0.004179388750344515,0.008216876536607742,0.004446956794708967 | -0.0014992289943620563,0.16408710181713104,-1.3158511137589812e-05 | 0,0
17373 | 579.1000302024186 | 132.04843139648438,221.40493774414062,0.25087472796440125 | -0.016547653824090958,3.4630534648895264,3.985693911090493e-05 | 359.7 | -0.26969167590141296,0.03295990824699402,-0.48393121361732483 | -0.043591175228357315,2.204618215560913,-0.00022483897919300944 | 0,0
