Simulation Frame | Timestamp | Position | Velocity | Heading | Angular Velocity | Acceleration | Stopped at Red Light + Light ID 
13333 | 444.4333565123379 | 135.97808837890625,224.07528686523438,0.25625964999198914 | 0.10834993422031403,-4.95085334777832,6.674607675449806e-07 | 178.7 | -0.01177253108471632,0.219222292304039,2.2909536361694336 | -0.0890640839934349,-0.04358768090605736,-3.8903424865566194e-05 | 0,0
13372 | 445.7333565801382 | 136.12852478027344,217.61111450195312,0.2562524974346161 | 0.14077679812908173,-4.993954658508301,5.7210922221884175e-08 | 178.4 | -0.000605046923737973,0.02559640258550644,0.3171747028827667 | 0.014553218148648739,-0.03368854150176048,-8.009529665287118e-06 | 0,0
13414 | 447.1333566531539 | 136.26792907714844,210.70455932617188,0.25969889760017395 | -0.011540676467120647,-4.0428571701049805,1.5199035260593519e-05 | 180.2 | 2.5630667209625244,0.04069619998335838,-1.886034369468689 | -0.10756704956293106,6.032909870147705,0.016516219824552536 | 1,6
13455 | 448.5000233910978 | 136.26744079589844,209.59005737304688,0.2567192018032074 | 2.2907002858119085e-05,0.001150615862570703,-2.6984484065906145e-05 | 0 | -0.23991388082504272,0.005382371135056019,5.244273415883072e-05 | -0.00010488652333151549,-0.008428177796304226,-7.265783642651513e-05 | 1,6
13496 | 449.8666901290417 | 136.26742553710938,209.5899200439453,0.2564498484134674 | 3.3946113831007096e-07,1.5712640788478893e-06,-1.3730621049035108e-06 | 0 | -0.00032665434991940856,7.743645255686715e-05,5.054598162246293e-08 | 1.7629212152314722e-06,-6.373063115461264e-06,3.489866139716469e-05 | 1,6
13534 | 451.13335686177015 | 136.26742553710938,209.58990478515625,0.2564495801925659 | 0.0,0.0,0.0 | 0 | 0.0,0.0,0.0 | 3.0621853852608183e-07,-6.720561032125261e-07,3.261022357037291e-05 | 1,6
13575 | 452.50002359971404 | 136.26182556152344,208.37985229492188,0.24958491325378418 | -0.024432620033621788,-2.6892178058624268,2.1511306840693578e-05 | 180.5 | 0.25398415327072144,0.004145425744354725,-0.6342436671257019 | -0.05411814525723457,-2.5043604373931885,0.0004416682932060212 | 0,0
13615 | 453.8333570025861 | 136.20863342285156,202.9423065185547,0.25420433282852173 | -0.058716781437397,-4.931550025939941,3.575682421796955e-05 | 180.7 | 0.7060917615890503,0.0034378536511212587,-0.15217085182666779 | -0.021348481997847557,0.02021312527358532,9.725844392960425e-06 | 0,0
13656 | 455.20002374053 | 136.11927795410156,196.3360137939453,0.2561973035335541 | -0.23242218792438507,-4.835047245025635,-2.8243124688742682e-05 | 182.8 | 0.04803134500980377,1.8937968015670776,-4.242487907409668 | -1.8289047479629517,0.07603167742490768,-0.0005858397926203907 | 0,0
13693 | 456.4333571381867 | 134.13145446777344,190.86404418945312,0.25720489025115967 | -3.250903606414795,-3.6215994358062744,-0.00023801650968380272 | 221.9 | 1.2225301265716553,1.6314605474472046,-30.703779220581055 | -3.5848686695098877,3.688952684402466,-0.003927529789507389 | 0,0
13733 | 457.7666905410588 | 128.7003631591797,187.761474609375,0.25736525654792786 | -4.913730621337891,-0.4949045479297638,0.0005370198632590473 | 264.2 | -2.8977270126342773,-0.5789063572883606,-28.2547550201416 | -0.3230094611644745,-0.13277827203273773,0.006374440621584654 | 0,0
13773 | 459.10002394393086 | 122.1279296875,187.4344482421875,0.2563118636608124 | -4.963893413543701,0.0920318141579628,-3.623358395543619e-07 | 271.1 | -0.3460027575492859,0.02139723300933838,-3.652434825897217 | -0.047163959592580795,-0.2410009354352951,7.437420208589174e-06 | 0,0
13813 | 460.43335734680295 | 115.47872161865234,187.5770263671875,0.25662747025489807 | -5.000241756439209,0.13118325173854828,0.0075902873650193214 | 271.5 | -0.013559727929532528,-0.006141491234302521,-0.2594221234321594 | -0.07192610949277878,0.002597272163257003,0.5079230666160583 | 0,0
13853 | 461.76669074967504 | 108.79515075683594,187.71878051757812,0.25640869140625 | -5.005459308624268,0.05404767766594887,-0.00845880713313818 | 270.6 | -0.018452564254403114,-0.08215320110321045,0.8401297926902771 | -0.4342746436595917,-0.08686981350183487,0.1321140080690384 | 0,0
13893 | 463.1000241525471 | 102.07156372070312,187.7328643798828,0.25660163164138794 | -5.098973751068115,-0.022406598553061485,0.00016192598559428006 | 269.7 | 0.1407446712255478,0.19505761563777924,0.4547536373138428 | -0.25945183634757996,-0.49569761753082275,-0.006527766119688749 | 0,0
16730 | 557.6666957512498 | 136.26708984375,225.24850463867188,0.2562599778175354 | -0.10329693555831909,-4.987706661224365,2.288436888875367e-07 | 181.2 | -0.0077201202511787415,-0.205105721950531,-1.7000762224197388 | 0.09445778280496597,-0.03803729638457298,-3.604288212954998e-05 | 0,0
16769 | 558.9666958190501 | 136.1303253173828,218.7476348876953,0.25686323642730713 | -0.12064721435308456,-5.015238285064697,-0.00017851714801508933 | 181.4 | 0.06320475786924362,-0.03603486716747284,-1.0650876760482788 | 0.008758305571973324,0.3456973731517792,-0.010335152968764305 | 0,0
16809 | 560.3000292219222 | 136.01332092285156,212.04725646972656,0.25667741894721985 | -0.03538460284471512,-5.0656208992004395,-4.939209702570224e-06 | 180.4 | -0.06013750284910202,0.03531467169523239,0.2537761330604553 | 0.10085976868867874,-0.04129886254668236,-0.003996754996478558 | 1,6
16847 | 561.5666959546506 | 136.0146026611328,209.51983642578125,0.26047390699386597 | -0.00015607559180352837,0.00886472500860691,0.0003383263247087598 | 0 | -1.9153296947479248,-0.03568730503320694,-0.0001333844702458009 | 0.0004458268522284925,-0.030332401394844055,-0.0024532040115445852 | 1,6
16887 | 562.9000293575227 | 136.01467895507812,209.51771545410156,0.25645267963409424 | -1.2506890243457747e-06,7.731432560831308e-06,-1.8116792261935188e-06 | 0 | -0.0016066564712673426,-0.0002991099318023771,-1.89608115874762e-07 | 4.71341490992927e-06,-3.1339011911768466e-05,2.002382097998634e-05 | 1,6
16927 | 564.2333627603948 | 136.0146942138672,209.51771545410156,0.25644928216934204 | -1.696996321243205e-08,1.5190414259791396e-08,-1.3349215066682518e-07 | 0 | -3.1469614896195708e-06,-3.843061676889192e-06,-1.1528517723791154e-10 | -3.268813770773704e-07,3.031910580375552e-07,-2.288436689923401e-06 | 1,6
16968 | 565.6000294983387 | 136.0146942138672,209.51771545410156,0.25644928216934204 | -1.0433288366584748e-07,-5.020662641186391e-08,-9.344450404569216e-07 | 0 | 1.0316535735910293e-05,-2.250054785690736e-05,1.1498141105903414e-08 | -2.1379194095061393e-06,-2.4579971977800597e-06,-9.725855306896847e-06 | 1,6
17007 | 566.900029566139 | 136.0146942138672,209.51771545410156,0.25644928216934204 | -2.6805176744915116e-08,-1.3527699849191777e-08,-8.772341288931784e-07 | 0 | 2.809416628224426e-06,-5.911142579861917e-06,7.268600721310747e-10 | -4.2226206460327376e-06,-1.243153064933722e-06,-1.5446947145392187e-05 | 1,6
17048 | 568.2666963040829 | 136.0146942138672,209.51771545410156,0.25644928216934204 | 7.1457250783169e-08,2.190570214111176e-08,-9.916559520206647e-07 | 0 | -4.486720172280911e-06,1.3020925507589709e-05,-1.4036809936612826e-08 | 4.408977019920712e-06,1.1509195019243634e-06,7.437420663336525e-06 | 1,6
17089 | 569.6333630420268 | 136.0146942138672,209.51771545410156,0.25644928216934204 | -1.161064577814841e-08,-2.095210671626546e-09,-1.3349215066682518e-07 | 0 | 4.3430114260445407e-07,-2.5669255592219997e-06,6.284495146502422e-10 | -3.483193609099544e-07,-6.285631570790429e-08,-4.004764377896208e-06 | 1,6
17128 | 570.933363109827 | 136.0146942138672,209.51771545410156,0.25644928216934204 | 7.804671575684097e-09,1.3064243020721733e-09,-2.8605461466213455e-07 | 0 | -2.7172615091330954e-07,1.8065197764371987e-06,-1.927111248356539e-10 | 9.101757569851543e-08,1.564430185396759e-08,-3.4326553759456147e-06 | 1,6
17168 | 572.2666965126991 | 136.0146942138672,209.51771545410156,0.25644928216934204 | -1.4385591384780128e-07,-3.234601209101129e-08,-9.535153822071152e-07 | 0 | 6.664260581601411e-06,-3.0204950235201977e-05,1.4339287979225901e-08 | -4.157555849815253e-06,-1.1571419236133806e-06,-1.4874838598188944e-05 | 1,6
17210 | 573.6666965857148 | 136.0146942138672,209.51771545410156,0.25644928216934204 | 2.0601142125542538e-08,5.728166385665645e-09,-1.0870074902413762e-06 | 0 | -1.1915939239770523e-06,4.80663538837689e-06,-2.1164706098808495e-10 | -2.959491780529788e-07,6.355888704234758e-09,-3.432654466450913e-06 | 1,6
17252 | 575.0666966587305 | 136.0146942138672,209.51771545410156,0.25644928216934204 | 4.770752237703846e-09,7.849475514021265e-10,-1.7163276311293885e-07 | 0 | -1.6302465155604295e-07,1.0812352684297366e-06,-1.784647568614517e-10 | 9.185611560269535e-08,1.5649407103524027e-08,-3.4326549211982638e-06 | 1,6
17291 | 576.3666967265308 | 136.0146942138672,209.51771545410156,0.25644928216934204 | 9.32135613140872e-09,1.5671537401118485e-09,-3.432655262258777e-07 | 0 | -3.260751668676676e-07,2.169158733522636e-06,-2.0008425472006763e-10 | 9.100332931666344e-08,1.5643998096948053e-08,-3.4326549211982638e-06 | 1,6
17332 | 577.7333634644747 | 136.01467895507812,209.5183563232422,0.25647711753845215 | -0.0004079485952388495,0.00471104821190238,-1.3349215066682518e-07 | 0 | 0.004013149533420801,0.013318004086613655,-0.006652103736996651 | 0.001400476205162704,-0.16406910121440887,-9.153746759693604e-06 | 0,0
17373 | 579.1000302024186 | 136.0353240966797,207.2639617919922,0.2509121894836426 | 0.038777850568294525,-3.46441650390625,3.958995876018889e-05 | 179.4 | 0.25645947456359863,0.07051169127225876,0.41906803846359253 | -0.08984382450580597,-2.2043464183807373,-0.00012643609079532325 | 0,0
17415 | 580.5000302754343 | 136.1147918701172,200.91287231445312,0.25648584961891174 | 0.06336068361997604,-4.82256555557251,-2.6126322154595982e-06 | 179.2 | 0.2510159909725189,0.009128936566412449,0.016015220433473587 | -0.010244025848805904,0.2490234225988388,-0.00012071504897903651 | 0,0
17454 | 581.8000303432345 | 135.93670654296875,194.68968200683594,0.25685492157936096 | -1.3064473867416382,-4.594857215881348,-0.0008253629202954471 | 195.9 | 0.6160246729850769,3.370288133621216,-25.93476676940918 | -3.6840031147003174,1.150917887687683,-0.003926959820091724 | 0,0
17495 | 583.1666970811784 | 132.49365234375,189.274169921875,0.25736552476882935 | -4.106220722198486,-2.6477434635162354,0.0002077519311569631 | 237.2 | -0.27261248230934143,-0.2144775390625,-31.430953979492188 | -1.0384796857833862,1.1668609380722046,-0.0030092941597104073 | 0,0
17535 | 584.5000304840505 | 126.3631820678711,187.51681518554688,0.25671520829200745 | -4.955033302307129,-0.17505352199077606,0.00017102251877076924 | 268.0 | -1.942841649055481,-0.14513136446475983,-12.820221900939941 | 0.02314567379653454,-0.8310283422470093,-0.00010526796540943906 | 0,0
17575 | 585.8333638869226 | 119.75495147705078,187.47190856933594,0.25626638531684875 | -4.977377414703369,0.10389898717403412,-4.1954677953981445e-07 | 271.2 | -0.13469938933849335,0.0023097700905054808,-1.3368521928787231 | -0.030913351103663445,-0.07881759852170944,-1.2014293133688625e-05 | 0,0
17613 | 587.1000306196511 | 113.42861938476562,187.61293029785156,0.25694340467453003 | -5.012565612792969,0.12419275939464569,-0.00021640984050463885 | 271.4 | -0.042996060103178024,0.02022702805697918,0.17603211104869843 | -0.016536710783839226,0.015783904120326042,-0.010861492715775967 | 0,0
17654 | 588.466697357595 | 106.57237243652344,187.7320098876953,0.2567119896411896 | -5.06349515914917,0.03187873214483261,0.000431522901635617 | 270.4 | 0.03210161626338959,0.14126716554164886,0.8053252696990967 | -0.22421835362911224,-0.07206491380929947,-0.014325042255222797 | 0,0
17694 | 589.800030760467 | 99.84707641601562,187.72930908203125,0.2566390931606293 | -5.104706287384033,-0.029001764953136444,0.0004124144616071135 | 269.7 | -0.0030220458284020424,0.2340015470981598,0.33378008008003235 | -0.3671121299266815,-0.030641330406069756,-0.01040666550397873 | 0,0
