Simulation Frame | Timestamp | Position | Velocity | Heading | Angular Velocity | Acceleration | Stopped at Red Light + Light ID 
12430 | 414.3333549425006 | 167.90618896484375,187.65708923339844,0.29437708854675293 | -5.232110023498535,-0.1504455953836441,1.8498197960070684e-06 | 268.4 | 0.007914234884083271,-8.887166040949523e-05,-2.158618927001953 | -0.018467901274561882,-0.03559916839003563,0.00011842660023830831 | 0,0
12440 | 414.6666882932186 | 166.16107177734375,187.60812377929688,0.2943809926509857 | -5.238440036773682,-0.14709512889385223,1.2586402817760245e-06 | 268.4 | 0.030030062422156334,0.0009409429039806128,-2.482346773147583 | -0.019054410979151726,0.03261878713965416,-5.721084903598239e-07 | 0,0
12450 | 415.00002164393663 | 164.41378784179688,187.56207275390625,0.29438215494155884 | -5.2452497482299805,-0.12519247829914093,-1.5065542129377718e-06 | 268.6 | 0.03328888118267059,0.0012894970132037997,-2.975959300994873 | -0.021114347502589226,0.08213280886411667,-4.748506034957245e-05 | 0,0
12460 | 415.33335499465466 | 162.6640625,187.52316284179688,0.2943803071975708 | -5.25299072265625,-0.09651581197977066,-1.487483928030997e-06 | 268.9 | -0.009008284658193588,0.0008414088515564799,-3.2936558723449707 | -0.02398967556655407,0.04308834299445152,-8.581636939197779e-05 | 0,0
12470 | 415.6666883453727 | 160.91159057617188,187.4940948486328,0.2943766713142395 | -5.261767387390137,-0.05960135906934738,5.14898317760526e-07 | 269.4 | 0.054392509162425995,0.0016354554099962115,-3.566592216491699 | -0.028052328154444695,0.18860040605068207,2.4600696633569896e-05 | 0,0
12480 | 416.0000216960907 | 159.15615844726562,187.4756622314453,0.2943752706050873 | -5.270264148712158,-0.030721737071871758,-3.8140612446113664e-07 | 269.7 | -0.01874050311744213,-0.0008009304874576628,-3.510211706161499 | -0.024776456877589226,0.06312282383441925,1.659116787777748e-05 | 0,0
12490 | 416.3333550468087 | 157.3979949951172,187.46673583984375,0.2943761348724365 | -5.2781572341918945,-0.006465703248977661,1.8688900809138431e-06 | 269.9 | -0.023476755246520042,-0.000731981941498816,-3.365215301513672 | -0.023274419829249382,0.040695562958717346,9.611433779355139e-05 | 0,0
12500 | 416.66668839752674 | 155.63731384277344,187.4654083251953,0.29437750577926636 | -5.285571575164795,0.012223644182085991,2.8796164315281203e-06 | 270.1 | -0.03527577966451645,-0.00027416853117756546,-3.2021734714508057 | -0.022602079436182976,-0.009899417869746685,0.0001001191048999317 | 1,7
12510 | 417.00002174824476 | 154.4029998779297,187.47213745117188,0.3050738573074341 | -1.3049147129058838,0.030242081731557846,-0.000304724439047277 | 271.3 | 0.13894474506378174,-4.536610126495361,-0.7219976782798767 | 16.35408592224121,0.5246278047561646,0.016144348308444023 | 1,7
12520 | 417.3333550989628 | 154.35647583007812,187.4725799560547,0.3029670715332031 | 0.00894556287676096,-0.0003092273836955428,0.001213176641613245 | 0 | 0.020559212192893028,3.091238498687744,-5.9089637943543494e-05 | -0.005251429509371519,0.0019349682843312621,-0.001807295368053019 | 1,7
12530 | 417.6666884496808 | 154.3531494140625,187.47259521484375,0.29594096541404724 | 0.003073320956900716,4.773930413648486e-06,0.00019636696379166096 | 0 | 0.0051756990142166615,0.9668599963188171,-3.3562515454832464e-05 | -0.014824449084699154,0.00010912102152360603,-0.0018055757973343134 | 1,7
12540 | 418.0000218003988 | 154.35240173339844,187.4726104736328,0.29430079460144043 | 0.0005312802968546748,-5.1104475460306276e-06,9.7258566711389e-07 | 0 | 0.0015001744031906128,0.16368286311626434,3.5687520721694455e-05 | -0.0033870344050228596,3.301292235846631e-05,-9.21095852390863e-05 | 1,7
12550 | 418.33335515111685 | 154.352294921875,187.4726104736328,0.29409176111221313 | 8.142198203131557e-05,-1.6756291643105214e-06,-2.212155550296302e-06 | 0 | 0.000569754745811224,0.024996960535645485,4.710521352535579e-06 | -0.00011272654955973849,-4.325158613482927e-07,4.2336083424743265e-05 | 1,7
12560 | 418.66668850183487 | 154.3522491455078,187.4726104736328,0.294042706489563 | 1.7928428860614076e-05,-5.530293947231257e-07,-2.0977338408556534e-06 | 0 | 0.0001947076671058312,0.005496892146766186,8.937030315792072e-07 | 5.207442518440075e-05,-4.1728631003934424e-06,-1.7735388610162772e-05 | 1,7
12570 | 419.0000218525529 | 154.3522491455078,187.4726104736328,0.29402774572372437 | 2.1320479390851688e-06,-1.5010959941719193e-07,-3.0512492799061874e-07 | 0 | 4.589155287249014e-05,0.000647088629193604,-1.122790465046819e-07 | -0.00019580611842684448,-5.98571750742849e-06,3.261022357037291e-05 | 1,7
12580 | 419.3333552032709 | 154.3522491455078,187.4726104736328,0.2940239906311035 | 2.340951596124796e-06,-9.358898722666709e-08,-1.4302730733106728e-06 | 0 | 3.20984581776429e-05,0.0007183243869803846,1.421596351747212e-07 | -9.365807272843085e-06,-8.60236639255163e-07,-5.72109183849534e-06 | 1,7
12590 | 419.66668855398893 | 154.35223388671875,187.4726104736328,0.2940233051776886 | 7.258117307173961e-07,5.7272561804211364e-08,-1.0679372053346015e-06 | 0 | -1.711931690806523e-05,0.00022260937839746475,4.49705410687784e-08 | -1.984317123060464e-06,2.633889835124137e-06,-5.72109183849534e-06 | 1,7
12600 | 420.00002190470695 | 154.35223388671875,187.4726104736328,0.2940233051776886 | 1.8340685414841573e-07,1.2806987115254742e-07,-6.293201408880122e-07 | 0 | -4.18338313465938e-05,5.635559864458628e-05,1.79418204737658e-08 | -2.5168149022647412e-06,4.1779335333558265e-06,2.86054591924767e-06 | 1,7
12610 | 420.333355255425 | 154.35223388671875,187.4726104736328,0.29402226209640503 | 6.968409138607967e-08,3.480183607962317e-08,-4.386170644465892e-07 | 0 | -1.2780843462678604e-05,2.134283749910537e-05,2.7594808660325043e-09 | 6.702508130729257e-07,2.858926677618001e-07,-4.576873379846802e-06 | 1,7
12620 | 420.666688606143 | 154.35223388671875,187.4726104736328,0.29402226209640503 | 3.4982590157994764e-09,6.010231423658752e-09,-7.628123199765469e-08 | 0 | -1.8423939991407678e-06,1.0625509503370267e-06,1.7277985986385858e-10 | 1.890403211746161e-07,-3.0459161735052476e-06,5.2061936003156006e-05 | 1,7
12630 | 421.000021956861 | 154.35223388671875,187.4726104736328,0.29402226209640503 | 1.4043592955204076e-08,-8.03243125346853e-08,-1.9642416191345546e-06 | 0 | 2.6906509447144344e-05,4.188891125522787e-06,-5.308303130391323e-09 | -1.772477986605736e-08,9.50077719608089e-07,-4.5768715608573984e-06 | 1,7
12640 | 421.33335530757904 | 154.35223388671875,187.4726104736328,0.29402226209640503 | 1.7775187544089022e-08,-1.6870567165483408e-08,-1.4302730733106728e-06 | 0 | 2.037962531176163e-06,5.356536803446943e-06,-5.77379388744248e-09 | 9.31090028188919e-07,-1.8058044588542543e-06,-9.725858035380952e-06 | 1,7
12650 | 421.66668865829706 | 154.35223388671875,187.4726104736328,0.29402226209640503 | -1.7384507167150787e-09,8.724940769866407e-09,-8.390935590796289e-07 | 0 | -3.2385269150836393e-06,-5.299414738146879e-07,-3.563513373272542e-11 | -9.476479156944606e-09,4.6504077033659996e-08,-4.576874744088855e-06 | 1,7
12660 | 422.0000220090151 | 154.35223388671875,187.4726104736328,0.29402226209640503 | -9.407770118485814e-10,1.5198710068276e-09,-4.767576911035576e-07 | 0 | -5.902048769712565e-07,-2.894943520459492e-07,-1.2337499077919034e-10 | 9.614705476224117e-09,8.72635563808899e-09,-5.148982381797396e-06 | 1,7
12670 | 422.3333553597331 | 154.35223388671875,187.4726104736328,0.29402226209640503 | 4.771754102961268e-10,-3.155802563714616e-10,-9.535153111528416e-08 | 0 | 9.670185363575001e-08,1.4477684828761994e-07,-4.1319943994144737e-11 | 1.4234306178195766e-08,-1.0848363274362782e-07,5.263404455035925e-05 | 1,7
12680 | 422.6666887104511 | 154.35223388671875,187.4726104736328,0.29402226209640503 | 1.7304818689112267e-09,-5.25574028742426e-09,-1.620976036065258e-06 | 0 | 1.6495507679792354e-06,5.304975161379843e-07,-1.0136464584364901e-10 | -9.338705808659142e-09,-2.0453910565265687e-07,-4.5768715608573984e-06 | 1,7
12690 | 423.00002206116915 | 154.35223388671875,187.4726104736328,0.29402226209640503 | 3.152682115370453e-09,1.2231677892771131e-09,-1.2395699968692497e-06 | 0 | -4.946639933223196e-07,9.657483133196365e-07,9.813008045034266e-11 | 2.8348141611900246e-08,-1.5530968511257015e-08,-4.576874744088855e-06 | 1,7
12700 | 423.33335541188717 | 154.35223388671875,187.4726104736328,0.29402226209640503 | -1.7277974606599855e-09,1.2327855403171384e-09,-8.581638439864037e-07 | 0 | -4.922986818201025e-07,-5.309076982484839e-07,-1.6711063088870048e-10 | 2.8524526740625333e-08,-2.3317795694310917e-08,-4.576873379846802e-06 | 1,7
12710 | 423.6666887626052 | 154.35223388671875,187.4726104736328,0.29402226209640503 | -9.269558454150228e-10,4.0623482355783835e-09,-4.767576911035576e-07 | 0 | -1.0512015933272778e-06,-2.893930286518298e-07,-5.172284822663187e-10 | 9.547670742904302e-07,1.863800093815371e-06,-9.725856216391549e-06 | 1,7
12720 | 424.0000221133232 | 154.35223388671875,187.4726104736328,0.29402226209640503 | -7.948783298239448e-10,-2.8459601342234464e-09,-9.535153111528416e-08 | 0 | 8.72360658377147e-07,-2.416412314687477e-07,-1.2388404191376878e-10 | -8.971704090754429e-08,-2.4706031354071456e-07,5.263404455035925e-05 | 1,7
12730 | 424.33335546404123 | 154.35223388671875,187.4726104736328,0.29402226209640503 | 2.9969220438630373e-09,-1.359944046264161e-09,-1.620976036065258e-06 | 0 | 4.88564239731204e-07,9.171232022708864e-07,9.266950401487506e-11 | 2.8348141611900246e-08,-1.5529138863712433e-08,-4.5768715608573984e-06 | 1,7
12740 | 424.66668881475925 | 154.35223388671875,187.4726104736328,0.29402226209640503 | -1.4012517368655608e-08,-1.231668544932063e-08,-1.2014294270557002e-06 | 0 | 4.67459176434204e-06,-4.298412477510283e-06,-6.228771942673461e-10 | -6.077940639670487e-08,9.97849713968435e-09,-4.576874744088855e-06 | 1,7
12750 | 425.0000221654773 | 154.35223388671875,187.4726104736328,0.29402226209640503 | -3.622174782336174e-09,4.613313064893987e-10,-8.581638439864037e-07 | 0 | -9.189024297029391e-08,-1.1103549013569136e-06,-1.2794086623468814e-10 | -9.476132767360923e-09,4.65094061041782e-08,-4.576873379846802e-06 | 1,7
12760 | 425.3333555161953 | 154.35223388671875,187.4726104736328,0.29402226209640503 | 2.8395836793038143e-09,-1.6181331830011914e-09,-4.767576911035576e-07 | 0 | 5.869635515409755e-07,8.687878789714887e-07,8.44701947277926e-11 | 2.834821444253066e-08,-1.5529574071138086e-08,-4.576873379846802e-06 | 1,7
12770 | 425.6666888669133 | 154.35223388671875,187.4726104736328,0.29402226209640503 | -1.5916107320990136e-10,9.481788687537573e-10,-7.628123199765469e-08 | 0 | -2.9061766326776706e-07,-4.817204413143372e-08,6.19608669927274e-11 | -6.126783347326636e-08,-2.0221190766278596e-07,5.320615309756249e-05 | 1,7
12780 | 426.00002221763134 | 154.35223388671875,187.4726104736328,0.29402226209640503 | -1.5491272153944635e-10,-5.225941457354111e-09,-1.620976036065258e-06 | 0 | 2.0695636067102896e-06,-4.897733418829375e-08,6.582054346004895e-11 | -9.475768614208846e-09,4.664998698444833e-08,-4.5768715608573984e-06 | 1,7
12790 | 426.33335556834936 | 154.35223388671875,187.4726104736328,0.29402226209640503 | 1.2548704297898894e-09,1.3043972568738127e-09,-1.2395699968692497e-06 | 0 | -8.054999511841743e-07,3.8653539036204165e-07,-1.6026484306319588e-10 | 9.276775791988712e-09,-1.2935825566273706e-07,-4.576874744088855e-06 | 1,7
12800 | 426.6666889190674 | 154.35223388671875,187.4726104736328,0.29402226209640503 | 1.5863271807248225e-10,5.3596305171765835e-09,-8.581638439864037e-07 | 0 | -2.066111392196035e-06,4.896845595681043e-08,-6.865027296631965e-11 | 2.8345956692987784e-08,-1.654244563553675e-08,-4.576873379846802e-06 | 1,7
12810 | 427.0000222697854 | 154.35223388671875,187.4726104736328,0.29402226209640503 | -9.48740974671125e-10,4.849540324869395e-09,-4.576873777750734e-07 | 0 | -1.7642929606154212e-06,-2.8905907356602256e-07,1.141125128417686e-11 | -9.476605278280203e-09,4.650809515283072e-08,-4.576873379846802e-06 | 1,7
12820 | 427.3333556205034 | 154.35223388671875,187.4726104736328,0.29402226209640503 | -1.5916107320990136e-10,9.481788687537573e-10,-7.628123199765469e-08 | 0 | -2.9061766326776706e-07,-4.817204413143372e-08,6.196079066489446e-11 | -4.743168968701639e-09,2.2482886663510726e-08,5.320615309756249e-05 | 1,7
12830 | 427.66668897122145 | 154.35223388671875,187.4726104736328,0.29402226209640503 | 4.72759220659924e-10,-2.126731235563284e-09,-1.620976036065258e-06 | 0 | 8.895346468307253e-07,1.4453594587848784e-07,9.612974999351209e-11 | -9.47673228779422e-09,4.652849128206071e-08,-4.5768715608573984e-06 | 1,7
12840 | 428.00002232193947 | 154.35223388671875,187.4726104736328,0.29402226209640503 | 6.379068384632092e-10,-5.234428890332765e-09,-1.2395699968692497e-06 | 0 | 1.964476268767612e-06,1.9242330040469824e-07,-2.891794963211236e-11 | 2.8373522198421597e-08,-1.2480935396297355e-08,-4.576874744088855e-06 | 1,7
12850 | 428.3333556726575 | 154.35223388671875,187.4726104736328,0.29402226209640503 | 7.890432196511199e-10,4.3251930925691795e-09,-8.581638439864037e-07 | 0 | -1.6731692085159011e-06,2.419472480141849e-07,-3.3127941362343094e-11 | 2.8347605152134747e-08,-1.566334972835648e-08,-4.576873379846802e-06 | 1,7
12860 | 428.6666890233755 | 154.35223388671875,187.4726104736328,0.29402226209640503 | -9.48740974671125e-10,4.849540324869395e-09,-4.576873777750734e-07 | 0 | -1.7642929606154212e-06,-2.8905907356602256e-07,1.1411253018900336e-11 | -9.476605278280203e-09,4.650809515283072e-08,-4.576873379846802e-06 | 1,7
12870 | 429.00002237409353 | 154.35223388671875,187.4726104736328,0.29402226209640503 | -1.5916107320990136e-10,9.481788687537573e-10,-7.628123199765469e-08 | 0 | -2.9061766326776706e-07,-4.817204413143372e-08,6.196079066489446e-11 | -4.743168968701639e-09,2.2482886663510726e-08,5.320615309756249e-05 | 1,7
12880 | 429.33335572481155 | 154.35223388671875,187.4726104736328,0.29402226209640503 | 4.72759220659924e-10,-2.126731457607889e-09,-1.620976036065258e-06 | 0 | 8.895346468307253e-07,1.4453594587848784e-07,9.612557277938194e-11 | -9.47673228779422e-09,4.6528484176633356e-08,-4.5768715608573984e-06 | 1,7
12890 | 429.6666890755296 | 154.35223388671875,187.4726104736328,0.29402226209640503 | 6.379068384632092e-10,-5.234428446243555e-09,-1.2395699968692497e-06 | 0 | 1.964476268767612e-06,1.9242330040469824e-07,-2.890627320839556e-11 | 2.8373522198421597e-08,-1.2480935396297355e-08,-4.576874744088855e-06 | 1,7
12900 | 430.0000224262476 | 154.35223388671875,187.4726104736328,0.29402226209640503 | 7.890432196511199e-10,4.3251930925691795e-09,-8.581638439864037e-07 | 0 | -1.6731692085159011e-06,2.419472480141849e-07,-3.3128548515559686e-11 | 2.8347605152134747e-08,-1.566334972835648e-08,-4.576873379846802e-06 | 1,7
12910 | 430.3333557769656 | 154.35223388671875,187.4726104736328,0.29402226209640503 | -9.48740974671125e-10,4.849540324869395e-09,-4.576873777750734e-07 | 0 | -1.7642931879890966e-06,-2.8905907356602256e-07,1.1412237474472953e-11 | -9.476603501923364e-09,4.650807383654865e-08,-4.576873379846802e-06 | 1,7
12920 | 430.66668912768364 | 154.35223388671875,187.4726104736328,0.29402226209640503 | -1.5916107320990136e-10,9.481789797760598e-10,-7.628123199765469e-08 | 0 | -2.9061766326776706e-07,-4.817204413143372e-08,6.19567869231119e-11 | -4.743168968701639e-09,2.2482881334440208e-08,5.320615309756249e-05 | 1,7
12930 | 431.00002247840166 | 154.35223388671875,187.4726104736328,0.29402226209640503 | 4.72759220659924e-10,-2.126731457607889e-09,-1.620976036065258e-06 | 0 | 8.895346468307253e-07,1.4453594587848784e-07,9.612680096360293e-11 | -9.47673228779422e-09,4.6528484176633356e-08,-4.5768715608573984e-06 | 1,7
12940 | 431.3333558291197 | 154.35223388671875,187.4726104736328,0.29402226209640503 | 6.379068384632092e-10,-5.234428446243555e-09,-1.2395699968692497e-06 | 0 | 1.964476268767612e-06,1.9242330040469824e-07,-2.8906550764151717e-11 | 2.8373522198421597e-08,-1.2480935396297355e-08,-4.576874744088855e-06 | 1,7
12950 | 431.6666891798377 | 154.35223388671875,187.4726104736328,0.29402226209640503 | 7.890432196511199e-10,4.3251930925691795e-09,-8.581638439864037e-07 | 0 | -1.6731692085159011e-06,2.419472480141849e-07,-3.3128548515559686e-11 | 2.8347605152134747e-08,-1.566334972835648e-08,-4.576873379846802e-06 | 1,7
12960 | 432.0000225305557 | 154.35223388671875,187.4726104736328,0.29402226209640503 | -9.48740974671125e-10,4.849540324869395e-09,-4.576873777750734e-07 | 0 | -1.7642931879890966e-06,-2.8905907356602256e-07,1.1412237474472953e-11 | -9.476603501923364e-09,4.650807383654865e-08,-4.576873379846802e-06 | 1,7
12970 | 432.33335588127375 | 154.35223388671875,187.4726104736328,0.29402226209640503 | -1.5916107320990136e-10,9.481789797760598e-10,-7.628123199765469e-08 | 0 | -2.9061766326776706e-07,-4.817204413143372e-08,6.19567869231119e-11 | -4.743168968701639e-09,2.2482886663510726e-08,5.320615309756249e-05 | 1,7
12980 | 432.66668923199177 | 154.35223388671875,187.4726104736328,0.29402226209640503 | 4.72759220659924e-10,-2.126731457607889e-09,-1.620976036065258e-06 | 0 | 8.895346468307253e-07,1.4453594587848784e-07,9.612681484139074e-11 | -9.47673228779422e-09,4.6528484176633356e-08,-4.5768715608573984e-06 | 1,7
12990 | 433.0000225827098 | 154.35223388671875,187.4726104736328,0.29402226209640503 | 6.379068384632092e-10,-5.234428446243555e-09,-1.2395699968692497e-06 | 0 | 1.964476268767612e-06,1.9242330040469824e-07,-2.890657505028038e-11 | 2.8373522198421597e-08,-1.2480935396297355e-08,-4.576874744088855e-06 | 1,7
13000 | 433.3333559334278 | 154.35223388671875,187.4726104736328,0.29402226209640503 | 7.890432196511199e-10,4.3251930925691795e-09,-8.581638439864037e-07 | 0 | -1.6731692085159011e-06,2.419472480141849e-07,-3.312854157666578e-11 | 2.8347605152134747e-08,-1.566334972835648e-08,-4.576873379846802e-06 | 1,7
13010 | 433.66668928414583 | 154.35223388671875,187.4726104736328,0.29402226209640503 | -9.48740974671125e-10,4.849540324869395e-09,-4.576873777750734e-07 | 0 | -1.7642931879890966e-06,-2.8905907356602256e-07,1.1412237474472953e-11 | -9.476603501923364e-09,4.650807383654865e-08,-4.576873379846802e-06 | 0,0
13020 | 434.00002263486385 | 154.33409118652344,187.47259521484375,0.2935408651828766 | -0.13055062294006348,0.00013044170918874443,-4.958279760103323e-07 | 0 | -0.04727179557085037,0.019352685660123825,-1.1955188512802124 | 0.5130658745765686,-0.005051937885582447,2.0595929527189583e-05 | 0,0
13030 | 434.3333559855819 | 154.098388671875,187.47506713867188,0.2900038957595825 | -1.4100888967514038,0.019355013966560364,-6.159709300845861e-05 | 270.8 | 0.017300380393862724,0.8322139978408813,-0.4636839032173157 | -3.636721134185791,0.0654095709323883,-0.00010355174890719354 | 0,0
13040 | 434.6666893362999 | 153.44287109375,187.48214721679688,0.2895222306251526 | -2.433675527572632,0.03403352573513985,7.933247616165318e-06 | 270.8 | -0.03512325882911682,-0.14767059683799744,-0.6040133833885193 | -2.841074228286743,-0.046231333166360855,0.00010297965491190553 | 0,0
13050 | 435.0000226870179 | 152.48690795898438,187.49415588378906,0.2906157374382019 | -3.0802698135375977,0.04948156327009201,3.554705108399503e-05 | 270.9 | 0.001058071618899703,-0.8551357984542847,-0.6315107941627502 | 0.05006074532866478,0.0709824189543724,0.00041249062633141875 | 0,0
13060 | 435.33335603773594 | 151.46498107910156,187.5083770751953,0.29321712255477905 | -3.0635945796966553,0.04834898188710213,1.254826202057302e-05 | 270.9 | -0.009622298181056976,-0.3963333070278168,-0.37017622590065 | 0.050160881131887436,0.0016515700845047832,-6.121569458628073e-05 | 0,0
13070 | 435.66668938845396 | 150.30172729492188,187.52549743652344,0.2910764515399933 | -4.011706829071045,0.062461599707603455,-3.484145054244436e-05 | 270.9 | 0.011155311018228531,0.6998774409294128,-0.24796395003795624 | -3.0603787899017334,0.0777314156293869,-6.6936801886186e-05 | 0,0
13080 | 436.000022739172 | 148.80322265625,187.54808044433594,0.29028093814849854 | -4.885900020599365,0.07637403160333633,-1.5065542129377718e-06 | 270.9 | 0.0020697510335594416,-0.10137130320072174,-0.15482236444950104 | -2.184920072555542,0.04234425351023674,0.0001676279935054481 | 0,0
13090 | 436.33335608989 | 147.0895538330078,187.57383728027344,0.2925522029399872 | -5.251166343688965,0.07806306332349777,-0.0011108835460618138 | 270.9 | -0.0038306862115859985,-0.7660720348358154,0.046693652868270874 | -0.5067872405052185,0.008123963139951229,-0.00613529933616519 | 0,0
13100 | 436.666689440608 | 145.34779357910156,187.59991455078125,0.29450201988220215 | -5.082881927490234,0.07510773837566376,-0.00045297699398361146 | 270.8 | -0.015155070461332798,-0.6860093474388123,1.7414501905441284 | 0.6450604796409607,-0.016598178073763847,0.002091631293296814 | 0,0
13110 | 437.00002279132605 | 143.65867614746094,187.62440490722656,0.29451847076416016 | -5.123642921447754,0.07076407223939896,0.0017678557196632028 | 270.8 | -0.009309721179306507,0.45446550846099854,-0.023401428014039993 | -1.1723612546920776,-0.011154412291944027,-0.028064241632819176 | 0,0
13120 | 437.33335614204407 | 141.943115234375,187.64854431152344,0.29446467757225037 | -5.129815578460693,0.08505763113498688,-5.925144432694651e-05 | 270.9 | 0.16356706619262695,0.05780276656150818,-1.976790428161621 | 0.352992981672287,0.29743796586990356,-0.00020367084653116763 | 0,0
13130 | 437.6666894927621 | 140.2589111328125,187.71348571777344,0.2944744825363159 | -5.074741840362549,0.4652087390422821,0.0022410661913454533 | 275.2 | 0.4572392404079437,0.2993294298648834,-8.633561134338379 | -1.145710825920105,0.643214225769043,0.4491734802722931 | 0,0
13140 | 438.0000228434801 | 138.6082000732422,188.060791015625,0.29454776644706726 | -4.740396022796631,1.9773790836334229,0.007530559320002794 | 292.6 | -0.1649981588125229,-0.06987017393112183,-33.644989013671875 | 0.4443454444408417,2.513272523880005,0.5217169523239136 | 0,0
13150 | 438.33335619419813 | 137.0631866455078,188.760009765625,0.2951925992965698 | -4.314376354217529,2.835700511932373,0.00045251930714584887 | 303.3 | 0.9114485383033752,-0.6265485882759094,-30.523658752441406 | 3.5914132595062256,3.4806559085845947,-0.017368091270327568 | 0,0
13160 | 438.66668954491615 | 135.68983459472656,189.7307586669922,0.29533836245536804 | -3.67732572555542,3.6260604858398438,0.002439797855913639 | 314.6 | -1.380511999130249,1.0538923740386963,-33.632720947265625 | -0.8525776267051697,-0.2711891829967499,-0.04830032214522362 | 0,0
13170 | 439.0000228956342 | 134.50955200195312,190.9431610107422,0.2954014241695404 | -2.9068901538848877,4.245988845825195,0.0003918376169167459 | 325.6 | -0.034915950149297714,0.05428997054696083,-34.75898361206055 | 1.4368914365768433,1.3659952878952026,-0.01370029803365469 | 0,0
13180 | 439.3333562463522 | 133.57447814941406,192.36032104492188,0.29515036940574646 | -2.173773765563965,4.657025337219238,0.00017954694340005517 | 335.0 | -0.36595574021339417,0.023230193182826042,-32.447330474853516 | 2.7204391956329346,0.5157708525657654,-0.005275991279631853 | 0,0
13190 | 439.6666895970702 | 132.9044189453125,193.9276885986328,0.2953168451786041 | -1.304573655128479,4.971020221710205,-5.652439358527772e-05 | 345.3 | -0.4687958359718323,0.5068501830101013,-30.21318244934082 | 0.9551381468772888,-0.03998279199004173,-0.0018261725781485438 | 0,0
13200 | 440.00002294778824 | 132.4873046875,195.58053588867188,0.2948516309261322 | -0.7671449780464172,5.099794387817383,0.00019796885317191482 | 351.4 | -0.30810558795928955,0.23607154190540314,-24.02360725402832 | 1.734421730041504,-0.31718727946281433,-0.004461879841983318 | 0,0
13210 | 440.33335629850626 | 132.22689819335938,197.27157592773438,0.2948314845561981 | -0.4236952066421509,5.1004638671875,-1.842191704781726e-05 | 355.3 | -0.1849706619977951,0.29344409704208374,-17.020336151123047 | 0.831413209438324,0.1840209811925888,0.0001510368165327236 | 0,0
13220 | 440.6666896492243 | 132.0702667236328,198.989501953125,0.29442423582077026 | -0.23853237926959991,5.167755603790283,-6.445763574447483e-06 | 357.4 | -0.18850421905517578,0.10278218984603882,-11.569877624511719 | 0.5374775528907776,0.16563890874385834,-2.1168041712371632e-05 | 0,0
13230 | 441.0000229999423 | 131.98497009277344,200.72802734375,0.29436129331588745 | -0.11500369012355804,5.199136734008789,2.1549446955759777e-06 | 358.7 | -0.24543429911136627,0.059115417301654816,-7.75385046005249 | 0.4599679708480835,0.04461764916777611,2.3456475901184604e-05 | 0,0
13240 | 441.3333563506603 | 131.94813537597656,202.4730224609375,0.29441750049591064 | -0.004249183461070061,5.204396724700928,1.411202788403898e-06 | 360.0 | -0.24304437637329102,0.14129431545734406,-6.034639835357666 | 0.15860608220100403,0.009942053817212582,3.318233575555496e-05 | 0,0
13250 | 441.66668970137835 | 131.94268798828125,204.21987915039062,0.2944253385066986 | 0.052697256207466125,5.208042621612549,9.7258566711389e-07 | 0.6 | -0.22667737305164337,-0.11844360083341599,-4.382630825042725 | 0.43437233567237854,0.008883475326001644,-4.176396760158241e-05 | 0,0
13260 | 442.00002305209637 | 131.9547576904297,205.9686737060547,0.2944115698337555 | 0.072649747133255,5.214841842651367,1.9070306223056832e-07 | 0.8 | -0.22352375090122223,0.06072277948260307,-3.0810961723327637 | 0.03904625400900841,0.024647710844874382,-1.1442186860222137e-06 | 0,0
13270 | 442.3333564028144 | 131.9791259765625,207.72007751464844,0.2943994700908661 | 0.09746929258108139,5.223526954650879,-1.5065542129377718e-06 | 1.1 | -0.22340448200702667,0.0800308957695961,-2.552297830581665 | -0.07542125135660172,0.03021240048110485,1.830749533837661e-05 | 0,0
13280 | 442.6666897535324 | 132.0099639892578,209.47447204589844,0.2943950891494751 | 0.10593224316835403,5.232359886169434,-6.293201408880122e-07 | 1.2 | -0.22595448791980743,0.025304622948169708,-2.061511516571045 | -0.0014262645272538066,0.025448797270655632,2.5744911908986978e-05 | 0,0
13290 | 443.00002310425043 | 132.04489135742188,211.23155212402344,0.2943975031375885 | 0.11329992115497589,5.240101337432861,1.0679372053346015e-06 | 1.2 | -0.22642524540424347,0.008620967157185078,-1.8366590738296509 | 0.021321548148989677,0.02177238278090954,6.693678005831316e-05 | 0,0
13300 | 443.33335645496845 | 132.08328247070312,212.99102783203125,0.2943994402885437 | 0.12352269142866135,5.247345447540283,1.6019057511584833e-06 | 1.3 | -0.22495797276496887,0.002121630823239684,-1.8012571334838867 | 0.029598845168948174,0.02284526638686657,5.606669947155751e-05 | 0,0
13310 | 443.6666898056865 | 132.12461853027344,214.75303649902344,0.2943976819515228 | 0.12786254286766052,5.255334377288818,-1.2586402817760245e-06 | 1.4 | -0.22392453253269196,0.014997524209320545,-1.6537028551101685 | 0.0027872619684785604,0.02421855740249157,-3.261022357037291e-05 | 0,0
13320 | 444.0000231564045 | 132.16578674316406,216.51766967773438,0.2943982183933258 | 0.11685774475336075,5.263121128082275,-1.620976036065258e-06 | 1.3 | -0.2242957353591919,0.022780587896704674,-1.2771185636520386 | -0.026482565328478813,0.021829603239893913,-9.382590360473841e-05 | 1,3
13330 | 444.3333565071225 | 132.20384216308594,218.02978515625,0.3004215955734253 | 0.045806195586919785,2.79992938041687,-0.0010697297984734178 | 0.9 | -4.311472415924072,0.03042478673160076,5.354632377624512 | -0.40827107429504395,-14.450876235961914,0.03480827063322067 | 1,3
13340 | 444.66668985784054 | 132.21774291992188,218.2781524658203,0.3059785068035126 | -7.915830792626366e-05,-0.00790062453597784,0.0010334199760109186 | 0 | 2.836560010910034,-0.013598304241895676,-0.0001261911093024537 | -0.005283670965582132,-0.04075367748737335,0.0035991400945931673 | 1,3
13350 | 445.00002320855856 | 132.2177734375,218.28240966796875,0.29713019728660583 | -0.00011425692355260253,-0.004558109678328037,0.0003460116568021476 | 0 | 1.4563345909118652,-0.007255477365106344,6.940047751413658e-05 | 0.00034356763353571296,0.01852668635547161,-0.0025790678337216377 | 1,3
13360 | 445.3333565592766 | 132.21778869628906,218.28363037109375,0.29451900720596313 | -5.147703632246703e-06,-0.000906876171939075,1.020261424855562e-05 | 0 | 0.2801332175731659,-0.0024213865399360657,-8.093444193946198e-06 | 6.973227300477447e-06,0.005443958565592766,-0.00024085798941086978 | 1,3
13370 | 445.6666899099946 | 132.21780395507812,218.28382873535156,0.2941742539405823 | -2.165730393244303e-06,-0.0002048978494713083,-5.530388989427593e-06 | 0 | 0.06297841668128967,-0.0009361946722492576,-2.9432046630972764e-06 | 1.1885425919899717e-05,0.0006324319983832538,-2.8605425086425385e-06 | 1,3
13380 | 446.0000232607126 | 132.21780395507812,218.28390502929688,0.294069766998291 | -8.333172445418313e-07,-5.514199801837094e-05,-2.040522986135329e-06 | 0 | 0.016921523958444595,-0.0003448993666097522,-9.298781264988065e-07 | 4.471753072721185e-06,6.5733322117012e-05,-3.4898665035143495e-05 | 1,3
13390 | 446.33335661143064 | 132.21780395507812,218.28392028808594,0.29403620958328247 | -3.3066555715777213e-07,-1.2439448255463503e-05,-1.4302730733106728e-06 | 0 | 0.003813082119449973,-0.00012402411084622145,-2.5035734552147915e-07 | 4.3669385263456206e-07,-3.7508194509427994e-05,-3.775920777115971e-05 | 1,3
13400 | 446.66668996214867 | 132.21780395507812,218.283935546875,0.2940259575843811 | -4.8347342129773097e-08,-1.4107263268670067e-06,-7.05601394201949e-07 | 0 | 0.00042818006477318704,-1.486726432631258e-05,-7.173422034156829e-08 | 1.531463340143091e-06,0.00013976579066365957,9.153747669188306e-06 | 1,3
13410 | 447.0000233128667 | 132.21780395507812,218.283935546875,0.2940235733985901 | -6.010650110965798e-08,-1.6437860494988854e-06,-1.2395699968692497e-06 | 0 | 0.0005044214776717126,-2.2477152015198953e-05,-2.6821791010434026e-08 | -6.420081035685143e-07,6.824197498644935e-06,-1.830749533837661e-05 | 1,3
13420 | 447.3333566635847 | 132.21780395507812,218.283935546875,0.29402250051498413 | -8.089335068461878e-08,-5.095469077787129e-07,-3.0512492799061874e-07 | 0 | 0.00015616226301062852,-2.127491643477697e-05,-1.6947170777825704e-08 | -3.909023234882625e-06,4.844917498303403e-07,2.5744913727976382e-05 | 1,3
13430 | 447.66669001430273 | 132.21780395507812,218.283935546875,0.29402250051498413 | 3.094568867823e-08,-1.4961541694447078e-07,-2.8605461466213455e-07 | 0 | 4.5992852392373607e-05,1.0247776117466856e-05,-1.9333250556030634e-09 | 4.22314496972831e-06,-5.687260227205115e-07,-1.3158511137589812e-05 | 1,3
13440 | 448.00002336502075 | 132.21780395507812,218.283935546875,0.29402250051498413 | -1.3962361045116722e-08,-4.449828239216913e-08,-2.0977338976990723e-07 | 0 | 1.3623077393276617e-05,-5.097334906167816e-06,-1.2040649588485053e-09 | -1.3378023311361176e-07,-4.4420187350624474e-07,-2.2884369172970764e-06 | 1,3
13450 | 448.3333567157388 | 132.21780395507812,218.283935546875,0.29402250051498413 | -1.5050609369904322e-10,1.1130536492487408e-09,0.0 | 0 | -3.3780878538891557e-07,-4.60798688095565e-08,4.658265440049547e-11 | 1.0241463144211593e-07,9.214818419422954e-07,6.293201295193285e-06 | 1,3
13460 | 448.6666900664568 | 132.21780395507812,218.283935546875,0.29402250051498413 | 6.087893211770279e-08,-1.7223825921064417e-08,-1.7163276311293885e-07 | 0 | 5.180059815756977e-06,1.8507374988985248e-05,2.062645831912846e-09 | 1.8466613482814864e-06,-9.235807283403119e-07,-4.576873379846802e-06 | 1,3
13470 | 449.0000234171748 | 132.21780395507812,218.283935546875,0.29402250051498413 | -2.994730508021348e-08,2.7201110697205877e-08,1.907030799941367e-08 | 0 | -8.135562893585302e-06,-1.1395611181796994e-05,2.365193596531867e-09 | 1.32392756313493e-07,5.752731069286199e-10,0.0 | 1,3
13480 | 449.33335676789284 | 132.21780395507812,218.283935546875,0.29402250051498413 | 6.732962987143765e-08,-1.5796313590499267e-08,-2.288436888875367e-07 | 0 | 4.637602160073584e-06,2.3899541702121496e-05,-2.0992851901269205e-09 | 4.886151145910844e-06,9.347973559670208e-07,-1.2586401680891868e-05 | 1,3
13490 | 449.66669011861086 | 132.21780395507812,218.283935546875,0.29402250051498413 | -7.468354112916131e-08,2.961082223862377e-08,5.7210922221884175e-08 | 0 | -9.098851478483994e-06,-1.5050557522044983e-05,-1.129177285008609e-08 | -7.744633307993354e-07,1.8779029460347374e-06,8.009528755792417e-06 | 1,3
13500 | 450.0000234693289 | 132.21780395507812,218.283935546875,0.29402250051498413 | -4.898727645752388e-09,3.101021661677805e-10,-1.907030799941367e-08 | 0 | -9.392005040353979e-08,-1.5011444247647887e-06,-2.471610971443994e-10 | 1.0035284958576085e-06,1.212052325172408e-06,1.2586401680891868e-05 | 1,3
13510 | 450.3333568200469 | 132.21780395507812,218.283935546875,0.29402250051498413 | -3.948357019112336e-08,-1.8211903096698734e-09,-7.628123199765469e-08 | 0 | 6.474741098827508e-07,-1.0442476195748895e-05,-2.6572468669883165e-09 | -2.173035909436294e-06,-1.01552939213434e-06,-5.148982381797396e-06 | 1,3
13520 | 450.6666901707649 | 132.21780395507812,218.283935546875,0.29402250051498413 | -6.93284718522591e-09,-2.208468785624973e-08,-1.7163276311293885e-07 | 0 | 6.7635442064784e-06,-2.6540747057879344e-06,-5.934316371636328e-10 | 1.162192919679228e-08,-2.0133404632360907e-06,-1.0297964763594791e-05 | 1,3
13530 | 451.00002352148294 | 132.21780395507812,218.283935546875,0.29402250051498413 | 4.885607651772261e-08,8.10866307432434e-09,-3.814061599882734e-08 | 0 | -2.5853089482552605e-06,1.4151436516840477e-05,2.547106747741168e-09 | 1.8174816887039924e-06,8.726807436687523e-07,4.004764377896208e-06 | 1,3
13540 | 451.33335687220097 | 132.21780395507812,218.283935546875,0.29402250051498413 | -1.112845726680689e-08,5.9351229708681785e-08,2.479139880051662e-07 | 0 | -1.7997064787778072e-05,-4.195503152004676e-06,2.932097009633594e-09 | -2.970467107843433e-07,1.861267719505122e-06,8.581638212490361e-06 | 1,3
13550 | 451.666690222919 | 132.21780395507812,218.283935546875,0.29402250051498413 | -9.572324044526681e-10,-1.2739018728780138e-09,-1.907030799941367e-08 | 0 | 3.86671246133119e-07,-2.933791165560251e-07,-1.1381622727624219e-10 | 2.264945351271308e-06,-3.1768951203048346e-07,5.72109183849534e-06 | 1,3
13560 | 452.000023573637 | 132.21780395507812,218.283935546875,0.29402250051498413 | -4.5388239833243915e-09,-2.286809497320519e-08,-1.7163276311293885e-07 | 0 | 6.898068932059687e-06,2.1527434910240117e-06,-4.851181234499791e-09 | -2.2964516688261938e-07,-6.243293171337427e-08,-5.721089451071748e-07 | 1,3
13570 | 452.33335692435503 | 132.21780395507812,218.283935546875,0.29402250051498413 | 4.056322566725612e-08,-5.90814108747395e-09,-1.3349215066682518e-07 | 0 | 1.7169901411762112e-06,1.1078705028921831e-05,2.536050036638926e-09 | -1.7523038309263939e-07,1.3417799316073342e-08,-5.721091724808502e-07 | 1,3
13580 | 452.66669027507305 | 132.21780395507812,218.283935546875,0.29402250051498413 | 2.4732900172352856e-09,1.0879173117928076e-08,-1.907030799941367e-08 | 0 | -3.3328833524137735e-06,9.585484121998888e-07,2.3123143677583613e-10 | -7.4478219147522395e-09,6.612179959120112e-08,0.0 | 1,3
13590 | 453.0000236257911 | 132.21780395507812,218.283935546875,0.29402250051498413 | 1.2106900726394088e-07,-1.673567950888355e-09,-6.293201408880122e-07 | 0 | 4.2064593230861647e-07,3.4699871321208775e-05,7.428761605865475e-09 | 5.016091563447844e-06,9.777168088476174e-07,-1.2014292224193923e-05 | 1,3
13600 | 453.3333569765091 | 132.21780395507812,218.283935546875,0.29402250051498413 | -2.373575336278577e-09,-3.219519095765122e-10,0.0 | 0 | 9.780865894981616e-08,-7.273653181982809e-07,-1.4294232464351353e-10 | -1.415775045643386e-06,2.3438049367996427e-07,8.009528755792417e-06 | 1,3
13610 | 453.6666903272271 | 132.21780395507812,218.283935546875,0.29402250051498413 | 3.2336338051663915e-08,3.12517656197997e-08,7.628123199765469e-08 | 0 | -9.474508260609582e-06,7.911649845482316e-06,4.917623641631508e-09 | 2.1197524802119005e-06,9.968648555513937e-07,4.576873834594153e-06 | 1,3
13620 | 454.00002367794514 | 132.21780395507812,218.283935546875,0.29402250051498413 | 3.2300166985521628e-09,1.5748865322962047e-08,-5.7210922221884175e-08 | 0 | -4.6332861529663205e-06,1.2117745882278541e-06,2.127610976287997e-09 | 7.044219785257155e-08,1.856147058276747e-08,-5.721091724808502e-07 | 1,3
13630 | 454.33335702866316 | 132.21780395507812,218.283935546875,0.29402250051498413 | 5.688365689593411e-08,-2.3363972090351126e-08,-1.5256246399530937e-07 | 0 | 7.065484169288538e-06,1.707382944005076e-05,1.9222632374749082e-09 | 1.8498479903428233e-06,-9.041934845299693e-07,-4.576873834594153e-06 | 1,3
13640 | 454.6666903793812 | 132.21780395507812,218.283935546875,0.29402250051498413 | -7.749163533077308e-10,6.623497750268825e-09,0.0 | 0 | -2.027147729677381e-06,-2.7961831960965355e-07,1.5172943457208987e-10 | -7.4460984045288114e-09,6.612258118821046e-08,0.0 | 1,3
13650 | 455.0000237300992 | 132.21780395507812,218.283935546875,0.29402250051498413 | -1.271249217005277e-09,-9.563230207731976e-10,-1.907030799941367e-08 | 0 | 2.9029774850641843e-07,-3.895941063092323e-07,-1.1504275310159073e-10 | -9.84539880732882e-08,-3.547991127561545e-07,1.1442183449617005e-06 | 1,3
13660 | 455.3333570808172 | 132.21780395507812,218.283935546875,0.29402250051498413 | -3.275711435435369e-08,-5.568296934654882e-09,-3.814061599882734e-08 | 0 | 1.6058746723501827e-06,-8.364943823835347e-06,-4.593352365134251e-09 | -3.5238679174653953e-07,1.3150186717325596e-08,0.0 | 1,3
13670 | 455.66669043153524 | 132.21780395507812,218.283935546875,0.29402250051498413 | 9.874627693307048e-08,2.367343654441356e-09,-5.7210922221884175e-08 | 0 | -7.264555961228325e-07,2.9029539291514084e-05,6.680700881389612e-09 | 1.7849349660536973e-06,-9.660083151175058e-07,-4.576873379846802e-06 | 1,3
13680 | 456.00002378225327 | 132.21780395507812,218.283935546875,0.29402250051498413 | -2.8146494912562048e-08,-1.1617521389339913e-09,-1.907030799941367e-08 | 0 | 4.472048829029518e-07,-6.324095920717809e-06,-2.7056259455093823e-09 | 7.390642053906049e-08,-1.814349204209975e-08,-5.721092293242691e-07 | 1,3
13690 | 456.3333571329713 | 132.21780395507812,218.283935546875,0.29402250051498413 | -4.400273212468164e-08,2.9373179444291964e-08,5.7210922221884175e-08 | 0 | -8.804714525467716e-06,-1.5283780157915317e-05,2.825465417188866e-09 | -3.892946551786736e-06,9.205489277519519e-07,2.002382097998634e-05 | 1,3
13700 | 456.6666904836893 | 132.21780395507812,218.283935546875,0.29402250051498413 | -1.5050609369904322e-10,1.1130536492487408e-09,0.0 | 0 | -3.3780878538891557e-07,-4.60798688095565e-08,4.658272378943451e-11 | 6.22817992734781e-07,-8.018274684218341e-07,2.2884369172970764e-06 | 1,3
13710 | 457.00002383440733 | 132.21780395507812,218.283935546875,0.29402250051498413 | 6.064738045097329e-08,-1.864987630995074e-08,-1.7163276311293885e-07 | 0 | 5.61450769964722e-06,1.8509783330955543e-05,1.962370266284097e-09 | 1.8488060504751047e-06,-9.896616575133521e-07,-4.576873379846802e-06 | 1,3
13720 | 457.33335718512535 | 132.21780395507812,218.283935546875,0.29402250051498413 | 7.365940496439904e-11,-5.227610344604727e-08,-3.432655262258777e-07 | 0 | 1.5832478311494924e-05,-3.304670030956913e-07,-2.6785045292854193e-09 | 2.063280533093348e-07,-1.8423578467263724e-06,-1.0297964763594791e-05 | 1,3
13730 | 457.6666905358434 | 132.21780395507812,218.283935546875,0.29402250051498413 | -5.026043137235092e-09,8.979883503457131e-09,0.0 | 0 | -2.748479118963587e-06,-1.896461185424414e-06,1.9404818030199777e-10 | -7.443005767271416e-09,6.6122154862569e-08,0.0 | 1,3
13740 | 458.0000238865614 | 132.21780395507812,218.283935546875,0.29402250051498413 | -7.189604644963765e-08,-3.356227651352128e-08,-2.479139880051662e-07 | 0 | 1.0259164810122456e-05,-1.4114589248492848e-05,-1.2682432881661043e-08 | -7.796033401064051e-07,-1.9881401840393664e-06,-1.0870074220292736e-05 | 1,3
13750 | 458.3333572372794 | 132.21780395507812,218.283935546875,0.29402250051498413 | 4.3005594640987965e-09,-6.488239279178742e-08,-3.432655262258777e-07 | 0 | 1.9691815396072343e-05,1.3154701719031436e-06,-2.9550295543856464e-09 | 4.537942004390061e-07,-2.8726378786814166e-06,-7.437419299094472e-06 | 1,3
13760 | 458.66669058799744 | 132.21780395507812,218.283935546875,0.29402250051498413 | -1.8481300045891658e-08,-3.580957042004229e-08,-3.432655262258777e-07 | 0 | 1.0866127922781743e-05,-3.1342931379185757e-06,-5.177091200181394e-09 | -1.415936310422694e-07,-1.980559090952738e-06,-9.725856216391549e-06 | 1,3
13770 | 459.00002393871546 | 132.21780395507812,218.283935546875,0.29402250051498413 | 3.6343905662761244e-08,-1.1827592238944362e-09,-1.5256246399530937e-07 | 0 | 2.7187292062080815e-07,9.25687618291704e-06,2.5907305190031593e-09 | 2.215595714005758e-06,9.686757493909681e-07,4.576873834594153e-06 | 1,3
13780 | 459.3333572894335 | 132.21780395507812,218.283935546875,0.29402250051498413 | 1.3660350361988094e-07,-3.613738286389889e-08,-4.386170644465892e-07 | 0 | 1.0890904377447441e-05,3.7273599446052685e-05,9.34360055993011e-09 | 2.0873526409559418e-06,-9.646681746744434e-07,-5.72109183849534e-06 | 1,3
13790 | 459.6666906401515 | 132.21780395507812,218.283935546875,0.29402250051498413 | 1.7306983579601365e-07,2.8157204567946792e-08,-4.1954677953981445e-07 | 0 | -8.43560428620549e-06,4.992047615814954e-05,1.3963340705913652e-08 | 6.835607564426027e-06,-4.520687468811957e-08,-1.7163276424980722e-05 | 1,3
13800 | 460.0000239908695 | 132.21780395507812,218.283935546875,0.29402250051498413 | 6.190861512322954e-08,-3.250289992706712e-08,-1.7163276311293885e-07 | 0 | 9.862232218438294e-06,1.8969953089253977e-05,1.7203735103166196e-09 | 4.705485480371863e-06,-6.958110247978766e-07,0.0 | 1,3
13810 | 460.33335734158754 | 132.21780395507812,218.283935546875,0.29402250051498413 | -8.994097910886012e-09,-1.8308867311134236e-08,-1.5256246399530937e-07 | 0 | 5.501796749740606e-06,-3.015185967569778e-08,-4.940717168722131e-09 | 1.6119699921546271e-06,-1.0042575695479172e-06,-5.1489828365447465e-06 | 1,3
13820 | 460.66669069230556 | 132.21780395507812,218.283935546875,0.29402250051498413 | 3.9143483121506506e-08,-3.66210812785539e-08,-2.0977338976990723e-07 | 0 | 1.1132437975902576e-05,1.0466786989127286e-05,1.6705401506555972e-09 | 2.092401700792834e-06,-9.741676194607862e-07,-5.1489828365447465e-06 | 1,3
13830 | 461.0000240430236 | 132.21780395507812,218.283935546875,0.29402250051498413 | -1.3953822541878935e-09,1.2133654081480927e-08,0.0 | 0 | -3.716461606018129e-06,-5.132411615704768e-07,2.5331317599075476e-10 | -7.445477123724231e-09,6.61215864283804e-08,0.0 | 1,3
13840 | 461.3333573937416 | 132.21780395507812,218.283935546875,0.29402250051498413 | -7.749163533077308e-10,6.623497750268825e-09,0.0 | 0 | -2.027147729677381e-06,-2.7961831960965355e-07,1.5172865741597263e-10 | -7.446099736796441e-09,6.612258118821046e-08,0.0 | 1,3
13850 | 461.66669074445963 | 132.21780395507812,218.283935546875,0.29402250051498413 | -1.5050609369904322e-10,1.1130536492487408e-09,0.0 | 0 | -3.3780878538891557e-07,-4.60798688095565e-08,4.658274460611622e-11 | -3.4788858016554514e-08,1.4699667190143373e-06,1.0297964763594791e-05 | 0,0
13860 | 462.00002409517765 | 132.2179718017578,218.2926483154297,0.29366153478622437 | -0.0004192094784229994,0.17772239446640015,-2.479139880051662e-07 | 0 | 0.5927283763885498,-0.010132286697626114,1.443066120147705 | -0.0019620838575065136,3.4167025089263916,-2.288436735398136e-05 | 0,0
13870 | 462.3333574458957 | 132.21658325195312,218.4803009033203,0.2911390960216522 | -0.007146050687879324,1.1266833543777466,-3.409770943108015e-05 | 359.6 | 1.1605439186096191,0.015108945779502392,0.1297561377286911 | -0.03357221558690071,4.550998687744141,-0.00030264578526839614 | 0,0
13880 | 462.6666907966137 | 132.21343994140625,219.0637664794922,0.28952232003211975 | -0.01588369533419609,2.2420449256896973,-7.723474482190795e-06 | 359.6 | -0.037250518798828125,0.011367942206561565,0.23359784483909607 | -0.059716250747442245,2.9313180446624756,0.00014760417980141938 | 0,0
13890 | 463.0000241473317 | 132.20790100097656,219.9725799560547,0.29005539417266846 | -0.022945867851376534,3.085585355758667,1.512275412096642e-05 | 359.6 | -0.4799816906452179,0.010266429744660854,0.2360290139913559 | -0.06271082162857056,0.2919459044933319,0.00011671027459669858 | 0,0
13900 | 463.33335749804974 | 132.20069885253906,220.99610900878906,0.2928846776485443 | -0.025399940088391304,3.069000720977783,2.025266621785704e-05 | 359.5 | -0.5253786444664001,-0.0013052871217951179,0.2021583914756775 | -0.002083796774968505,-0.050368305295705795,-0.00013444566866382957 | 0,0
13910 | 463.66669084876776 | 132.1923370361328,222.1013946533203,0.29166123270988464 | -0.03171783685684204,3.806535482406616,-2.7728226996259764e-05 | 359.5 | 0.9323384761810303,0.009399574249982834,0.1679368019104004 | -0.02980939857661724,3.3097312450408936,-0.00014932053454685956 | 0,0
13920 | 464.0000241994858 | 132.1807403564453,223.5415802001953,0.29023540019989014 | -0.040075965225696564,4.73750114440918,-1.1442184586485382e-05 | 359.5 | 9.470800432609394e-05,-0.009058390744030476,0.11272262036800385 | -0.012347101233899593,2.398080587387085,0.00014874839689582586 | 0,0
13930 | 464.3333575502038 | 132.16653442382812,225.22311401367188,0.29227834939956665 | -0.04175826907157898,5.200566291809082,-0.0004848816024605185 | 359.5 | -0.7472019791603088,-0.06516176462173462,-0.036844294518232346 | 0.10349839180707932,0.2263784259557724,-0.022789396345615387 | 0,0
