Simulation Frame | Timestamp | Position | Velocity | Heading | Angular Velocity | Acceleration | Stopped at Red Light + Light ID 
9560 | 318.66668328642845 | 98.96691131591797,191.5634002685547,0.29390081763267517 | 2.2585437297821045,-0.019455058500170708,6.483904144261032e-06 | 90.5 | 0.007135050371289253,1.8961493968963623,0.12414990365505219 | -6.815578460693359,0.05828316882252693,6.693676550639793e-05 | 0,0
9570 | 319.0000166371465 | 99.21150207519531,191.5609893798828,0.30165180563926697 | -0.003241791622713208,-1.4046127944311593e-05,-6.474369729403406e-05 | 0 | -0.006336365360766649,-1.089184284210205,4.132401954848319e-05 | -0.058804914355278015,-0.0001636168744880706,0.0029068870935589075 | 0,0
9580 | 319.3333499878645 | 99.21402740478516,191.56097412109375,0.29620829224586487 | -0.0031490279361605644,5.541589416679926e-06,8.511078340234235e-05 | 0 | -0.00630575604736805,-0.9936553239822388,8.93957621883601e-05 | 0.012228022329509258,2.283559661009349e-05,-0.0005377826746553183 | 0,0
9590 | 319.6666833385825 | 99.21482849121094,191.56097412109375,0.2944442927837372 | -0.00017830595606938004,6.947457222850062e-07,-1.926101049321005e-06 | 0 | -0.0002135615941369906,-0.05437812581658363,-8.348682058567647e-06 | 0.017742397263646126,-0.0001302165474044159,-5.721084903598239e-07 | 0,0
9600 | 320.00001668930054 | 99.2149887084961,191.56097412109375,0.29414328932762146 | -0.00017953204223886132,1.2105277846785611e-06,-1.2586402817760245e-06 | 0 | -0.00034460448659956455,-0.05516974255442619,-1.2937223345943494e-06 | 0.0007316235569305718,2.3353093183686724e-06,5.20619323651772e-05 | 0,0
9610 | 320.33335004001856 | 99.21504974365234,191.56097412109375,0.29406172037124634 | -5.3220621339278296e-05,2.4035452383941447e-07,-2.116804125762428e-06 | 0 | -6.574103463208303e-05,-0.01633496955037117,-4.432154128153343e-07 | 0.0001592074695508927,-5.694203537132125e-06,1.2586400771397166e-05 | 0,0
9620 | 320.6666833907366 | 99.21507263183594,191.56097412109375,0.29403460025787354 | -1.4457383258559275e-05,3.4275068117040064e-08,-1.6019057511584833e-06 | 0 | -2.232758333775564e-06,-0.004434689413756132,-1.4327277142456296e-07 | 1.6778374629211612e-05,-2.107510226778686e-06,1.1442169807196478e-06 | 0,0
9630 | 321.0000167414546 | 99.21507263183594,191.56097412109375,0.2940264344215393 | -3.257347771068453e-06,9.443183301982572e-08,-5.14898317760526e-07 | 0 | -2.6028754291473888e-05,-0.0009985099313780665,-4.7134264491432987e-08 | -8.011299541976769e-06,-5.586444785876665e-06,-5.72109183849534e-06 | 0,0
9640 | 321.3333500921726 | 99.21507263183594,191.56097412109375,0.2940232753753662 | -3.460470168192842e-07,6.935666707619248e-09,-6.674607675449806e-07 | 0 | -2.1223911517154193e-06,-0.00010502679651835933,-1.712752784044369e-08 | 3.5883749660570174e-05,-9.138116752183123e-07,5.835513729834929e-05 | 0,0
9650 | 321.66668344289064 | 99.21507263183594,191.56097412109375,0.2940232753753662 | -4.243496505296207e-07,4.302363976194101e-08,-1.5828354662517086e-06 | 0 | -1.081599202734651e-05,-0.00013022273196838796,-6.73911326742882e-09 | 6.274208317336161e-07,4.9266759560850915e-06,3.4326578770560445e-06 | 0,0
9660 | 322.00001679360867 | 99.21507263183594,191.56097412109375,0.29402226209640503 | -1.8919617161827773e-07,-3.6836400596484964e-08,-5.7210922221884175e-08 | 0 | 9.586787200532854e-06,-5.801022780360654e-05,1.4194564412761679e-09 | -6.695375418530602e-07,-1.862444605649216e-06,5.721091383747989e-06 | 0,0
9670 | 322.3333501443267 | 99.21507263183594,191.56097412109375,0.29402226209640503 | -9.163441205828349e-08,3.204247889243561e-08,-1.907030799941367e-08 | 0 | -1.183665790449595e-05,-2.805753865686711e-05,-1.441231467502746e-09 | -3.902554794876778e-07,1.6956003889845306e-07,0.0 | 0,0
9680 | 322.6666834950447 | 99.21507263183594,191.56097412109375,0.29402226209640503 | 2.6977033940056572e-08,6.787369954963651e-08,1.9070306223056832e-07 | 0 | -2.125381251971703e-05,8.17476939118933e-06,-1.8151146141676122e-09 | 9.59615476858744e-07,1.8865741822082782e-06,5.148981927050045e-06 | 0,0
9690 | 323.00001684576273 | 99.21507263183594,191.56097412109375,0.29402226209640503 | 1.4943681014845112e-10,-1.2598166954091994e-09,1.907030799941367e-08 | 0 | 3.8606472685387416e-07,4.533541897444593e-08,7.593794343341287e-11 | -4.66576778990202e-07,-4.664731250159093e-07,-9.153747669188306e-06 | 0,0
9700 | 323.33335019648075 | 99.21507263183594,191.56097412109375,0.29402226209640503 | -4.030106914854059e-09,9.601827777316885e-09,2.479139880051662e-07 | 0 | -3.4382244393782457e-06,-1.2290926179048256e-06,-1.7970036569892045e-10 | -2.251930553143211e-08,1.515726211209767e-07,1.1442178902143496e-06 | 0,0
9710 | 323.6666835471988 | 99.21507263183594,191.56097412109375,0.29402226209640503 | 3.2810145711437144e-09,-2.9568916204425477e-09,3.0512492799061874e-07 | 0 | 1.2019693258480402e-06,1.0047168643723126e-06,-5.573003517000963e-11 | -9.51147782757289e-09,1.3530469189504402e-08,1.7163281427201582e-06 | 0,0
9720 | 324.0000168979168 | 99.26280212402344,191.560791015625,0.29272302985191345 | 0.6022660732269287,-0.00483211874961853,-8.257442459580489e-06 | 0 | -0.005380230024456978,-1.6923836469650269,0.04631597548723221 | 6.4535322189331055,-0.05239124968647957,-0.00014302728231996298 | 0,0
9730 | 324.3333502486348 | 99.7078628540039,191.5570831298828,0.28946006298065186 | 1.8603252172470093,-0.013415753841400146,-2.1187110178289004e-05 | 90.4 | 0.003400480840355158,-0.0884130522608757,0.1401708424091339 | 3.0448005199432373,-0.014475126750767231,0.0003249580040574074 | 0,0
9740 | 324.66668359935284 | 100.49617004394531,191.55113220214844,0.2898240089416504 | 2.8080482482910156,-0.01751646213233471,1.6343254173989408e-05 | 90.4 | 0.0019117422634735703,0.13381843268871307,0.2080371379852295 | 2.7309606075286865,-0.009243841283023357,0.00011156132677569985 | 0,0
9750 | 325.00001695007086 | 101.39456176757812,191.54550170898438,0.29564815759658813 | 1.6405048370361328,-0.007211634889245033,2.9578048270195723e-05 | 90.3 | 0.0032736961729824543,4.142982482910156,0.11715420335531235 | -11.895073890686035,0.06713532656431198,-0.0011207618517801166 | 0,0
9760 | 325.3333503007889 | 101.6268081665039,191.5443115234375,0.2935747802257538 | 1.3861874341964722,-0.005813039373606443,0.0001758282451191917 | 90.2 | -0.006313123740255833,-3.4397850036621094,0.12769727408885956 | 5.428615570068359,-0.02072809636592865,-0.002079616067931056 | 0,0
9770 | 325.6666836515069 | 101.99844360351562,191.54251098632812,0.28960299491882324 | 2.1750082969665527,-0.007561666425317526,-6.590698467334732e-05 | 90.2 | 0.006403758190572262,-0.6872262358665466,0.20079413056373596 | 3.310546636581421,0.00722693232819438,-0.0002660308964550495 | 0,0
9780 | 326.0000170022249 | 102.89590454101562,191.53907775878906,0.28961578011512756 | 3.133573293685913,-0.007295970804989338,8.314654223795515e-06 | 90.1 | 0.0016996378544718027,0.20817621052265167,0.27189400792121887 | 2.6962993144989014,0.0032553633209317923,0.00014188307977747172 | 0,0
9790 | 326.33335035294294 | 103.76800537109375,191.536865234375,0.29774489998817444 | 1.4097213745117188,-0.0009103486663661897,-6.28175912424922e-05 | 90.0 | -0.013421684503555298,3.3035361766815186,0.07879190891981125 | -8.029134750366211,0.008083180524408817,-0.001826172461733222 | 0,0
9800 | 326.66668370366096 | 104.16334533691406,191.5362091064453,0.29566314816474915 | 1.5857336521148682,-0.00018103100592270494,0.00011590932990657166 | 90.0 | 0.004574763588607311,-2.22955584526062,0.14511631429195404 | 3.043849229812622,-0.0014780324418097734,-0.00029520821408368647 | 0,0
9810 | 327.000017054379 | 104.80189514160156,191.5357208251953,0.2926270365715027 | 1.975026249885559,0.0006475345580838621,-2.3456477720174007e-06 | 90.0 | -0.0012022539740428329,0.3113326132297516,0.14414864778518677 | -0.030645130202174187,0.0016300251008942723,6.922521424712613e-05 | 0,0
9820 | 327.333350405097 | 105.45692443847656,191.53573608398438,0.29371824860572815 | 1.933453917503357,0.002181142335757613,6.483904826382059e-07 | 89.9 | -0.00597291300073266,0.31771963834762573,0.13646960258483887 | -0.9653269648551941,-0.009484730660915375,-2.0595929527189583e-05 | 0,0
9830 | 327.66668375581503 | 106.16424560546875,191.5363006591797,0.2925354242324829 | 2.451199531555176,0.004068702459335327,-1.1098918548668735e-05 | 89.9 | -0.0050138430669903755,-0.6912126541137695,0.15459932386875153 | 2.4838039875030518,-0.008121979422867298,-8.295581938000396e-05 | 0,0
9840 | 328.00001710653305 | 107.13265991210938,191.53790283203125,0.29082807898521423 | 3.3119828701019287,0.009130170568823814,-1.8326565623283386e-05 | 89.8 | 0.002515312284231186,-0.23486503958702087,0.2088478058576584 | 2.5885603427886963,0.016484910622239113,1.6019037502701394e-05 | 0,0
9850 | 328.3333504572511 | 108.3320083618164,191.54095458984375,0.2924448847770691 | 3.3313233852386475,0.012277149595320225,5.1337265176698565e-05 | 89.8 | -0.010002064518630505,2.3606889247894287,0.17323175072669983 | -6.535198211669922,-0.006630084943026304,0.0003627172263804823 | 0,0
9860 | 328.6666838079691 | 109.08971405029297,191.54342651367188,0.2981606721878052 | 2.051936388015747,0.008372137323021889,1.620976036065258e-05 | 89.8 | 0.014295541681349277,-1.3368135690689087,0.07516482472419739 | 1.7609630823135376,0.0284798052161932,0.001264361198991537 | 0,0
9870 | 329.0000171586871 | 109.91249084472656,191.54641723632812,0.2925865054130554 | 2.853715181350708,0.012125726789236069,-4.595944119500928e-06 | 89.8 | 0.005471040494740009,-1.0155925750732422,0.10828529298305511 | 2.5940749645233154,0.01243594940751791,-0.0004262213478796184 | 0,0
9880 | 329.33335050940514 | 110.77324676513672,191.55003356933594,0.29713335633277893 | 1.4229412078857422,0.006642462685704231,-5.0250258937012404e-05 | 89.7 | -0.028834838420152664,3.6278576850891113,0.016964109614491463 | -10.384729385375977,-0.051805634051561356,-0.0012689381837844849 | 0,0
9890 | 329.66668386012316 | 111.1934814453125,191.5519256591797,0.29605811834335327 | 1.6446250677108765,0.007823165506124496,9.039325232151896e-05 | 89.7 | 0.02146092802286148,-2.7286956310272217,0.05866014212369919 | 6.8583221435546875,0.040623463690280914,0.0005194749683141708 | 0,0
9900 | 330.0000172108412 | 112.025390625,191.55569458007812,0.28965628147125244 | 3.0688467025756836,0.015361989848315716,-5.465550202643499e-05 | 89.7 | 0.009087983518838882,-0.4190737307071686,0.08505184203386307 | 3.1551644802093506,0.03187184780836105,0.0001779258600436151 | 0,0
9910 | 330.3333505615592 | 113.2103500366211,191.5614013671875,0.29004061222076416 | 3.850557804107666,0.019767800346016884,2.286529888806399e-05 | 89.7 | -0.006645225454121828,0.826207160949707,0.06587284058332443 | -0.6964587569236755,-0.0017360596684738994,0.00032495803316123784 | 0,0
9920 | 330.6666839122772 | 114.03583526611328,191.56594848632812,0.3013165295124054 | 0.8803023099899292,0.006858856417238712,-0.00024274594034068286 | 0 | 0.033965449780225754,3.233724355697632,-0.45856133103370667 | -12.5280179977417,-0.005797440651804209,-0.001465743756853044 | 0,0
9930 | 331.00001726299524 | 114.38369750976562,191.5676727294922,0.29555797576904297 | 1.5052729845046997,0.006899351254105568,0.00017132764332927763 | 89.7 | 0.01340063288807869,-2.409358263015747,0.03310704976320267 | 3.1160686016082764,0.010309209115803242,-0.0009611431742087007 | 0,0
9940 | 331.33335061371326 | 114.9970474243164,191.57052612304688,0.29251185059547424 | 1.9003647565841675,0.008962936699390411,-4.901069132756675e-06 | 89.7 | -0.0036078954581171274,0.3522585332393646,0.01684245839715004 | -0.029404161497950554,-0.004009231459349394,2.8605440093087964e-05 | 0,0
9950 | 331.6666839644313 | 115.62726593017578,191.57354736328125,0.29369041323661804 | 1.8624225854873657,0.008802286349236965,-2.0977338408556534e-06 | 89.7 | -0.003390636993572116,0.3140861392021179,0.011425495147705078 | -0.867344081401825,-0.0076343766413629055,-3.2038115023169667e-05 | 0,0
9960 | 332.0000173151493 | 116.31816864013672,191.57681274414062,0.2924521267414093 | 2.406552314758301,0.011286770924925804,-1.1918941709154751e-05 | 89.7 | 0.0021798887755721807,-0.66670823097229,0.012648461386561394 | 2.4854776859283447,0.006284331437200308,-0.00011098918912466615 | 0,0
9970 | 332.33335066586733 | 117.27198028564453,191.581298828125,0.29080507159233093 | 3.2693448066711426,0.01564554125070572,-1.44552923302399e-05 | 89.7 | 0.0022613811306655407,-0.22714261710643768,0.016734618693590164 | 2.595505475997925,0.014262170530855656,0.00013845047214999795 | 0,0
9980 | 332.66668401658535 | 118.23881530761719,191.58596801757812,0.2968597412109375 | 1.8921853303909302,0.009120196104049683,-3.2839070627233014e-05 | 89.7 | -0.019328124821186066,2.9561474323272705,-0.017182810232043266 | -8.127676010131836,-0.03876867517828941,-0.0012380443513393402 | 0,0
9990 | 333.00001736730337 | 118.80979919433594,191.58865356445312,0.29549068212509155 | 2.029792070388794,0.009471222758293152,7.96948152128607e-05 | 89.7 | 0.012333598919212818,-1.8977532386779785,0.005417662672698498 | 2.7708969116210938,0.01289262343198061,-1.7735363144311123e-05 | 0,0
10000 | 333.3333507180214 | 119.65032196044922,191.5925750732422,0.2911982536315918 | 2.943481683731079,0.013814487494528294,-3.060784365516156e-05 | 89.7 | 0.003641650313511491,-0.5305493474006653,0.00564696965739131 | 2.693981885910034,0.012569081969559193,-6.407620821846649e-05 | 0,0
10010 | 333.6666840687394 | 120.51885223388672,191.59664916992188,0.29649287462234497 | 1.8038535118103027,0.008473186753690243,-2.2769947463530116e-05 | 89.7 | -0.014532418921589851,2.0030155181884766,-0.010645364411175251 | -3.1207785606384277,-0.01666165702044964,-0.0007889385451562703 | 0,0
10020 | 334.00001741945744 | 121.21366882324219,191.59988403320312,0.2937145531177521 | 2.44427490234375,0.011392257176339626,1.4588785234082025e-05 | 89.7 | 0.008496599271893501,-1.2665764093399048,0.0042836954817175865 | 2.551409959793091,0.012082512490451336,-0.00031008318183012307 | 0,0
10030 | 334.33335077017546 | 122.15343475341797,191.604248046875,0.2921440303325653 | 2.7739479541778564,0.012957497499883175,1.1003568033629563e-05 | 89.7 | -0.0081742312759161,1.4440795183181763,-0.009502834640443325 | -4.642824649810791,-0.021687697619199753,0.00048343228991143405 | 0,0
10040 | 334.6666841208935 | 122.87818145751953,191.60765075683594,0.295244425535202 | 2.288970947265625,0.010515836998820305,1.5466019249288365e-05 | 89.7 | 0.006730509456247091,-1.1242754459381104,0.0006988451350480318 | 2.1849915981292725,0.00970174465328455,0.0002299878979101777 | 0,0
10050 | 335.0000174716115 | 123.78598022460938,191.61181640625,0.29166996479034424 | 3.087836742401123,0.014083798043429852,-2.1187110178289004e-05 | 89.7 | 0.0033328996505588293,-0.4219168722629547,-0.003036768874153495 | 1.5825532674789429,0.007957386784255505,3.4327056255278876e-06 | 0,0
10060 | 335.3333508223295 | 124.52179718017578,191.61520385742188,0.2990800142288208 | 0.935909628868103,0.0022467980161309242,-0.0001260165881831199 | 0 | -0.07954895496368408,2.9755823612213135,0.5520893335342407 | -11.206533432006836,-0.11131003499031067,-0.0011545162415131927 | 0,0
10070 | 335.66668417304754 | 124.54267120361328,191.6151885986328,0.2991558015346527 | -0.005427585914731026,-5.96834797761403e-05,0.00017468401347287 | 0 | 0.011712434701621532,-1.7776812314987183,0.0001674387458479032 | 0.0037133086007088423,1.7241180103155784e-05,0.00045768768177367747 | 0,0
10080 | 336.00001752376556 | 124.54457092285156,191.61520385742188,0.29508134722709656 | -0.0017297754529863596,-1.1181747140653897e-05,2.282715831825044e-05 | 0 | 0.003710587974637747,-0.5380675196647644,1.94265776372049e-05 | 0.008708223700523376,0.00038676708936691284,-0.00035013078013435006 | 0,0
10090 | 336.3333508744836 | 124.5449447631836,191.61520385742188,0.2942770719528198 | -0.0002441114920657128,-1.4082488632993773e-06,-6.6173965933558065e-06 | 0 | 0.00046116230078041553,-0.07506843656301498,2.890896553253697e-07 | -0.00036093476228415966,2.3597463041369338e-06,-3.089390156674199e-05 | 0,0
10100 | 336.6666842252016 | 124.54508209228516,191.61520385742188,0.29409149289131165 | -3.627489786595106e-05,-1.7646743799559772e-07,-4.710365828941576e-06 | 0 | 5.928788596065715e-05,-0.01110464334487915,-4.845969101552328e-07 | -0.00108824681956321,-5.294022685120581e-06,-0.00014131097123026848 | 0,0
10110 | 337.0000175759196 | 124.54512786865234,191.61520385742188,0.2940409481525421 | -2.887223854486365e-05,5.2570356956493924e-08,-2.421929139018175e-06 | 0 | -1.4934872524463572e-05,-0.008861533366143703,1.28887521100296e-07 | 0.00012202505604363978,7.84743042459013e-06,2.2884339614392957e-06 | 0,0
10120 | 337.33335092663765 | 124.54513549804688,191.61520385742188,0.2940292954444885 | -8.699519639776554e-06,-1.2105851965316106e-07,2.4982102786452742e-06 | 0 | 2.853516343748197e-05,-0.0026693532709032297,4.714634016522723e-08 | 2.822286478476599e-05,-3.608122369769262e-06,1.144218367699068e-05 | 0,0
10130 | 337.66668427735567 | 124.54513549804688,191.61520385742188,0.2940247356891632 | -2.43197587224131e-06,-7.468256058018596e-08,-2.2502961201098515e-06 | 0 | 2.78207371593453e-05,-0.0007458510808646679,4.993580215995053e-09 | 3.8882531043782365e-06,2.550919361965498e-06,-1.087007149180863e-05 | 0,0
10140 | 338.0000176280737 | 124.5451431274414,191.61520385742188,0.29402270913124084 | -6.076372756069759e-07,-6.281555187115373e-08,2.2884369172970764e-06 | 0 | 1.9934112060582265e-05,-0.00018638538313098252,4.689149513126267e-09 | -7.038311764517857e-07,5.901540234276581e-08,-1.7735384972183965e-05 | 0,0
10150 | 338.3333509787917 | 124.5451431274414,191.61520385742188,0.29402270913124084 | -7.327452067329432e-08,6.819163012039553e-10,-4.2145379666180816e-06 | 0 | -1.62258814384586e-07,-2.2351860025082715e-05,-2.0022372648753617e-09 | -2.198235506511992e-06,2.045748814794024e-08,-0.00012643613445106894 | 0,0
10160 | 338.66668432950974 | 124.5451431274414,191.61520385742188,0.29402270913124084 | -1.1252905274261593e-08,3.1042731052366435e-08,-3.1466006475966424e-06 | 0 | -9.23721836443292e-06,-3.8024161312932847e-06,5.997186747208616e-09 | 1.0871716540350462e-06,9.185675480694044e-06,-2.0023819160996936e-05 | 0,0
10170 | 339.00001768022776 | 124.5451431274414,191.61520385742188,0.29402270913124084 | 2.8864146628393428e-08,5.926537482991989e-08,2.5363508484588237e-06 | 0 | -1.1914774404431228e-05,8.59671945363516e-06,-4.320170887694985e-09 | 7.580840133414313e-07,2.0261420559108956e-06,9.725858035380952e-06 | 0,0
10180 | 339.3333510309458 | 124.54803466796875,191.615234375,0.29389625787734985 | 0.06345168501138687,0.0002866883296519518,-2.1549446955759777e-06 | 0 | 0.0011678292648866773,-0.21541880071163177,-0.11687608063220978 | 1.9165815114974976,0.008444677107036114,-1.029796385410009e-05 | 0,0
10190 | 339.6666843816638 | 124.66620635986328,191.6158905029297,0.29116061329841614 | 1.0284943580627441,0.004358234815299511,-4.6951096010161564e-05 | 89.8 | 0.009051446802914143,-1.5622098445892334,-7.528090645791963e-05 | 4.597468852996826,0.01930014044046402,-0.0005040281685069203 | 0,0
10200 | 340.0000177323818 | 125.2177734375,191.6182403564453,0.28937214612960815 | 2.1474030017852783,0.009048488922417164,-4.081045972270658e-06 | 89.8 | -0.0003846722829621285,0.08398468792438507,-0.006197056733071804 | 2.940537691116333,0.012103020213544369,0.00022712734062224627 | 0,0
10210 | 340.33335108309984 | 126.09751892089844,191.62193298339844,0.2899151146411896 | 3.0739476680755615,0.01259999442845583,1.2128714843129274e-05 | 89.8 | -0.0009652840089984238,0.13156361877918243,-0.014741672202944756 | 2.681901216506958,0.010216952301561832,-5.8927256759488955e-05 | 0,0
10220 | 340.66668443381786 | 126.66779327392578,191.6243438720703,0.3020695447921753 | 0.008502098731696606,0.00010543819371378049,-0.00033872679341584444 | 0 | -0.018573569133877754,2.852997064590454,-0.0015743810217827559 | -5.252834320068359,-0.02157514914870262,-0.0023977095261216164 | 0,0
10230 | 341.0000177845359 | 126.66974639892578,191.62437438964844,0.2978737950325012 | -0.0047665247693657875,-4.7606616135453805e-05,0.0001589319435879588 | 0 | 0.009095482528209686,-1.5363117456436157,0.0001269806525669992 | 0.01153098326176405,6.748129817424342e-05,-0.00045825913548469543 | 0,0
10240 | 341.3333511352539 | 126.67118835449219,191.6243896484375,0.2947351634502411 | -0.0012184984516352415,-1.329390852333745e-05,6.331341865006834e-06 | 0 | 0.0022653595078736544,-0.3774152398109436,1.9073653675150126e-05 | 0.0066358791664242744,6.135768489912152e-05,-0.00024772327742539346 | 0,0
10250 | 341.6666844859719 | 126.68405151367188,191.62454223632812,0.29375070333480835 | 0.20679283142089844,-0.00016927949036471546,-4.767577138409251e-06 | 0 | -0.0324731171131134,-0.7130683064460754,-0.3100356161594391 | 1.6153244972229004,-0.034276384860277176,-8.581654583394993e-06 | 0,0
10260 | 342.00001783668995 | 126.91130828857422,191.6254119873047,0.2909155488014221 | 1.184545636177063,0.00422306964173913,-3.531821130309254e-05 | 89.8 | 0.002641831524670124,-0.6597701907157898,-0.17629753053188324 | 3.438706159591675,0.01063417550176382,-0.00018021445430349559 | 0,0
10270 | 342.33335118740797 | 127.48896026611328,191.62741088867188,0.2899344265460968 | 2.189526081085205,0.0074331252835690975,-4.004764377896208e-06 | 89.8 | -1.6070338460849598e-05,0.004629859700798988,-0.014556541107594967 | 2.7875444889068604,0.009462525136768818,9.783066343516111e-05 | 0,0
10280 | 342.666684538126 | 128.2478485107422,191.62989807128906,0.29242780804634094 | 2.2797982692718506,0.007240329869091511,3.245766129111871e-05 | 89.8 | -0.004796973429620266,0.6743906140327454,-0.025984138250350952 | -0.03690719231963158,-0.004160790238529444,-6.922523607499897e-05 | 0,0
10290 | 343.000017888844 | 128.99737548828125,191.63233947753906,0.29394805431365967 | 2.2254302501678467,0.006683483719825745,2.517280563552049e-06 | 89.8 | -0.0006174867157824337,0.08870496600866318,-0.02765449322760105 | 0.7191466689109802,0.0013142264215275645,8.696059376234189e-05 | 0,0
10300 | 343.33335123956203 | 129.84791564941406,191.6349334716797,0.29207268357276917 | 2.908297061920166,0.008130896836519241,-1.783073639671784e-05 | 89.8 | 0.0026262656319886446,-0.5869957208633423,-0.03306763619184494 | 2.4658939838409424,0.005456255283206701,-7.036940223770216e-05 | 0,0
10310 | 343.66668459028006 | 130.96530151367188,191.6380157470703,0.2907668352127075 | 3.7492053508758545,0.009311189875006676,-1.2204995982756373e-05 | 89.9 | -0.0007450955454260111,-0.1642897129058838,-0.051242854446172714 | 2.5168988704681396,0.002486323704943061,8.009529847186059e-05 | 0,0
10320 | 344.0000179409981 | 132.35855102539062,191.641357421875,0.29058462381362915 | 4.552873611450195,0.009630311280488968,1.106077775148151e-06 | 89.9 | -0.0007544308318756521,0.046224743127822876,-0.06726236641407013 | 2.2083375453948975,0.00010617076623020694,6.407623004633933e-05 | 0,0
10330 | 344.3333512917161 | 133.9711456298828,191.64466857910156,0.2917923033237457 | 5.012870788574219,0.008145446889102459,0.014978296123445034 | 89.9 | -0.0034448301885277033,0.5044932961463928,-0.08688466995954514 | 0.6373929381370544,-0.004243058618158102,0.448784738779068 | 0,0
10340 | 344.6666846424341 | 135.64512634277344,191.64756774902344,0.29396387934684753 | 5.019282341003418,0.0046775927767157555,0.0016093241283670068 | 89.9 | -0.04909711331129074,0.2919674515724182,-0.12834806740283966 | -0.06372927874326706,-0.09744919836521149,0.4402560591697693 | 0,0
10350 | 345.00001799315214 | 137.32896423339844,191.6499786376953,0.2936866283416748 | 5.26863956451416,0.006239608861505985,0.0019288089824840426 | 89.9 | 0.0064322128891944885,-0.7843719720840454,-0.047636665403842926 | 2.47635817527771,0.007576639298349619,-0.038026951253414154 | 0,0
10360 | 345.33335134387016 | 139.14749145507812,191.6514434814453,0.2933596670627594 | 5.514482498168945,0.0038362734485417604,-0.0002056541998172179 | 90.0 | 0.008997989818453789,0.23438520729541779,0.954035758972168 | -0.4769897162914276,-0.004604409448802471,0.0006012862431816757 | 0,0
10370 | 345.6666846945882 | 140.90704345703125,191.6525115966797,0.2952534854412079 | 5.159339427947998,0.0018756247591227293,-5.410246012615971e-05 | 90.0 | -0.007690458092838526,-0.0013279914855957031,1.7208207845687866 | -0.7758378386497498,-0.0035308136139065027,0.00033868858008645475 | 0,0
10380 | 346.0000180453062 | 142.60377502441406,191.65328979492188,0.29459601640701294 | 5.140410423278809,-0.0008090747869573534,0.000599970924668014 | 90.0 | 0.010537623427808285,-0.2623589038848877,-1.2641431093215942 | -0.1256704181432724,-0.0068069640547037125,-0.01079570222645998 | 0,0
10390 | 346.3333513960242 | 144.3052215576172,191.65304565429688,0.29460567235946655 | 5.051334381103516,-0.0017987503670156002,-4.6760393161093816e-05 | 90.0 | -0.00017096128431148827,0.18967050313949585,-1.5506023168563843 | 0.07455825060606003,-0.0006441561854444444,5.09176570631098e-05 | 0,0
10400 | 346.66668474674225 | 146.0121307373047,191.65240478515625,0.2942747473716736 | 5.118917942047119,-0.002807176671922207,-1.357805922452826e-05 | 90.0 | -0.004292792174965143,0.16652224957942963,-1.4700955152511597 | 0.22241590917110443,-0.002617989433929324,5.2634037274401635e-05 | 0,0
10410 | 347.00001809746027 | 147.74032592773438,191.65145874023438,0.2942189574241638 | 5.168550968170166,-0.0035204440355300903,-3.165670932503417e-06 | 90.0 | -0.006083448883146048,0.2544509470462799,-1.4922163486480713 | 0.08302687853574753,-0.005288568325340748,8.581640940974467e-06 | 0,0
10420 | 347.3333514481783 | 149.4772186279297,191.650390625,0.29434439539909363 | 5.1783881187438965,-0.00408566277474165,-1.3349215350899613e-06 | 90.0 | -0.003382505150511861,0.2609903812408447,-1.509274959564209 | 0.0028467176016420126,-0.002929237438365817,-1.2014294043183327e-05 | 0,0
10430 | 347.6666847988963 | 151.21493530273438,191.64892578125,0.2944142520427704 | 5.178497791290283,-0.0045974659733474255,-1.926101049321005e-06 | 90.1 | -0.0030746033880859613,0.23603083193302155,-1.5040003061294556 | 0.006408690940588713,-0.0029979271348565817,-9.725858035380952e-06 | 0,0
10440 | 348.00001814961433 | 152.95370483398438,191.6474151611328,0.2944103181362152 | 5.184874534606934,-0.0048817298375070095,6.102498559812375e-07 | 90.1 | -0.0016199720557779074,0.22356820106506348,-1.4874449968338013 | 0.0278091412037611,2.7450731067801826e-05,-3.8903424865566194e-05 | 0,0
10450 | 348.33335150033236 | 154.6954803466797,191.64588928222656,0.2943934202194214 | 5.195405006408691,-0.005157784093171358,1.6400463209720328e-06 | 90.1 | -0.0022777270060032606,0.22512249648571014,-1.4781959056854248 | 0.03283023461699486,-0.0011613824171945453,6.522044714074582e-05 | 0,0
10460 | 348.6666848510504 | 156.33099365234375,191.6403350830078,0.2973598539829254 | 3.6989848613739014,-0.009360131807625294,-0.0039926073513925076 | 90.1 | -0.04723665118217468,3.9620299339294434,4.046243667602539 | -14.418546676635742,-0.04997170343995094,0.07784060388803482 | 0,0
10470 | 349.0000182017684 | 156.9088592529297,191.6298065185547,0.30397918820381165 | 1.0938853025436401,0.01915004476904869,0.0011110742343589664 | 89.0 | 0.036342520266771317,-2.4538755416870117,-0.0667295902967453 | -0.021028516814112663,0.003830753033980727,0.0026740364264696836 | 0,0
10480 | 349.3333515524864 | 157.35360717773438,191.63792419433594,0.2945522665977478 | 1.7347071170806885,0.029975442215800285,0.00036868624738417566 | 89.0 | 0.017932532355189323,-2.0925395488739014,-0.10281223058700562 | 2.9636154174804688,0.042829956859350204,-0.0027798789087682962 | 0,0
10490 | 349.66668490320444 | 158.10235595703125,191.6508331298828,0.2907402813434601 | 2.6821117401123047,0.042310066521167755,-6.483904144261032e-06 | 89.1 | -0.0080741997808218,-0.37858259677886963,-0.20299729704856873 | 2.756194829940796,0.015430971048772335,-0.0002940641134046018 | 0,0
10500 | 350.00001825392246 | 159.1247100830078,191.66677856445312,0.29145348072052 | 3.035602569580078,0.041007332503795624,4.119186633033678e-05 | 89.2 | -0.02019219659268856,1.7728066444396973,-0.3120204508304596 | -4.581477165222168,-0.0703490823507309,0.0005778303602710366 | 0,0
10510 | 350.3333516046405 | 159.74026489257812,191.67532348632812,0.29908451437950134 | 1.3881829977035522,0.015038316138088703,-4.798089503310621e-05 | 89.4 | 0.009341091848909855,-1.0679060220718384,-0.16896305978298187 | 3.1770334243774414,0.04295247420668602,0.0016408090014010668 | 0,0
10520 | 350.6666849553585 | 160.37953186035156,191.6826171875,0.2925225496292114 | 2.3555545806884766,0.021746033802628517,9.535153822071152e-07 | 89.5 | 0.0016604064730927348,-1.1758877038955688,-0.30214908719062805 | 2.808065176010132,-0.011231078766286373,-0.0005417873617261648 | 0,0
10530 | 351.0000183060765 | 161.31825256347656,191.69161987304688,0.29088741540908813 | 3.04286527633667,0.021961871534585953,-4.386170530779054e-06 | 89.6 | -0.00430788891389966,0.696030855178833,-0.3991239368915558 | -1.5652512311935425,-0.03535039350390434,0.00045883157872594893 | 0,0
10540 | 351.33335165679455 | 161.79229736328125,191.6958770751953,0.30281829833984375 | 0.0028725932352244854,0.00015541966422460973,-0.0003228412242606282 | 0 | -0.023099875077605247,0.9903154969215393,-0.0003665304684545845 | -0.16901490092277527,-7.423920760629699e-05,0.0009325373102910817 | 0,0
10550 | 351.66668500751257 | 162.00453186035156,191.69715881347656,0.29248347878456116 | 1.550073504447937,0.0077813961543142796,0.00010927285620709881 | 89.7 | 0.031476691365242004,-2.8916170597076416,-0.1879080981016159 | 4.83893346786499,0.05007137730717659,-0.0022369471844285727 | 0,0
10560 | 352.0000183582306 | 162.73597717285156,191.70103454589844,0.2892746329307556 | 2.679872989654541,0.008621775545179844,-2.076756391033996e-05 | 89.8 | 0.004688994958996773,0.09032313525676727,-0.34602469205856323 | 2.861480474472046,0.02869413048028946,0.0003318233066238463 | 0,0
10570 | 352.3333517089486 | 163.33653259277344,191.70376586914062,0.299679696559906 | 0.2093094140291214,0.00038442641380243003,-0.0001803669729270041 | 0 | -0.025425100699067116,3.987384080886841,-0.03970450162887573 | -10.19106674194336,-0.06789444386959076,-0.0033685790840536356 | 0,0
10580 | 352.66668505966663 | 163.33741760253906,191.70376586914062,0.2979497015476227 | -0.004574974998831749,-6.622990895266412e-06,0.0001316041889367625 | 0 | 0.005055457819253206,-1.4754555225372314,4.080833605257794e-05 | 0.007848547771573067,-0.0003013273817487061,-4.004759466624819e-05 | 0,0
10590 | 353.00001841038465 | 163.33889770507812,191.70376586914062,0.2947840392589569 | -0.0012785393046215177,-9.845390195550863e-06,9.916559974953998e-06 | 0 | 0.0014500449178740382,-0.39623844623565674,5.336501999408938e-06 | 0.006752115208655596,5.806565604871139e-05,-0.00015790213365107775 | 0,0
10600 | 353.3333517611027 | 163.3391876220703,191.70376586914062,0.2941836416721344 | -0.0001335481647402048,3.030990001207101e-07,-2.3837885692046257e-06 | 0 | -0.0001547900028526783,-0.04100685939192772,2.4618977931822883e-06 | -0.0005357579211704433,-8.405379958276171e-06,1.4302726413006894e-05 | 0,0
10610 | 353.6666851118207 | 163.3392791748047,191.70376586914062,0.29406777024269104 | 0.0,0.0,0.0 | 0 | 0.0,0.0,0.0 | 0.0020945952273905277,-3.2960906537482515e-06,6.178779585752636e-05 | 0,0
10620 | 354.0000184625387 | 163.33929443359375,191.70376586914062,0.2940347194671631 | -1.8821176126948558e-05,-7.950214353513729e-08,-3.0703195079695433e-06 | 0 | 1.5910802176222205e-05,-0.0057760197669267654,5.055369456385961e-07 | 7.193964120233431e-05,-2.776478140731342e-06,-0.00018250283028464764 | 0,0
10630 | 354.33335181325674 | 163.3393096923828,191.70376586914062,0.29402685165405273 | -5.510460141522344e-06,-2.2498068119602976e-07,1.8116792261935188e-06 | 0 | 6.163601210573688e-05,-0.0016907267272472382,1.5849235524001415e-07 | 1.5380026525235735e-05,-3.890104380843695e-06,-3.1466006475966424e-05 | 0,0
10640 | 354.66668516397476 | 163.3393096923828,191.70376586914062,0.29402315616607666 | -1.444164468011877e-06,-1.360147336981754e-07,-2.3647180569241755e-06 | 0 | 3.787478999583982e-05,-0.0004429386754054576,4.430197009241965e-08 | 1.7671060277280048e-06,-1.5560094652755652e-06,-2.517280518077314e-05 | 0,0
10650 | 355.0000185146928 | 163.3393096923828,191.70376586914062,0.29402315616607666 | -2.559452525474626e-07,-1.55782799993176e-08,2.707983639993472e-06 | 0 | -7.067063961585518e-06,-7.84856456448324e-05,1.6398750801727147e-08 | 6.400221650437743e-07,-7.294115675904322e-07,3.833131631836295e-05 | 0,0
10660 | 355.3333518654108 | 163.3393096923828,191.70376586914062,0.2940221428871155 | 0.0,0.0,0.0 | 0 | 0.0,0.0,0.0 | 5.803941803605994e-06,-3.019351595412445e-07,-8.753270230954513e-05 | 0,0
10670 | 355.6666852161288 | 163.3393096923828,191.70376586914062,0.2940221428871155 | -7.238156740640989e-08,1.3062869008706457e-08,-3.0321787107823184e-06 | 0 | -4.813547093363013e-06,-2.2180571249919012e-05,1.0096991021057988e-09 | -3.965907922065526e-07,1.7599306900706324e-08,-6.12156800343655e-05 | 0,0
10680 | 356.00001856684685 | 163.3393096923828,191.70376586914062,0.2940221428871155 | 2.1336422406648126e-08,4.4392709952489895e-08,2.0977338408556534e-06 | 0 | -6.6901252466777805e-06,6.290761120908428e-06,-3.0640341375232083e-09 | 1.817947008930787e-06,1.7960384468551638e-07,-1.7735384972183965e-05 | 0,0
10690 | 356.33335191756487 | 163.3393096923828,191.70376586914062,0.2940221428871155 | -4.956955401702601e-10,6.387897766302331e-09,-2.8414758617145708e-06 | 0 | -2.3580541892442852e-06,-1.5521936802542768e-07,1.4809922385672358e-11 | 3.756262501042329e-08,5.141039238765188e-08,-2.5172808818751946e-05 | 0,0
10700 | 356.6666852682829 | 163.3393096923828,191.70376586914062,0.2940221428871155 | 7.917430600024034e-10,-2.936872134373658e-10,2.8605461466213455e-06 | 0 | -1.1543464779606438e-06,2.362033768577021e-07,-2.3018467340540916e-11 | 6.216907166844976e-08,-8.00424641056452e-06,5.8927245845552534e-05 | 0,0
10710 | 357.0000186190009 | 163.3393096923828,191.70376586914062,0.2940221428871155 | 0.0,0.0,0.0 | 0 | 0.0,0.0,0.0 | -2.329602750705817e-07,-6.256294113882177e-07,-7.895106682553887e-05 | 0,0
10720 | 357.33335196971893 | 163.3393096923828,191.70376586914062,0.2940221428871155 | 7.3425585611630595e-09,1.6287591719787997e-08,-2.9558975711552193e-06 | 0 | -5.522275387193076e-06,2.2446486127591925e-06,1.0422537832788237e-10 | 9.693427500678808e-07,1.9634755972219864e-06,-2.4028584448387846e-05 | 0,0
10730 | 357.66668532043695 | 163.3393096923828,191.70376586914062,0.2940221428871155 | 7.203239338338108e-09,1.135527760709465e-08,3.165670932503417e-06 | 0 | -4.231490947859129e-06,2.202084488089895e-06,-1.2457429532375386e-10 | 4.702937772549376e-08,4.5817081684162986e-08,6.865308932901826e-06 | 0,0
10740 | 358.000018671155 | 163.3393096923828,191.70376586914062,0.2940221428871155 | 2.8073670055306366e-09,7.116192968226187e-09,-2.822405576807796e-06 | 0 | -2.6348816390964203e-06,8.573848617743351e-07,-5.552973011968554e-11 | 3.7562049470807324e-08,5.138866399079234e-08,-2.5172808818751946e-05 | 0,0
10750 | 358.333352021873 | 163.3393096923828,191.70376586914062,0.2940221428871155 | 1.600327648176858e-10,2.2161146251420405e-09,2.8796164315281203e-06 | 0 | -4.686166903411504e-07,4.621823990191842e-08,2.586489633582545e-10 | 2.9024187497839193e-08,-9.03969009868888e-07,4.29081883339677e-05 | 0,0
10760 | 358.666685372591 | 163.3393096923828,191.70376586914062,0.2940221428871155 | 0.0,0.0,0.0 | 0 | 0.0,0.0,0.0 | -2.572078869889083e-07,-5.25338180068502e-07,-7.952317537274212e-05 | 0,0
10770 | 359.00001872330904 | 163.3393096923828,191.70376586914062,0.2940221428871155 | 5.908805444931886e-09,1.7357324466615864e-08,-2.9368272862484446e-06 | 0 | -6.4982623371179216e-06,1.8058284467770136e-06,-1.449458469915399e-10 | 2.3119678616012607e-08,8.00933648292812e-08,3.4326510558457812e-06 | 0,0
10780 | 359.33335207402706 | 163.3393096923828,191.70376586914062,0.2940221428871155 | 6.420582288058085e-09,1.0333343958279784e-08,3.165670932503417e-06 | 0 | -3.842637852358166e-06,1.9624178548838245e-06,-1.0816745416031281e-10 | 4.702955180846402e-08,4.581766788191999e-08,6.865308932901826e-06 | 0,0
10790 | 359.6666854247451 | 163.3393096923828,191.70376586914062,0.2940221428871155 | 3.5565039802065712e-09,1.562893103823626e-08,-2.822405576807796e-06 | 0 | -5.874640919500962e-06,1.0844011057997704e-06,-6.916498623832368e-11 | 3.756206368166204e-08,5.133024316705814e-08,-2.5172808818751946e-05 | 0,0
10800 | 360.0000187754631 | 163.3393096923828,191.70376586914062,0.2940221428871155 | 7.917423938685886e-10,-2.9369401355339164e-10,2.8605461466213455e-06 | 0 | -1.1543438631633762e-06,2.3620326317086437e-07,-2.307333317463911e-11 | 6.216905035216769e-08,-8.00424641056452e-06,5.8927245845552534e-05 | 0,0
10810 | 360.3333521261811 | 163.3393096923828,191.70376586914062,0.2940221428871155 | 0.0,0.0,0.0 | 0 | 0.0,0.0,0.0 | -2.049676481874485e-07,-5.458546752379334e-07,-7.952317537274212e-05 | 0,0
10820 | 360.66668547689915 | 163.3393096923828,191.70376586914062,0.2940221428871155 | 8.294834152877684e-09,1.4591980068701105e-08,-2.9368272862484446e-06 | 0 | -4.878200797975296e-06,2.537182126616244e-06,8.205373186465081e-11 | 9.69305119724595e-07,1.969356844711001e-06,-2.4028584448387846e-05 | 0,0
10830 | 361.00001882761717 | 163.3393096923828,191.70376586914062,0.2940221428871155 | 6.420566300846531e-09,1.0332921185352006e-08,3.165670932503417e-06 | 0 | -3.842335445369827e-06,1.962413534783991e-06,-1.0780494552609099e-10 | 4.703068157141388e-08,4.520335750157756e-08,6.865308932901826e-06 | 0,0
10840 | 361.3333521783352 | 163.3393096923828,191.70376586914062,0.2940221428871155 | 2.1809958283824926e-09,6.350260317589118e-09,-2.822405576807796e-06 | 0 | -2.3434449758497067e-06,6.655600373051129e-07,-4.237313278032673e-11 | 3.756214539407665e-08,5.140012149240647e-08,-2.5172808818751946e-05 | 0,0
10850 | 361.6666855290532 | 163.3393096923828,191.70376586914062,0.2940221428871155 | 9.38152333596065e-10,4.301256684158261e-09,2.8796164315281203e-06 | 0 | -1.2500079265009845e-06,2.8415146857696527e-07,2.5220922572621873e-10 | 5.250802104228569e-08,-8.729200544621563e-07,4.29081883339677e-05 | 0,0
10860 | 362.00001887977123 | 163.3393096923828,191.70376586914062,0.2940221428871155 | 0.0,0.0,0.0 | 0 | 0.0,0.0,0.0 | -2.2450623760050803e-07,-4.015330148376961e-07,-8.181160956155509e-05 | 0,0
10870 | 362.33335223048925 | 163.3393096923828,191.70376586914062,0.2940221428871155 | 6.551307496494019e-09,1.7199420554447897e-08,-2.91775700134167e-06 | 0 | -5.870763288839953e-06,2.001730081246933e-06,1.1989417791902213e-10 | 9.693053470982704e-07,1.969434833881678e-06,-2.4028584448387846e-05 | 0,0
10880 | 362.6666855812073 | 163.3393096923828,191.70376586914062,0.2940221428871155 | 8.688093799946728e-09,2.7791992707193458e-08,3.1466006475966424e-06 | 0 | -6.593551461264724e-06,2.576392489572754e-06,-1.737201604790073e-09 | 3.113741087190647e-08,3.228259117804555e-07,6.293200385698583e-06 | 0,0
10890 | 363.0000189319253 | 163.3393096923828,191.70376586914062,0.2940221428871155 | 2.793284714641686e-09,1.0206436584780931e-08,-2.822405576807796e-06 | 0 | -3.709683142005815e-06,8.525900057065883e-07,-1.2106281255253037e-10 | 3.735171105745394e-08,9.865542693887619e-08,-2.5172808818751946e-05 | 0,0
10900 | 363.3333522826433 | 163.3393096923828,191.70376586914062,0.2940221428871155 | 4.814456056045913e-10,-1.3222688499681112e-09,2.8605461466213455e-06 | 0 | -7.628501066392346e-07,1.4138124981855071e-07,-1.6661335505707697e-11 | 6.217027959110055e-08,-8.004521077964455e-06,5.8927245845552534e-05 | 0,0
10910 | 363.66668563336134 | 163.3393096923828,191.70376586914062,0.2940221428871155 | 0.0,0.0,0.0 | 0 | 0.0,0.0,0.0 | -2.8954065101061133e-07,-7.74174338857847e-07,-7.952317537274212e-05 | 0,0
10920 | 364.00001898407936 | 163.3393096923828,191.70376586914062,0.2940221428871155 | 8.418987285097046e-09,1.7232059335015038e-08,-2.8796164315281203e-06 | 0 | -6.590947577933548e-06,2.5779131647141185e-06,-1.5554373067327987e-10 | -3.3473355642854585e-08,-3.2542125438794756e-08,-2.803335155476816e-05 | 0,0
10930 | 364.3333523347974 | 163.3393096923828,191.70376586914062,0.2940221428871155 | 6.580897604635538e-09,9.68805924372873e-09,3.1275303626898676e-06 | 0 | -3.5959399156126892e-06,2.0117829535593046e-06,-1.0927729554577326e-10 | 4.7038184902703506e-08,4.1071249512469876e-08,6.865308932901826e-06 | 0,0
10940 | 364.6666856855154 | 163.3393096923828,191.70376586914062,0.2940221428871155 | 2.1856170207001924e-09,5.317080997713219e-09,-2.822405576807796e-06 | 0 | -1.950228352143313e-06,6.67304220769438e-07,-4.2752159451486804e-11 | 3.756214539407665e-08,5.140077874443705e-08,-2.5172808818751946e-05 | 0,0
10950 | 365.0000190362334 | 163.3393096923828,191.70376586914062,0.2940221428871155 | -4.6232948025526355e-10,1.7574839361600425e-09,2.8796164315281203e-06 | 0 | -7.973611673151026e-07,-1.483944060964859e-07,3.2330416122050565e-10 | 9.92200170912838e-07,-2.7558053261600435e-06,4.748506034957245e-05 | 0,0
10960 | 365.33335238695145 | 163.3393096923828,191.70376586914062,0.2940221428871155 | 0.0,0.0,0.0 | 0 | 0.0,0.0,0.0 | -2.3777509738920344e-07,-6.462538522100658e-07,-7.952317537274212e-05 | 0,0
10970 | 365.66668573766947 | 163.3393096923828,191.70376586914062,0.2940221428871155 | 7.663835788207507e-09,1.213095135454978e-08,-2.9368272862484446e-06 | 0 | -4.523571078607347e-06,2.3456352664652513e-06,-1.9645164661685754e-10 | -2.8046895361732993e-10,5.982328588061137e-08,-2.8605460101971403e-05 | 0,0
10980 | 366.0000190883875 | 163.3393096923828,191.70376586914062,0.2940221428871155 | 5.79200998274132e-09,1.0083541113203864e-08,3.165670932503417e-06 | 0 | -3.747631581063615e-06,1.7697548173600808e-06,-9.47683528873533e-11 | 4.702964417901967e-08,4.5817827754035534e-08,6.865308932901826e-06 | 0,0
10990 | 366.3333524391055 | 163.3393096923828,191.70376586914062,0.2940221428871155 | 3.1291103042008217e-09,5.5613194049897174e-09,-2.8414758617145708e-06 | 0 | -2.043140284513356e-06,9.565349046170013e-07,-6.299558791278415e-11 | 3.756152366918286e-08,5.164905658716634e-08,-2.5172808818751946e-05 | 0,0
11000 | 366.66668578982353 | 163.3393096923828,191.70376586914062,0.2940221428871155 | 1.5807902209452607e-10,-7.299570392582666e-10,2.8796164315281203e-06 | 0 | -6.451808758356492e-07,4.540270026609505e-08,-2.2064540472488403e-10 | -9.142935368799954e-07,-5.458011855807854e-06,5.4350373829947785e-05 | 0,0
11010 | 367.00001914054155 | 163.3393096923828,191.70376586914062,0.2940221428871155 | 0.0,0.0,0.0 | 0 | 0.0,0.0,0.0 | -1.909674125499805e-07,-5.499450708157383e-07,-7.952317537274212e-05 | 0,0
11020 | 367.3333524912596 | 163.3393096923828,191.70376586914062,0.2940221428871155 | 9.693491342943616e-09,1.5991890478517234e-08,-2.8796164315281203e-06 | 0 | -5.986470569041558e-06,2.966799002024345e-06,-2.2406618227499564e-10 | -5.0517985350495564e-09,1.1448388015367073e-08,-2.8605460101971403e-05 | 0,0
11030 | 367.6666858419776 | 163.3393096923828,191.70376586914062,0.2940221428871155 | 5.471218589292448e-09,1.1379957420842857e-08,3.165670932503417e-06 | 0 | -4.241067017574096e-06,1.6709784631530056e-06,-8.759172553940431e-11 | 4.702971168057957e-08,4.581697510275262e-08,6.865308932901826e-06 | 0,0
11040 | 368.0000191926956 | 163.3393096923828,191.70376586914062,0.2940221428871155 | 4.372714190736815e-09,9.160239677896698e-09,-2.822405576807796e-06 | 0 | -3.41263103109668e-06,1.3367281326281955e-06,-8.834052933615055e-11 | 3.756197131110639e-08,5.1272476042640847e-08,-2.5172808818751946e-05 | 0,0
11050 | 368.33335254341364 | 163.3393096923828,191.70376586914062,0.2940221428871155 | -1.0988335796824344e-09,1.8537666957030297e-09,2.8796164315281203e-06 | 0 | -9.033489050125354e-07,-3.419542053961777e-07,3.446333496359699e-10 | 9.732455055200262e-07,-2.7844223495776532e-06,4.748506034957245e-05 | 0,0
11060 | 368.66668589413166 | 163.3393096923828,191.70376586914062,0.2940221428871155 | 0.0,0.0,0.0 | 0 | 0.0,0.0,0.0 | -2.1070221123409283e-07,-3.647197672762559e-07,-8.009528391994536e-05 | 0,0
11070 | 369.0000192448497 | 163.3393096923828,191.70376586914062,0.2940221428871155 | 8.108736793133176e-09,2.406508770036453e-08,-2.898686716434895e-06 | 0 | -7.158484550018329e-06,2.478827809682116e-06,5.719543727522591e-10 | 1.926537606777856e-06,6.574408416781807e-06,-3.489866139716469e-05 | 0,0
11080 | 369.3333525955677 | 163.3393096923828,191.70376586914062,0.2940221428871155 | 7.502777066292765e-09,1.4855846330874556e-08,3.1275303626898676e-06 | 0 | -5.451457582239527e-06,2.29322245104413e-06,-7.7226239292294e-11 | 3.92620833622459e-08,-2.1917320225384174e-07,6.865308932901826e-06 | 0,0
11090 | 369.6666859462857 | 163.3393096923828,191.70376586914062,0.2940221428871155 | 2.7474811314931458e-09,1.7246547301397186e-08,-2.8414758617145708e-06 | 0 | -2.597104412416229e-06,7.595170359309122e-07,-1.6241642475378626e-09 | 2.6497003702274924e-08,3.1732523098071397e-07,-2.5172808818751946e-05 | 0,0
11100 | 370.00001929700375 | 163.3393096923828,191.70376586914062,0.2940221428871155 | 4.814454945822888e-10,-1.3222665184997595e-09,2.8605461466213455e-06 | 0 | -7.628502203260723e-07,1.4138124981855071e-07,-1.665099828851435e-11 | 6.217027959110055e-08,-8.004521077964455e-06,5.8927245845552534e-05 | 0,0
11110 | 370.33335264772177 | 163.3393096923828,191.70376586914062,0.2940221428871155 | 0.0,0.0,0.0 | 0 | 0.0,0.0,0.0 | -2.1910111058787152e-07,-5.960554290140863e-07,-7.837895827833563e-05 | 0,0
11120 | 370.6666859984398 | 163.3393096923828,191.70376586914062,0.2940221428871155 | 7.971867610478967e-09,1.640437119476701e-08,-2.91775700134167e-06 | 0 | -5.568028427660465e-06,2.4375754037464503e-06,8.937398043862288e-11 | 9.69305119724595e-07,1.9694355160027044e-06,-2.4028584448387846e-05 | 0,0
11130 | 371.0000193491578 | 163.3393096923828,191.70376586914062,0.2940221428871155 | 8.68808935905463e-09,2.7791992707193458e-08,3.1466006475966424e-06 | 0 | -6.593550551770022e-06,2.5763911253307015e-06,-1.7370558325069396e-09 | 3.113741087190647e-08,3.228259117804555e-07,6.293200385698583e-06 | 0,0
11140 | 371.33335269987583 | 163.3393096923828,191.70376586914062,0.2940221428871155 | 3.0450564292294757e-09,2.1115802439908293e-08,-2.822405576807796e-06 | 0 | -4.069639999215724e-06,8.495388215123967e-07,-1.6291958893077663e-09 | 2.649719554881358e-08,3.172115157212829e-07,-2.5172808818751946e-05 | 0,0
11150 | 371.66668605059385 | 163.3393096923828,191.70376586914062,0.2940221428871155 | 4.814456056045913e-10,-1.3222688499681112e-09,2.8605461466213455e-06 | 0 | -7.628501066392346e-07,1.4138124981855071e-07,-1.6659744764280227e-11 | 6.217027959110055e-08,-8.004521077964455e-06,5.8927245845552534e-05 | 0,0
11160 | 372.0000194013119 | 163.3393096923828,191.70376586914062,0.2940221428871155 | 0.0,0.0,0.0 | 0 | 0.0,0.0,0.0 | -1.8680340474475088e-07,-4.2732935412459483e-07,-7.952317537274212e-05 | 0,0
11170 | 372.3333527520299 | 163.3393096923828,191.70376586914062,0.2940221428871155 | 7.659213707711388e-09,1.5895807337074075e-08,-2.9368272862484446e-06 | 0 | -5.373085059545701e-06,2.3418699583999114e-06,9.750088930671197e-11 | 9.693425226942054e-07,1.9632657313195523e-06,-2.4028584448387846e-05 | 0,0
11180 | 372.6666861027479 | 163.3393096923828,191.70376586914062,0.2940221428871155 | 7.829603632103499e-09,1.2121166292899943e-08,3.165670932503417e-06 | 0 | -4.522913968685316e-06,2.3939066977618495e-06,-1.3773766849300983e-10 | 4.702928535493811e-08,4.5816520355401735e-08,6.865308932901826e-06 | 0,0
11190 | 373.00001945346594 | 163.3393096923828,191.70376586914062,0.2940221428871155 | 1.2131266824422227e-10,9.22077170173452e-09,-2.822405576807796e-06 | 0 | -3.436141923884861e-06,3.3080027606047224e-08,2.4280952682503854e-12 | 3.756257171971811e-08,5.1381324084331936e-08,-2.5172808818751946e-05 | 0,0
11200 | 373.33335280418396 | 163.3393096923828,191.70376586914062,0.2940221428871155 | 4.8144555009344e-10,-1.3222756223285614e-09,2.8605461466213455e-06 | 0 | -7.628480602761556e-07,1.4138126402940543e-07,-1.6643842554175947e-11 | 6.217034353994677e-08,-8.004521077964455e-06,5.8927245845552534e-05 | 0,0
11210 | 373.666686154902 | 163.3393096923828,191.70376586914062,0.2940221428871155 | 0.0,0.0,0.0 | 0 | 0.0,0.0,0.0 | -2.4725306957407156e-07,-6.383863819792168e-07,-7.952317537274212e-05 | 0,0
11220 | 374.00001950562 | 163.3393096923828,191.70376586914062,0.2940221428871155 | 7.663835788207507e-09,1.213095135454978e-08,-2.9368272862484446e-06 | 0 | -4.523571078607347e-06,2.3456352664652513e-06,-1.9645608750895605e-10 | -2.8046895361732993e-10,5.982328588061137e-08,-2.8605460101971403e-05 | 0,0
11230 | 374.333352856338 | 163.3393096923828,191.70376586914062,0.2940221428871155 | 5.79200998274132e-09,1.0083540225025445e-08,3.165670932503417e-06 | 0 | -3.747631581063615e-06,1.7697548173600808e-06,-9.478315354805034e-11 | 4.702964417901967e-08,4.5817799332326103e-08,6.865308932901826e-06 | 0,0
11240 | 374.66668620705605 | 163.3393096923828,191.70376586914062,0.2940221428871155 | 3.1291103042008217e-09,5.5613194049897174e-09,-2.8414758617145708e-06 | 0 | -2.043140284513356e-06,9.565349046170013e-07,-6.299553240163291e-11 | 3.756152366918286e-08,5.164905658716634e-08,-2.5172808818751946e-05 | 0,0
11250 | 375.00001955777407 | 163.3393096923828,191.70376586914062,0.2940221428871155 | 1.5807895270558703e-10,-7.299627013956922e-10,2.8796164315281203e-06 | 0 | -6.451801937146229e-07,4.540270026609505e-08,-2.2075752337258336e-10 | -9.142938779405085e-07,-5.458011855807854e-06,5.4350373829947785e-05 | 0,0
11260 | 375.3333529084921 | 163.3393096923828,191.70376586914062,0.2940221428871155 | 0.0,0.0,0.0 | 0 | 0.0,0.0,0.0 | -1.9103693205124728e-07,-5.343885618458444e-07,-7.952317537274212e-05 | 0,0
11270 | 375.6666862592101 | 163.3393096923828,191.70376586914062,0.2940221428871155 | 1.047623499061956e-08,1.7043516820081095e-08,-2.8796164315281203e-06 | 0 | -6.374632448569173e-06,3.2064770039141877e-06,-2.310608787636781e-10 | 1.8430508674782686e-08,4.299722888845281e-08,-2.8605460101971403e-05 | 0,0
11280 | 376.00001960992813 | 163.3393096923828,191.70376586914062,0.2940221428871155 | 4.995379221384155e-09,1.2161562423784744e-08,3.165670932503417e-06 | 0 | -4.538586836133618e-06,1.524821868770232e-06,-7.723539863224715e-11 | 4.702981826198993e-08,4.5816548777111166e-08,6.865308932901826e-06 | 0,0
11290 | 376.33335296064615 | 163.3393096923828,191.70376586914062,0.2940221428871155 | 2.8073670055306366e-09,7.116193412315397e-09,-2.822405576807796e-06 | 0 | -2.6348818664700957e-06,8.573848617743351e-07,-5.553519796808182e-11 | 3.7562049470807324e-08,5.1388678201647053e-08,-2.5172808818751946e-05 | 0,0
11300 | 376.6666863113642 | 163.3393096923828,191.70376586914062,0.2940221428871155 | -4.764696970305238e-10,2.312381397473473e-09,2.8796164315281203e-06 | 0 | -5.7459959634798e-07,-1.4734102649072156e-07,2.799497855754396e-10 | 1.0069361344733352e-08,-9.325858059128223e-07,4.29081883339677e-05 | 0,0
11310 | 377.0000196620822 | 163.3393096923828,191.70376586914062,0.2940221428871155 | 0.0,0.0,0.0 | 0 | 0.0,0.0,0.0 | -2.3827895745398564e-07,-5.333545232133474e-07,-7.952317537274212e-05 | 0,0
11320 | 377.3333530128002 | 163.3393096923828,191.70376586914062,0.2940221428871155 | 7.478140773287123e-09,1.8475599716794022e-08,-2.898686716434895e-06 | 0 | -6.827777724538464e-06,2.287180450366577e-06,-2.487868522305092e-10 | 1.829227258554056e-08,1.2980061114831187e-07,-2.8605460101971403e-05 | 0,0
11330 | 377.66668636351824 | 163.3393096923828,191.70376586914062,0.2940221428871155 | 6.734274915487504e-09,1.0608030009962022e-08,3.1466006475966424e-06 | 0 | -3.938693680538563e-06,2.058541213045828e-06,-9.883664026100192e-11 | 4.6976644796359324e-08,9.114015320221824e-09,6.865308932901826e-06 | 0,0
11340 | 378.00001971423626 | 163.3393096923828,191.70376586914062,0.2940221428871155 | 2.1809962724717025e-09,6.35025543260781e-09,-2.822405576807796e-06 | 0 | -2.3434433842339786e-06,6.655602078353695e-07,-4.2374725256477674e-11 | 3.756214539407665e-08,5.1400082412556e-08,-2.5172808818751946e-05 | 0,0
11350 | 378.3333530649543 | 163.3393096923828,191.70376586914062,0.2940221428871155 | 3.062712583545846e-10,3.3640170649107404e-09,2.8796164315281203e-06 | 0 | -9.62764488576795e-07,9.233622932924845e-08,2.729361459063995e-10 | 3.355158995077545e-08,-9.010371400108852e-07,4.29081883339677e-05 | 0,0
11360 | 378.6666864156723 | 163.3393096923828,191.70376586914062,0.2940221428871155 | 0.0,0.0,0.0 | 0 | 0.0,0.0,0.0 | -2.1471031175224198e-07,-5.21543483955611e-07,-7.952317537274212e-05 | 0,0
11370 | 379.0000197663903 | 163.35845947265625,191.70361328125,0.2934301793575287 | 0.2675379514694214,0.00047991948667913675,-1.0870074902413762e-06 | 0 | 1.010729556583101e-05,-0.7830443382263184,-0.23134522140026093 | 4.42918586730957,0.05838920921087265,-2.0595929527189583e-05 | 0,0
11380 | 379.33335311710835 | 163.626708984375,191.7042694091797,0.2900635898113251 | 1.4397002458572388,0.0019328203052282333,-5.019304808229208e-05 | 89.9 | 0.0076216100715100765,-0.6646680235862732,-0.1667640209197998 | 3.439171075820923,0.020188182592391968,9.210957796312869e-05 | 0,0
11390 | 379.66668646782637 | 164.28695678710938,191.7054443359375,0.2896622121334076 | 2.4416098594665527,0.00027335149934515357,8.448146218142938e-06 | 90.0 | 0.006338541395962238,0.11423906683921814,-0.2786191701889038 | 2.819509267807007,0.014311002567410469,0.00017449329607188702 | 0,0
11400 | 380.0000198185444 | 165.23898315429688,191.70599365234375,0.2909500300884247 | 2.905360460281372,-0.003955364227294922,4.729436113848351e-05 | 90.1 | 0.008226651698350906,1.608356237411499,-0.31955304741859436 | -3.9470813274383545,-0.0072550466284155846,0.0005801186198368669 | 0,0
11410 | 380.3333531692624 | 165.61080932617188,191.70591735839844,0.3027658760547638 | -0.00085107033373788,8.673664706293494e-05,-0.00022306539176497608 | 0 | -0.008290174417197704,-0.28268924355506897,-0.00020813359878957272 | -0.10809532552957535,0.0010389960370957851,0.0028679827228188515 | 0,0
11420 | 380.66668651998043 | 165.87872314453125,191.70558166503906,0.2915538251399994 | 1.692711353302002,-0.004141694400459528,3.819782432401553e-05 | 90.1 | -0.0022045504301786423,-2.3228540420532227,-0.16377636790275574 | 4.355882167816162,-0.016247613355517387,-0.001965767238289118 | 0,0
11430 | 381.00001987069845 | 166.64454650878906,191.70423889160156,0.2893259823322296 | 2.7696831226348877,-0.008480671793222427,-1.2777106348949019e-05 | 90.2 | 0.006011320278048515,0.14516784250736237,-0.2327127456665039 | 2.815110445022583,0.012877368368208408,0.00027976141427643597 | 0,0
11440 | 381.3333532214165 | 167.72515869140625,191.7013397216797,0.29001113772392273 | 3.6617491245269775,-0.015186264179646969,1.2662683730013669e-05 | 90.2 | -0.02201586402952671,0.1427280604839325,-0.27123966813087463 | 2.6023647785186768,-0.08309231698513031,-2.6317018637200817e-05 | 0,0
11450 | 381.6666865721345 | 169.09478759765625,191.6961669921875,0.29034730792045593 | 4.5068278312683105,-0.02185211144387722,-7.246716791087238e-07 | 90.3 | -0.006235256791114807,0.06836256384849548,-0.24430203437805176 | 2.4348304271698,-0.03299899026751518,-0.0001298687857342884 | 0,0
