Simulation Frame | Timestamp | Position | Velocity | Heading | Angular Velocity | Acceleration | Stopped at Red Light + Light ID 
6330 | 211.00001100450754 | 99.60083770751953,191.63534545898438,0.22635959088802338 | 5.4588775634765625,0.000295578152872622,-5.911795142310439e-07 | 90.0 | 0.0007791157113388181,0.004108835477381945,-0.061279360204935074 | 0.015592574141919613,-0.010710285045206547,5.721101956623897e-07 | 0,0
6340 | 211.33334435522556 | 101.4200668334961,191.63526916503906,0.22635959088802338 | 5.4641547203063965,-0.0017144118901342154,-9.344450404569216e-07 | 90.0 | 0.0001390521792927757,0.004190659150481224,-0.05416402965784073 | 0.01620769314467907,-0.005139038898050785,-1.6019057511584833e-05 | 0,0
6350 | 211.66667770594358 | 103.24108123779297,191.6344451904297,0.22635959088802338 | 5.469595909118652,-0.003531000344082713,-4.958279760103323e-07 | 90.0 | 0.0003953263512812555,0.0041855815798044205,-0.04742755368351936 | 0.01609325222671032,-0.006272533908486366,-2.2884357804286992e-06 | 0,0
6360 | 212.0000110566616 | 104.67578887939453,191.6336212158203,0.2246749848127365 | 2.1475234031677246,-0.0031283567659556866,-0.00036409031599760056 | 90.1 | 0.0024221274070441723,-0.7328125238418579,-0.21928465366363525 | -15.401886940002441,0.008847887627780437,0.030780043452978134 | 0,0
6370 | 212.33334440737963 | 104.89671325683594,191.6332244873047,0.22497126460075378 | 0.40377315878868103,-0.0008013666956685483,0.0007438755128532648 | 0 | -0.0019733004737645388,0.5280551910400391,-0.0038944249972701073 | -0.005204379092901945,-5.2128449169686064e-05,-0.0026494355406612158 | 0,0
6380 | 212.66667775809765 | 105.15308380126953,191.6326141357422,0.22589637339115143 | 1.240792155265808,-0.002550282748416066,0.00015609046386089176 | 90.1 | -0.002411140128970146,0.28440672159194946,0.10868042707443237 | 2.531085968017578,0.005950193852186203,-0.000934826151933521 | 0,0
6390 | 213.00001110881567 | 105.7625732421875,191.63128662109375,0.2261912077665329 | 2.309509754180908,-0.004742149729281664,2.271273660880979e-05 | 90.1 | -0.00010665048466762528,0.03067961148917675,0.017814001068472862 | 2.6685831546783447,-0.00436026556417346,-0.00015446940960828215 | 0,0
6400 | 213.3333444595337 | 106.67960357666016,191.62940979003906,0.2261795699596405 | 3.138993263244629,-0.006109213922172785,2.803335064527346e-06 | 90.1 | -3.142800051136874e-05,-0.01748604327440262,0.0183252040296793 | 2.4077365398406982,-0.00315552088432014,-4.004766196885612e-06 | 0,0
6410 | 213.6666778102517 | 107.55182647705078,191.62774658203125,0.22564230859279633 | 1.8727777004241943,-0.004237830638885498,-2.1549446955759777e-06 | 90.1 | 0.0011181770823895931,-0.21906231343746185,-0.02501773275434971 | -1.2006889581680298,0.0014762625796720386,2.3456475901184604e-05 | 0,0
6420 | 214.00001116096973 | 108.25293731689453,191.62612915039062,0.22589945793151855 | 2.462608814239502,-0.005433768033981323,1.9070306223056832e-07 | 90.1 | -0.0008684269851073623,0.2108120322227478,0.022476818412542343 | 2.491342782974243,-0.005969702731817961,-2.288436735398136e-05 | 0,0
6430 | 214.33334451168776 | 109.18974304199219,191.62416076660156,0.2260209172964096 | 2.733731746673584,-0.0057179913856089115,-1.1442184586485382e-06 | 90.1 | 0.0007153251208364964,-0.2587791681289673,-0.08579090237617493 | -5.5135698318481445,0.009846625849604607,-6.007146293995902e-05 | 0,0
6440 | 214.66667786240578 | 109.7941665649414,191.62294006347656,0.22563883662223816 | 1.6416149139404297,-0.00393357127904892,9.7258566711389e-07 | 90.1 | -0.00044192219502292573,0.11869554221630096,-0.0031031842809170485 | -0.021522043272852898,0.0005394312902353704,3.261022357037291e-05 | 0,0
6450 | 215.0000112131238 | 110.34297943115234,191.6217803955078,0.22583171725273132 | 1.7088068723678589,-0.004090968985110521,1.6400463209720328e-06 | 90.1 | -0.0002488119644112885,0.10057570040225983,0.013619432225823402 | 1.1791025400161743,-0.0026149579789489508,-2.059593316516839e-05 | 0,0
6460 | 215.33334456384182 | 111.05642700195312,191.6200408935547,0.2260865718126297 | 2.5808894634246826,-0.00575376907363534,8.772341288931784e-07 | 90.1 | -0.0006121619371697307,0.09939669817686081,0.03324582800269127 | 2.6209113597869873,-0.0038471955340355635,-4.004766196885612e-06 | 0,0
6470 | 215.66667791455984 | 112.0208969116211,191.61802673339844,0.2260301560163498 | 2.7454726696014404,-0.005850094370543957,-5.721092293242691e-07 | 90.1 | 0.0013397750444710255,-0.3056398630142212,-0.06986024230718613 | -4.829077243804932,0.00785394012928009,-4.576873379846802e-06 | 1,5
6480 | 216.00001126527786 | 112.51499938964844,191.61705017089844,0.22524364292621613 | 0.003665866795927286,-2.5461986297159456e-05,-5.358755970519269e-06 | 0 | 0.0007379608578048646,-0.43646231293678284,-0.02104155346751213 | -6.990076065063477,0.01734539307653904,4.2908206523861736e-05 | 1,5
6490 | 216.33334461599588 | 112.51455688476562,191.61705017089844,0.2255953550338745 | -0.0001123262190958485,9.759840395417996e-06,3.9094129533623345e-06 | 0 | -0.000677715172059834,0.24019578099250793,3.81234656288143e-07 | 0.0003184577217325568,-2.81245302176103e-05,1.0297960216121282e-05 | 1,5
6500 | 216.6666779667139 | 112.51432037353516,191.61705017089844,0.22578494250774384 | -3.7430636439239606e-05,-5.255784003566077e-07,9.7258566711389e-07 | 0 | -0.0002720137417782098,0.07861741632223129,5.913808465152215e-08 | 0.00011479081149445847,6.470906441791158e-07,1.6591166058788076e-05 | 1,5
6510 | 217.00001131743193 | 112.51424407958984,191.61705017089844,0.2258482277393341 | -9.786919690668583e-06,-8.492005321159013e-08,4.386170644465892e-07 | 0 | -5.237209188635461e-05,0.020533094182610512,-1.748798084122427e-08 | 1.222982882609358e-05,-1.5716603911641869e-06,1.9451712432783097e-05 | 1,5
6520 | 217.33334466814995 | 112.51422882080078,191.61705017089844,0.22586780786514282 | -2.095298441417981e-06,-1.0566581210014192e-07,1.9070306223056832e-07 | 0 | -1.0950940122711472e-05,0.004433342255651951,-1.1584198489344999e-08 | -6.316061899269698e-06,-2.7675205274135806e-06,5.148981927050045e-06 | 1,5
6530 | 217.66667801886797 | 112.51421356201172,191.61705017089844,0.22587352991104126 | -2.0389039434576262e-07,3.9028154041886864e-09,8.96304470643372e-07 | 0 | 9.879685421765316e-06,0.0005124505842104554,-9.233676934172763e-09 | 2.3508921003667638e-05,-1.5044063275126973e-06,1.258640259038657e-05 | 1,5
6540 | 218.000011369586 | 112.51421356201172,191.61705017089844,0.225874662399292 | -2.579624833742855e-07,-6.127240936848466e-08,3.0512492799061874e-07 | 0 | -5.765965033788234e-05,0.0005350891151465476,8.393795658534486e-10 | 9.433306900064053e-07,-2.6955842713505263e-06,1.659116787777748e-05 | 1,5
6550 | 218.333344720304 | 112.51421356201172,191.61705017089844,0.225874662399292 | -7.332200624432517e-08,-6.544512487494103e-09,2.479139880051662e-07 | 0 | -8.809410792309791e-05,0.00015455411630682647,-8.339731683015827e-11 | 3.413972748944616e-08,4.106250983682003e-08,5.721091383747989e-06 | 1,5
6560 | 218.66667807102203 | 112.51421356201172,191.61705017089844,0.225874662399292 | -1.4052807806308465e-08,-2.8125185735916602e-08,7.246716791087238e-07 | 0 | 5.6972072343342006e-05,3.055124034290202e-05,2.6583074283492714e-11 | 1.9541699369796106e-09,-8.051060262914689e-07,9.725856216391549e-06 | 1,5
6570 | 219.00001142174006 | 112.51421356201172,191.61705017089844,0.225874662399292 | -4.912030338033446e-09,-5.020354265639071e-08,1.907030799941367e-08 | 0 | 2.4354271772608627e-06,1.2383316970954183e-05,4.312656898264322e-10 | -2.996353742901192e-08,-1.502466261626978e-06,5.721092293242691e-07 | 1,5
6580 | 219.33334477245808 | 112.51421356201172,191.61705017089844,0.225874662399292 | -2.9398597445329244e-10,-1.2569560947639502e-09,1.907030799941367e-08 | 0 | -3.1809561278350884e-06,7.386507263618114e-07,3.6944129396324077e-13 | 9.559818892057592e-08,-1.4810008224230842e-06,-2.3456475901184604e-05 | 1,5
6590 | 219.6666781231761 | 112.51421356201172,191.61705017089844,0.225874662399292 | 1.8754064967652084e-10,-3.655545910419278e-08,5.14898317760526e-07 | 0 | 1.093352784664603e-05,-2.6100094601133605e-06,9.37272814915957e-10 | -4.483986870695844e-08,-1.7539451846459997e-06,5.721101956623897e-07 | 1,5
6600 | 220.00001147389412 | 112.51421356201172,191.61705017089844,0.225874662399292 | -2.1296493457612087e-09,-1.538763250152897e-08,2.8605461466213455e-07 | 0 | -1.3551481970353052e-05,4.46808235210483e-06,9.362436520499173e-11 | -3.815702598330972e-08,-1.128095618696534e-06,1.1442186860222137e-06 | 1,5
6610 | 220.33334482461214 | 112.51421356201172,191.61705017089844,0.225874662399292 | -7.738477636465291e-10,-1.2735021925891488e-08,2.0977338976990723e-07 | 0 | -1.193968637380749e-05,1.5870425613684347e-06,3.3937262722272266e-11 | -2.104366458866025e-09,-2.8094424919800076e-07,1.1442186860222137e-06 | 1,5
6620 | 220.66667817533016 | 112.51421356201172,191.61705017089844,0.225874662399292 | 5.616219156401314e-10,8.200871093322348e-09,1.907030799941367e-08 | 0 | 7.770498996251263e-06,-1.1876810503963497e-06,2.8634928629645007e-13 | 5.801873648181299e-09,9.38335915634525e-08,0.0 | 1,5
6630 | 221.00001152604818 | 112.51421356201172,191.61705017089844,0.225874662399292 | 7.455637496267542e-11,-1.3660937936421647e-09,1.907030799941367e-08 | 0 | -3.4571537526062457e-06,-1.874534802936978e-07,1.8337586657479754e-11 | -4.132079922669618e-08,-4.397102202347014e-07,-7.437419299094472e-06 | 1,5
6640 | 221.3333448767662 | 112.51421356201172,191.61705017089844,0.225874662399292 | -9.353363639164058e-10,-9.432228331718306e-09,3.0512492799061874e-07 | 0 | -1.1675216228468344e-05,2.025437879638048e-06,6.354863302249214e-10 | -1.5497991512347653e-07,-5.214072302806017e-07,8.009528755792417e-06 | 1,5
6650 | 221.66667822748423 | 112.51421356201172,191.61705017089844,0.225874662399292 | -4.1550576868054634e-10,-2.279608679600642e-08,1.3349215066682518e-07 | 0 | 1.2571735169331077e-05,-1.2968376950084348e-06,6.68490540700617e-10 | -3.2388975057529024e-08,-1.0969224604195915e-06,5.721091724808502e-07 | 1,5
6660 | 222.00001157820225 | 112.51421356201172,191.61705017089844,0.225874662399292 | 8.604794654587522e-10,-7.822786307620788e-10,1.5256246399530937e-07 | 0 | -1.8494669120627805e-06,-1.849218392635521e-06,4.901691552650078e-11 | 6.676387442894338e-09,-1.1394151755439452e-07,1.1442184586485382e-06 | 1,5
6670 | 222.33334492892027 | 112.51421356201172,191.61705017089844,0.225874662399292 | 2.2531178311968603e-10,5.0776405302599414e-09,7.628123199765469e-08 | 0 | 4.311221346142702e-06,-4.48462003532768e-07,1.3342668116200773e-11 | -1.3450260905045752e-09,1.3845457225158952e-08,1.1442184586485382e-06 | 1,5
6680 | 222.6666782796383 | 112.51421356201172,191.61705017089844,0.225874662399292 | 7.879895347340238e-11,5.136738812083763e-10,1.907030799941367e-08 | 0 | 1.2999458931517438e-06,-1.9797192862824886e-07,-2.039679623117019e-12 | 8.141055829469224e-09,8.029539912968175e-07,-8.009528755792417e-06 | 1,5
6690 | 223.0000116303563 | 112.51421356201172,191.61705017089844,0.225874662399292 | 9.551248680850222e-10,9.496058162028476e-09,2.6698430133365036e-07 | 0 | 8.062464985414408e-06,-1.968650394701399e-06,8.94716072064039e-12 | 2.8600137813583615e-09,8.030189491137207e-08,5.721093430111068e-07 | 1,5
6700 | 223.33334498107433 | 112.51421356201172,191.61705017089844,0.225874662399292 | 9.809101308988488e-10,1.0308839115680257e-08,1.5256246399530937e-07 | 0 | 7.3365877142350655e-06,-2.0646018583647674e-06,8.516476412978591e-11 | 6.618598558105759e-09,-9.15163624881643e-08,1.1442184586485382e-06 | 1,5
6710 | 223.66667833179235 | 112.51421356201172,191.61705017089844,0.225874662399292 | 5.900804289638018e-10,1.0515956994083808e-08,9.535153111528416e-08 | 0 | 1.006966795102926e-05,-1.2415385981512372e-06,-1.371247559944777e-10 | 3.6872737751991735e-08,1.1763970633182907e-06,0.0 | 1,5
6720 | 224.00001168251038 | 112.51421356201172,191.61705017089844,0.225874662399292 | 3.447393759348216e-10,6.4573235647458205e-09,5.7210922221884175e-08 | 0 | 5.462390163302189e-06,-6.948567943254602e-07,1.4770771411543038e-11 | -7.046029870672044e-10,4.1527165706156666e-08,1.1442183449617005e-06 | 1,5
6730 | 224.3333450332284 | 112.51421356201172,191.61705017089844,0.225874662399292 | 7.879894653450847e-11,5.136737701860739e-10,1.907030799941367e-08 | 0 | 1.2999458931517438e-06,-1.9797192862824886e-07,-2.0350578860961477e-12 | -3.296665695984302e-08,-6.670501306871301e-08,-8.009528755792417e-06 | 1,5
6740 | 224.66667838394642 | 112.51421356201172,191.61705017089844,0.225874662399292 | -4.177142631789366e-09,-5.419467541400991e-09,4.576873777750734e-07 | 0 | -4.056431134813465e-05,1.086895827029366e-05,8.174660948156998e-11 | -1.461415308767755e-07,-6.588793439732399e-07,8.009529665287118e-06 | 1,5
6750 | 225.00001173466444 | 112.51421356201172,191.61705017089844,0.225874662399292 | 5.191857499475816e-10,1.969227225728787e-09,2.479139880051662e-07 | 0 | 1.736739932312048e-06,-1.0768102356450981e-06,4.028358809721189e-12 | -1.3648414620703875e-09,1.0745186962424214e-08,1.1442178902143496e-06 | 1,5
6760 | 225.33334508538246 | 112.51421356201172,191.61705017089844,0.225874662399292 | 3.226382772059111e-10,4.092366889807408e-09,1.3349215066682518e-07 | 0 | 7.788219591020606e-06,-7.488222308893455e-07,-6.698607779576093e-10 | 1.530065105725953e-07,5.285629640638945e-07,-6.293200840445934e-06 | 1,5
6770 | 225.66667843610048 | 112.51421356201172,191.61705017089844,0.225874662399292 | 3.309681695373712e-10,9.231686526334215e-10,9.535153111528416e-08 | 0 | 8.705990808266506e-07,-6.847153031230846e-07,1.8866837616943882e-13 | -1.3610061966318199e-09,7.615002850513974e-09,1.1442182312748628e-06 | 1,5
6780 | 226.0000117868185 | 112.51421356201172,191.61705017089844,0.225874662399292 | 7.879895347340238e-11,5.136738256972251e-10,1.907030799941367e-08 | 0 | 1.2999458931517438e-06,-1.9797192862824886e-07,-2.038487000727285e-12 | -2.0014770285570194e-08,-2.1520497739402344e-07,-9.153747669188306e-06 | 1,5
6790 | 226.33334513753653 | 112.51421356201172,191.61705017089844,0.225874662399292 | 1.1396851240519368e-09,8.914189386644011e-09,2.479139880051662e-07 | 0 | 7.4928752837877255e-06,-2.35755646826874e-06,2.6703628891455722e-11 | -7.045896643909089e-10,4.153437416221095e-08,1.1442178902143496e-06 | 1,5
6800 | 226.66667848825455 | 112.51421356201172,191.61705017089844,0.225874662399292 | 4.999428093732661e-10,1.2878036415031602e-08,1.7163276311293885e-07 | 0 | 1.077541946870042e-05,-9.992323839469464e-07,3.8225377724243614e-11 | -7.040334426555717e-10,4.1703810182980305e-08,1.1442183449617005e-06 | 1,5
6810 | 227.00001183897257 | 112.51421356201172,191.61705017089844,0.225874662399292 | 1.233449897775074e-09,-7.502293924988024e-11,1.3349215066682518e-07 | 0 | -1.265393052563013e-06,-2.6308373435313115e-06,5.299032393435432e-11 | 6.677065123028569e-09,-1.1380098641211589e-07,1.1442184586485382e-06 | 1,5
6820 | 227.3333451896906 | 112.51421356201172,191.61705017089844,0.225874662399292 | -1.330877491545479e-10,9.047937954420604e-10,1.1442184444376835e-07 | 0 | 8.579490327065287e-07,2.90721004603256e-07,-2.273624431087251e-12 | -1.366184387840974e-09,1.0352171564420587e-08,1.1442183449617005e-06 | 1,5
6830 | 227.6666785404086 | 112.51421356201172,191.61705017089844,0.225874662399292 | 7.879894653450847e-11,5.136737701860739e-10,1.907030799941367e-08 | 0 | 1.2999458931517438e-06,-1.9797192862824886e-07,-2.0406736196687536e-12 | 1.7027383591994294e-07,5.105338232169743e-07,-2.002382097998634e-05 | 1,5
6840 | 228.00001189112663 | 112.51421356201172,191.61705017089844,0.225874662399292 | 1.2600879228941153e-09,8.941122509042998e-09,2.288436888875367e-07 | 0 | 6.774114353902405e-06,-2.648602503541042e-06,1.8816210742289563e-11 | 2.4345356841593002e-09,1.2110916713936604e-07,1.1442186860222137e-06 | 1,5
6850 | 228.33334524184465 | 112.51421356201172,191.61705017089844,0.225874662399292 | 1.0054579391294283e-09,3.0436581033299603e-10,2.0977338976990723e-07 | 0 | 1.6157438267327962e-06,-2.149506599380402e-06,-1.7072011859742275e-10 | 3.687384619865952e-08,1.1711758816090878e-06,0.0 | 1,5
6860 | 228.66667859256268 | 112.51421356201172,191.61705017089844,0.225874662399292 | 4.421071286841993e-10,5.4837845375743655e-09,9.535153111528416e-08 | 0 | 8.93929427547846e-06,-9.952187838280224e-07,-6.64495569679957e-10 | 1.530065105725953e-07,5.285669431032147e-07,-6.865310751891229e-06 | 1,5
6870 | 229.0000119432807 | 112.51421356201172,191.61705017089844,0.225874662399292 | 2.690183076303754e-10,-5.319653606505881e-09,1.1442184444376835e-07 | 0 | -4.296347924537258e-06,-5.757611916124006e-07,-2.1771567187967023e-11 | -1.3650804930875893e-09,5.142672510061175e-09,1.1442183449617005e-06 | 1,5
6880 | 229.33334529399872 | 112.51421356201172,191.61705017089844,0.225874662399292 | 7.879894653450847e-11,5.136737701860739e-10,1.907030799941367e-08 | 0 | 1.2999458931517438e-06,-1.9797192862824886e-07,-2.036151195566882e-12 | -1.8566217008242347e-08,-1.9281716845398478e-07,-9.153747669188306e-06 | 1,5
6890 | 229.66667864471674 | 112.51421356201172,191.61705017089844,0.225874662399292 | 7.574273985788693e-10,1.3698551626362132e-08,2.6698430133365036e-07 | 0 | 1.0200512406299822e-05,-1.5832277995286859e-06,7.873895285781529e-11 | 5.52461543179561e-09,-3.134111281610785e-08,1.1442183449617005e-06 | 1,5
6900 | 230.00001199543476 | 112.51421356201172,191.61705017089844,0.225874662399292 | 2.1582298448397097e-10,1.2646063085597348e-09,2.8605461466213455e-07 | 0 | 1.1545085953912348e-06,-4.415055059325823e-07,4.108133375580608e-13 | -1.3662965203664612e-09,1.0313739196021743e-08,1.1442186860222137e-06 | 1,5
6910 | 230.33334534615278 | 112.51421356201172,191.61705017089844,0.225874662399292 | 6.069770797090257e-10,-9.897803410208184e-11,1.7163276311293885e-07 | 0 | -1.2824665418520453e-06,-1.3139992915967014e-06,5.0037626819765535e-11 | 6.678686492733732e-09,-1.1205000305380963e-07,1.1442183449617005e-06 | 1,5
6920 | 230.6666786968708 | 112.51421356201172,191.61705017089844,0.225874662399292 | 2.2531176924189822e-10,5.0776405302599414e-09,7.628123199765469e-08 | 0 | 4.311221346142702e-06,-4.48462003532768e-07,1.3329082629298661e-11 | -1.345026534593785e-09,1.3845443902482657e-08,1.1442184586485382e-06 | 1,5
6930 | 231.00001204758883 | 112.51421356201172,191.61705017089844,0.225874662399292 | -2.1467884761539047e-11,-9.116503107975404e-10,1.907030799941367e-08 | 0 | -2.307099293830106e-06,5.387667911804783e-08,8.99744081322984e-12 | -4.098792061313361e-08,-2.484821663983894e-07,-8.009528755792417e-06 | 1,5
6940 | 231.33334539830685 | 112.51421356201172,191.61705017089844,0.225874662399292 | -2.7796601131946375e-10,2.2291114731842754e-08,3.432655262258777e-07 | 0 | -1.2443407285900321e-05,2.7596636300586397e-06,-6.931112350727631e-10 | 3.111255963972326e-08,1.1433481859057792e-06,5.721084903598239e-07 | 1,5
6950 | 231.66667874902487 | 112.51421356201172,191.61705017089844,0.225874662399292 | -7.777921640084173e-10,2.6373781381039407e-08,3.0512492799061874e-07 | 0 | -9.157806744042318e-06,3.825355634035077e-06,-6.585004208581324e-10 | 2.692600986620164e-08,1.0839619335456518e-06,1.1442186860222137e-06 | 1,5
6960 | 232.0000120997429 | 112.51421356201172,191.61705017089844,0.225874662399292 | -5.787285650704632e-10,-1.6605410380066132e-08,2.0977338976990723e-07 | 0 | -1.4224091501091607e-05,1.2019398809570703e-06,-2.7132955604525222e-11 | -7.961991954630321e-09,-1.668315832148437e-07,1.1442186860222137e-06 | 1,5
6970 | 232.3333454504609 | 112.51421356201172,191.61705017089844,0.225874662399292 | 5.616218601289802e-10,8.200870205143929e-09,1.907030799941367e-08 | 0 | 7.770498996251263e-06,-1.1876810503963497e-06,3.1457670669754467e-13 | 5.80187187182446e-09,9.383357735259779e-08,0.0 | 1,5
6980 | 232.66667880117893 | 112.51421356201172,191.61705017089844,0.225874662399292 | -9.756637858737705e-11,-2.2911179897722178e-10,1.907030799941367e-08 | 0 | -5.798086704089656e-07,2.4515341578990046e-07,-1.9288572475351096e-12 | 2.7815001413245e-09,4.792644858753192e-07,-5.72109183849534e-06 | 1,5
6990 | 233.00001215189695 | 112.51421356201172,191.61705017089844,0.225874662399292 | -2.0058592287153232e-10,2.5413656956629893e-08,3.432655262258777e-07 | 0 | -9.858763405645732e-06,2.6076395442942157e-06,-6.821891940234082e-10 | 3.11304511058097e-08,1.1456808124421514e-06,5.721084903598239e-07 | 1,5
7000 | 233.33334550261497 | 112.51421356201172,191.61705017089844,0.225874662399292 | 9.998765149177302e-10,8.684190255792146e-09,1.7163276311293885e-07 | 0 | 7.3458240876789205e-06,-2.0646009488700656e-06,2.3531196522569298e-12 | 1.9428457453951609e-10,1.6242654510278953e-07,1.1442183449617005e-06 | 1,5
7010 | 233.666678853333 | 112.51421356201172,191.61705017089844,0.225874662399292 | 9.5847096925894e-10,1.3012130262168853e-09,1.3349215066682518e-07 | 0 | -1.2504162327786617e-07,-2.048109990937519e-06,5.651825535357702e-11 | 6.67798261133612e-09,-1.1239127672979521e-07,1.1442184586485382e-06 | 1,5
7020 | 234.00001220405102 | 112.51421356201172,191.61705017089844,0.225874662399292 | 3.447393759348216e-10,6.4573235647458205e-09,5.7210922221884175e-08 | 0 | 5.462390163302189e-06,-6.948567943254602e-07,1.4803040737643158e-11 | -7.046021543999359e-10,4.1527165706156666e-08,1.1442183449617005e-06 | 1,5
7030 | 234.33334555476904 | 112.51421356201172,191.61705017089844,0.225874662399292 | 7.879895347340238e-11,5.136738256972251e-10,1.907030799941367e-08 | 0 | 1.2999458931517438e-06,-1.9797192862824886e-07,-2.041568086461054e-12 | 4.559357780209439e-09,4.833230491385621e-07,-5.72109183849534e-06 | 1,5
7040 | 234.66667890548706 | 112.51421356201172,191.61705017089844,0.225874662399292 | 1.8932773127033897e-09,4.087510330208488e-09,2.0977338976990723e-07 | 0 | 3.4960239645442925e-06,-3.958148226956837e-06,1.2478473983279503e-11 | -7.04050096000941e-10,4.170346556975346e-08,1.1442186860222137e-06 | 1,5
7050 | 235.00001225620508 | 112.51421356201172,191.61705017089844,0.225874662399292 | -4.5540713422553836e-09,-7.624757714097541e-09,4.1954677953981445e-07 | 0 | -4.114049079362303e-05,1.1699352398863994e-05,3.669405751471899e-11 | -1.5296608069093054e-07,-6.014147970745398e-07,8.009529665287118e-06 | 1,5
7060 | 235.3333456069231 | 112.51421356201172,191.61705017089844,0.225874662399292 | -9.192596128748676e-10,-4.537866971077165e-09,2.0977338976990723e-07 | 0 | -8.524018085154239e-06,1.969688810277148e-06,6.918099426655999e-10 | -1.4803126191509364e-07,-5.789855777038611e-07,8.009528755792417e-06 | 1,5
7070 | 235.66667895764112 | 112.51421356201172,191.61705017089844,0.225874662399292 | -6.857137080373832e-10,-3.6592822105774303e-09,1.1442184444376835e-07 | 0 | -3.4658319236768875e-06,1.4707947002534638e-06,-5.247206748965061e-12 | -7.064462792527593e-09,-4.1870443112657085e-08,1.1442183449617005e-06 | 1,5
7080 | 236.00001230835915 | 112.51421356201172,191.61705017089844,0.225874662399292 | 7.879894653450847e-11,5.136738812083763e-10,1.907030799941367e-08 | 0 | 1.2999458931517438e-06,-1.9797192862824886e-07,-2.0368470365211833e-12 | 1.932787441205619e-08,-5.437893264570448e-07,-1.2014293133688625e-05 | 1,5
7090 | 236.33334565907717 | 112.51421356201172,191.61705017089844,0.225874662399292 | 9.925423816170564e-10,2.9233433451736346e-09,2.479139880051662e-07 | 0 | 6.802052666898817e-06,-2.16099920180568e-06,-6.640480942898819e-10 | 1.535822633513817e-07,4.820931849280896e-07,-6.293201295193285e-06 | 1,5
7100 | 236.6666790097952 | 112.51421356201172,191.61705017089844,0.225874662399292 | -9.271843709468541e-11,-1.5208149184431363e-09,3.0512492799061874e-07 | 0 | -1.1495161515995278e-06,1.975935504106019e-07,-1.0764512545224925e-11 | -1.366181723305715e-09,1.0353048196520831e-08,1.1442186860222137e-06 | 1,5
7110 | 237.0000123605132 | 112.51421356201172,191.61705017089844,0.225874662399292 | -2.4693638800421525e-10,1.767496371485322e-09,2.0977338976990723e-07 | 0 | 1.572261908222572e-06,5.329845862434013e-07,3.4406827972670306e-13 | -1.3661837217071593e-09,1.0352108503752788e-08,1.1442186860222137e-06 | 1,5
7120 | 237.33334571123123 | 112.51421356201172,191.61705017089844,0.225874662399292 | -1.3308777691012352e-10,9.047938509532116e-10,1.1442184444376835e-07 | 0 | 8.579490327065287e-07,2.90721004603256e-07,-2.2760439366553697e-12 | -1.366184609885579e-09,1.0352171564420587e-08,1.1442183449617005e-06 | 0,0
7130 | 237.66667906194925 | 112.53304290771484,191.6171417236328,0.22592483460903168 | 0.24326613545417786,-0.0006261257221922278,1.1251480600549257e-06 | 0 | -0.002664094092324376,0.10023435205221176,-1.4839649200439453 | 1.539107322692871,-0.0005497113452292979,4.0619746869197115e-05 | 0,0
7140 | 238.00001241266727 | 112.75737762451172,191.61708068847656,0.22611591219902039 | 1.180489182472229,-0.009286320768296719,3.2419524131910293e-07 | 90.5 | -0.00047573292977176607,0.14941610395908356,0.34843647480010986 | 4.692928314208984,-0.04443615302443504,4.862928471993655e-05 | 0,0
7150 | 238.3333457633853 | 113.39923858642578,191.61212158203125,0.22626884281635284 | 2.422199010848999,-0.01814073510468006,1.0679372053346015e-06 | 90.4 | -0.0002445167629048228,-0.029271654784679413,0.04137319698929787 | 2.6847479343414307,-0.018545126542448997,5.835513729834929e-05 | 0,0
7160 | 238.66667911410332 | 114.31727600097656,191.6052703857422,0.2261008769273758 | 2.84678053855896,-0.020571116358041763,3.432655262258777e-07 | 90.4 | -1.2672458979068324e-05,-0.16032305359840393,0.015808608382940292 | -0.03832339867949486,0.0019160470692440867,-1.4874840417178348e-05 | 0,0
7170 | 239.00001246482134 | 115.26419067382812,191.5985565185547,0.22591906785964966 | 2.8340542316436768,-0.019814733415842056,-5.721092293242691e-07 | 90.4 | -5.2263283578213304e-05,-0.04738716408610344,0.028674203902482986 | -0.038101669400930405,0.0024875809904187918,-3.489866139716469e-05 | 0,0
7180 | 239.33334581553936 | 116.37904357910156,191.59095764160156,0.226098895072937 | 3.7602882385253906,-0.024085965007543564,-1.2586402817760245e-06 | 90.4 | -0.00030651711858808994,0.06808295845985413,0.1021222472190857 | 2.4369475841522217,-0.006365999113768339,-5.606670310953632e-05 | 0,0
7190 | 239.66667916625738 | 117.76881408691406,191.58238220214844,0.22614291310310364 | 4.529580116271973,-0.025296427309513092,1.2014294270557002e-06 | 90.3 | -0.0006592983263544738,0.0008410022710449994,0.14449208974838257 | 2.2130582332611084,0.001897886279039085,5.72109183849534e-06 | 0,0
7200 | 240.0000125169754 | 119.38324737548828,191.573974609375,0.22668132185935974 | 5.055215835571289,-0.022868314757943153,0.008956503123044968 | 90.3 | -0.00011219780571991578,-0.06354140490293503,0.16609549522399902 | 0.9313201308250427,0.011459792964160442,-0.18009307980537415 | 0,0
7210 | 240.33334586769342 | 121.08482360839844,191.5666961669922,0.22665134072303772 | 5.025771141052246,-0.019096147269010544,-0.0010715033859014511 | 90.2 | 0.0008866189746186137,-0.11626406013965607,0.09650769829750061 | -0.8830546736717224,0.012982561253011227,0.0025041212793439627 | 0,0
7220 | 240.66667921841145 | 122.76217651367188,191.56085205078125,0.22641921043395996 | 5.0208821296691895,-0.014565734192728996,-0.0002481047122273594 | 90.2 | -0.0017174002714455128,-0.00572584941983223,0.15703335404396057 | -0.04823684319853783,0.026866624131798744,-0.00018593591812532395 | 0,0
7230 | 241.00001256912947 | 124.43244171142578,191.55650329589844,0.22633308172225952 | 4.981332778930664,-0.009983385913074017,0.0008903545094653964 | 90.1 | 0.00048386273556388915,-0.0319160632789135,0.14613039791584015 | -0.7692574858665466,0.010437787510454655,-0.01563231088221073 | 0,0
7240 | 241.3333459198475 | 126.14744567871094,191.55393981933594,0.22643359005451202 | 5.196890354156494,-0.004224169533699751,-7.64337892178446e-05 | 90.0 | 0.0001779645826900378,-0.022017372772097588,0.18128018081188202 | -0.05051135644316673,0.010570361278951168,-0.000981739372946322 | 0,0
7250 | 241.6666792705655 | 127.87808227539062,191.55300903320312,0.22637592256069183 | 5.199184417724609,0.00026629012427292764,-4.153512782067992e-05 | 90.0 | 0.00011921647819690406,-0.003171749645844102,0.16875827312469482 | 0.04046916589140892,0.009050295688211918,0.0001201430059154518 | 0,0
7260 | 242.00001262128353 | 129.61277770996094,191.5535125732422,0.22636523842811584 | 5.2162766456604,0.004343012813478708,-7.952317901072092e-06 | 90.0 | -0.0005343902739696205,0.0037016472779214382,0.1519947499036789 | 0.05141257867217064,0.014698022045195103,4.2336083424743265e-05 | 0,0
7270 | 242.33334597200155 | 131.35281372070312,191.5553436279297,0.226362943649292 | 5.230273246765137,0.00829363614320755,-1.163288743555313e-06 | 89.9 | -0.0018060344737023115,0.003337719477713108,0.14624226093292236 | 0.035147663205862045,0.028098974376916885,2.9177568649174646e-05 | 0,0
7280 | 242.66667932271957 | 133.09666442871094,191.558349609375,0.2263612002134323 | 5.239459037780762,0.011194712482392788,-2.8605461466213455e-07 | 89.9 | -0.000691597699187696,0.0033731276635080576,0.11971078813076019 | 0.02303123287856579,0.014430227689445019,3.6614987038774416e-05 | 0,0
7290 | 243.0000126734376 | 134.84304809570312,191.56231689453125,0.22636008262634277 | 5.246129512786865,0.013603015802800655,-1.220499711962475e-06 | 89.9 | 0.00015577678277622908,0.003747322363778949,0.1002633273601532 | 0.01838207058608532,0.004130880814045668,-1.3730623322771862e-05 | 0,0
7300 | 243.33334602415562 | 136.591552734375,191.56703186035156,0.22635985910892487 | 5.252053737640381,0.015279724262654781,1.2014294270557002e-06 | 89.8 | -8.311976125696674e-05,0.004029223695397377,0.07337470352649689 | 0.017566679045557976,0.005251345690339804,4.576873470796272e-05 | 0,0
7310 | 243.66667937487364 | 138.34202575683594,191.57229614257812,0.22635966539382935 | 5.257917404174805,0.016849400475621223,1.1442184586485382e-06 | 89.8 | 0.0001880735799204558,0.004121122416108847,0.06306228041648865 | 0.017709730193018913,0.0019138677744194865,6.293201295193285e-05 | 0,0
7320 | 244.00001272559166 | 140.09446716308594,191.57801818847656,0.2263595461845398 | 5.263881683349609,0.0178537480533123,-4.958279760103323e-07 | 89.8 | 0.0002113822993123904,0.004186883103102446,0.04724619910120964 | 0.018239019438624382,0.0017784720985218883,-1.1442178902143496e-06 | 0,0
7330 | 244.33334607630968 | 141.848876953125,191.58407592773438,0.22635966539382935 | 5.27018928527832,0.01860482059419155,9.535153822071152e-07 | 89.8 | 0.00022580711811315268,0.004199448972940445,0.036961182951927185 | 0.019354818388819695,0.0005787424161098897,4.1191859054379165e-05 | 0,0
7340 | 244.6666794270277 | 143.6054229736328,191.5902862548828,0.22635971009731293 | 5.276515007019043,0.0190061554312706,-3.432655262258777e-07 | 89.8 | 0.00030754326144233346,0.004150777123868465,0.02724658139050007 | 0.01902580074965954,0.0003878585703205317,-6.8653098423965275e-06 | 0,0
7350 | 245.00001277774572 | 145.36407470703125,191.5965118408203,0.22635985910892487 | 5.28298807144165,0.019271867349743843,-1.3349215066682518e-07 | 89.8 | 0.00017063895938917994,0.004205395467579365,0.020731495693325996 | 0.020127294585108757,0.0003554485447239131,-3.089389792876318e-05 | 0,0
7360 | 245.33334612846375 | 147.12498474121094,191.60302734375,0.22635997831821442 | 5.290124416351318,0.019452840089797974,-3.432655262258777e-07 | 89.8 | 0.00016010523540899158,0.004279946908354759,0.01739497482776642 | 0.022559164091944695,0.00038366761873476207,-1.2014292224193923e-05 | 0,0
7370 | 245.66667947918177 | 148.88839721679688,191.6096649169922,0.22636015713214874 | 5.2979326248168945,0.019616328179836273,-3.814061599882734e-08 | 89.8 | 0.00011808310227934271,0.0042330012656748295,0.016400419175624847 | 0.023560522124171257,0.0006013735546730459,1.2014292224193923e-05 | 0,0
7380 | 246.0000128298998 | 150.09011840820312,191.61422729492188,0.22451533377170563 | 1.265670895576477,0.003615254769101739,0.0005293154390528798 | 89.8 | 0.004202200099825859,-0.6418774127960205,-0.14460749924182892 | -15.136087417602539,-0.04962320253252983,0.015762751922011375 | 0,0
7390 | 246.3333461806178 | 150.42120361328125,191.6150360107422,0.22528834640979767 | 0.9919650554656982,0.002677685348317027,0.0006117945304140449 | 0 | -0.0032774407882243395,0.3932689130306244,-3.9726317481836304e-05 | -0.01305162813514471,-5.6808345107128844e-05,-0.0025476007722318172 | 0,0
7400 | 246.66667953133583 | 150.90122985839844,191.61630249023438,0.22598052024841309 | 1.890450358390808,0.005598490592092276,0.00011783542868215591 | 89.8 | -0.0017291911644861102,0.20573727786540985,0.03696843236684799 | 3.0945358276367188,0.010330471210181713,-0.0007122757378965616 | 0,0
7410 | 247.00001288205385 | 151.70240783691406,191.61868286132812,0.22616873681545258 | 2.8229143619537354,0.008904152549803257,1.7620963262743317e-05 | 89.8 | -0.00015241320943459868,0.015201950445771217,0.035768479108810425 | 2.4982664585113525,0.009346743114292622,-8.410005830228329e-05 | 0,0
7420 | 247.33334623277187 | 152.60020446777344,191.62159729003906,0.22575752437114716 | 1.8431087732315063,0.005518936552107334,3.0512492799061874e-07 | 89.8 | 0.004507569596171379,-0.5063601732254028,-0.10322638601064682 | -7.9700188636779785,-0.027926838025450706,-4.862928108195774e-05 | 0,0
7430 | 247.6666795834899 | 153.04837036132812,191.6228790283203,0.22568972408771515 | 1.5471422672271729,0.005017174407839775,2.4791399937384995e-06 | 89.8 | -0.002716192277148366,0.3048914074897766,0.049367886036634445 | 2.586958169937134,0.009575694799423218,-4.576874744088855e-06 | 0,0
7440 | 248.00001293420792 | 153.7372283935547,191.62510681152344,0.22610031068325043 | 2.525019407272339,0.008614327758550644,-3.814061599882734e-08 | 89.8 | -0.001291939988732338,0.10555621236562729,0.03202878311276436 | 2.643470525741577,0.010021793656051159,3.318233575555496e-05 | 0,0
7450 | 248.33334628492594 | 154.71363830566406,191.62847900390625,0.22611960768699646 | 3.0755093097686768,0.01088856440037489,-6.674607675449806e-07 | 89.8 | 0.0015406262828037143,-0.16988061368465424,-0.03532107546925545 | -2.3525116443634033,-0.008780964650213718,-4.576873379846802e-06 | 0,0
7460 | 248.66667963564396 | 155.19680786132812,191.6302947998047,0.22516627609729767 | 0.00010739581193774939,-1.585166683071293e-05,-9.363520803162828e-06 | 0 | 0.002724387450143695,-0.20889844000339508,-2.6755889848573133e-05 | -0.10492593050003052,-0.00020153442164883018,-7.55184082663618e-05 | 0,0
7470 | 249.00001298636198 | 155.23057556152344,191.6304473876953,0.22569911181926727 | 0.4850686192512512,0.0016364199109375477,3.6996395920141367e-06 | 0 | -0.01602880284190178,0.4462338984012604,-1.4649038314819336 | 5.052000999450684,0.0238481517881155,-4.805717617273331e-05 | 0,0
7480 | 249.33334633708 | 155.568115234375,191.63121032714844,0.22615890204906464 | 1.601644515991211,0.007331694010645151,1.1442184444376835e-07 | 89.7 | -0.0009203831432387233,0.15581831336021423,-0.40392690896987915 | 3.6639902591705322,0.01746905781328678,2.86054591924767e-06 | 0,0
7490 | 249.66667968779802 | 156.29058837890625,191.63442993164062,0.22623705863952637 | 2.625089645385742,0.012093980796635151,-1.163288743555313e-06 | 89.7 | 0.0003714949416462332,-0.02338029071688652,0.01916305162012577 | 2.616891622543335,0.01252074632793665,-3.833131631836295e-05 | 0,0
7500 | 250.00001303851604 | 157.1544952392578,191.638427734375,0.225835382938385 | 1.9180747270584106,0.008311929181218147,1.5637651813449338e-06 | 89.8 | 0.004713017493486404,-0.4577699303627014,-0.10206485539674759 | -6.652518272399902,-0.032507169991731644,0.0 | 0,0
7510 | 250.33334638923407 | 157.33859252929688,191.63931274414062,0.22530856728553772 | -0.00010915611346717924,6.681666491203941e-06,1.926101049321005e-06 | 0 | -0.0021509567741304636,0.24642369151115417,3.881754366830137e-07 | -0.0009912786772474647,0.00012028758646920323,0.00011384973186068237 | 0,0
7520 | 250.6666797399521 | 157.33811950683594,191.63931274414062,0.225682333111763 | -4.626423105946742e-05,3.040027195311268e-06,8.009528755792417e-07 | 0 | -0.0008487786399200559,0.09998521208763123,-6.25275220045296e-07 | -0.0002343325613765046,1.8815911971614696e-05,1.7735384972183965e-05 | 0,0
7530 | 251.0000130906701 | 157.33795166015625,191.63931274414062,0.22582244873046875 | 0.0,0.0,0.0 | 0 | 0.0,0.0,0.0 | 0.0007521553779952228,1.6168092770385556e-05,-8.581638212490361e-06 | 0,0
7540 | 251.33334644138813 | 157.33790588378906,191.63931274414062,0.22586120665073395 | -6.497740287159104e-06,-1.9602573786414723e-07,6.865310524517554e-07 | 0 | -0.00016866136866156012,0.013524306938052177,-9.538613454651568e-08 | 2.6053310648421757e-05,-1.4463066690950654e-06,8.581638212490361e-06 | 0,0
7550 | 251.66667979210615 | 157.337890625,191.63931274414062,0.22587035596370697 | -1.823721959226532e-06,-2.477012017720881e-08,6.483904826382059e-07 | 0 | -2.6044413971249014e-05,0.0038037472404539585,-2.8414278929744796e-08 | 5.132946625963086e-06,3.24424320297112e-07,4.004764832643559e-06 | 0,0
7560 | 252.00001314282417 | 157.337890625,191.63931274414062,0.22587387263774872 | -4.5851334107283037e-07,-9.094507191775847e-08,0.0 | 0 | -2.3969929316081107e-05,0.0009600719786249101,-5.155348148377925e-09 | 3.9368271131934307e-07,-6.127832875790773e-06,4.004764377896208e-06 | 0,0
7570 | 252.3333464935422 | 157.337890625,191.63931274414062,0.2258749008178711 | -9.58393471250929e-08,-3.930279746100496e-08,1.3349215066682518e-07 | 0 | -8.51773438625969e-05,0.0002084462612401694,-1.1518346276773173e-09 | -5.096829340800468e-07,4.4006075228253394e-08,-8.009527846297715e-06 | 0,0
7580 | 252.66667984426022 | 157.337890625,191.63931274414062,0.2258749008178711 | 0.0,0.0,0.0 | 0 | 0.0,0.0,0.0 | 1.4919185105100041e-06,-1.411726316291606e-06,0.0 | 0,0
7590 | 253.00001319497824 | 157.337890625,191.63931274414062,0.2258749008178711 | -5.945534287121745e-09,-1.1003016275878963e-08,2.8605461466213455e-07 | 0 | -1.0644102985679638e-05,1.3180065252527129e-05,-4.145452731085797e-11 | 2.3431586271271954e-07,-1.8416861280456942e-07,1.8879603885579854e-05 | 0,0
7600 | 253.33334654569626 | 157.337890625,191.63931274414062,0.2258749008178711 | -4.964539446206118e-09,4.983791157542328e-09,-1.3349215066682518e-07 | 0 | 5.102869181428105e-06,1.0601230314932764e-05,-1.2062914556132398e-10 | -3.2358965285084196e-08,9.523080990447852e-08,0.0 | 0,0
7610 | 253.66667989641428 | 157.337890625,191.63931274414062,0.2258749008178711 | 5.169882300037898e-09,2.9242059440548474e-08,5.7210922221884175e-08 | 0 | 2.6764211725094356e-05,-1.1075218026235234e-05,-6.423904186370066e-10 | 1.710146335653917e-07,1.6537496776436456e-06,-6.293200840445934e-06 | 0,0
7620 | 254.0000132471323 | 157.35671997070312,191.6395263671875,0.22592505812644958 | 0.24401509761810303,0.0009956253925338387,9.535153111528416e-08 | 0 | -0.0034040461760014296,0.10083508491516113,-1.4975632429122925 | 1.5633800029754639,0.009858411736786366,4.576873379846802e-06 | 0,0
7630 | 254.33334659785032 | 157.59970092773438,191.64002990722656,0.22613021731376648 | 1.2234642505645752,0.004880873020738363,-1.9070306223056832e-07 | 89.8 | -0.0005675337160937488,0.11512867361307144,-0.09036043286323547 | 3.865760326385498,0.02447783760726452,5.549459456233308e-05 | 0,0
7640 | 254.66667994856834 | 158.21115112304688,191.6424102783203,0.2262529730796814 | 2.381683349609375,0.009414312429726124,3.814061599882734e-08 | 89.8 | -0.00014339697372633964,0.01786230318248272,0.014643837697803974 | 3.029629945755005,0.012883487157523632,-1.0870073310798034e-05 | 0,0
7650 | 255.00001329928637 | 159.11830139160156,191.6459503173828,0.22609035670757294 | 2.68121337890625,0.010257147252559662,-3.432655262258777e-07 | 89.8 | 0.002744959434494376,-0.2715044319629669,-0.0781361386179924 | -3.3243796825408936,-0.015906531363725662,-6.75088886055164e-05 | 0,0
7660 | 255.3333466500044 | 159.625732421875,191.6477813720703,0.2254863679409027 | 1.0222046375274658,0.003811255330219865,-1.7544682577863568e-06 | 89.8 | -0.000815886480268091,0.11204350739717484,-0.01691484823822975 | -0.012971161864697933,-0.0011615221155807376,1.659116787777748e-05 | 0,0
7670 | 255.6666800007224 | 160.2850341796875,191.65025329589844,0.22612757980823517 | 2.5743041038513184,0.009821451269090176,7.246716791087238e-07 | 89.8 | -0.001441987114958465,0.1501941978931427,-0.005663657560944557 | 2.8915069103240967,0.007725012954324484,-1.0870073310798034e-05 | 0,0
7680 | 256.00001335144043 | 161.24530029296875,191.65396118164062,0.22603321075439453 | 2.6355583667755127,0.009412555024027824,5.339686026673007e-07 | 89.8 | 0.003705803072080016,-0.3847704529762268,-0.13879892230033875 | -6.155161380767822,-0.028554152697324753,5.721084903598239e-07 | 0,0
7690 | 256.33334670215845 | 161.8874053955078,191.6562042236328,0.22569510340690613 | 1.924074649810791,0.005986243486404419,5.911795142310439e-07 | 89.8 | -0.0017201853916049004,0.19372396171092987,-0.011887998320162296 | 1.9811080694198608,0.0063173421658575535,-2.2312258806778118e-05 | 0,0
7700 | 256.6666800528765 | 162.67701721191406,191.6586456298828,0.22605006396770477 | 2.772552013397217,0.008223285898566246,4.576873777750734e-07 | 89.8 | -0.00119844323489815,0.11412765085697174,-0.02345389313995838 | 2.468590497970581,0.006537884008139372,-3.489865775918588e-05 | 0,0
7710 | 257.0000134035945 | 163.74142456054688,191.6616973876953,0.2261384129524231 | 3.5465121269226074,0.009633554145693779,3.814061599882734e-08 | 89.8 | 7.175662176450714e-05,-0.006547183264046907,-0.05349099263548851 | 1.6008495092391968,0.0017118359683081508,1.7163276879728073e-06 | 0,0
7720 | 257.3333467543125 | 164.61659240722656,191.66407775878906,0.22546570003032684 | 1.6351019144058228,0.002952704904600978,-5.911795142310439e-06 | 89.9 | 0.0019059376791119576,-0.18023952841758728,-0.0540849007666111 | -1.829767107963562,-0.003869910491630435,-9.325379505753517e-05 | 0,0
7730 | 257.66668010503054 | 165.15960693359375,191.66500854492188,0.2257084995508194 | 1.6264491081237793,0.0025308411568403244,4.1954677953981445e-07 | 89.9 | -0.0010756299598142505,0.14636728167533875,-0.036917369812726974 | 0.029883382841944695,-0.004573375452309847,-1.4874838598188944e-05 | 0,0
7740 | 258.00001345574856 | 165.77484130859375,191.66590881347656,0.22598545253276825 | 2.2267112731933594,0.003173703793436289,-2.0977338976990723e-07 | 89.9 | -0.0010257429676130414,0.17334116995334625,-0.020363595336675644 | 3.005840539932251,-0.0004814145795535296,1.4874838598188944e-05 | 0,0
7750 | 258.3333468064666 | 166.6715545654297,191.6671600341797,0.2261434942483902 | 3.084968090057373,0.003876612987369299,9.153747555501468e-07 | 89.9 | 0.00029205004102550447,0.02434576489031315,-0.04397959262132645 | 2.402179002761841,-0.003476226469501853,3.833131631836295e-05 | 0,0
7760 | 258.6666801571846 | 167.83587646484375,191.668701171875,0.22614870965480804 | 3.853971481323242,0.004109751433134079,-1.7163276311293885e-07 | 89.9 | 0.0003010387299582362,-0.006502366624772549,-0.05115265026688576 | 2.2339580059051514,-0.0024086374323815107,1.5446947145392187e-05 | 0,0
7770 | 259.0000135079026 | 169.24102783203125,191.67001342773438,0.22611801326274872 | 4.498280048370361,0.003604901721701026,4.958279760103323e-07 | 90.0 | 0.00045906074228696525,-0.03571432828903198,-0.06241310387849808 | 1.4705084562301636,-0.007723581045866013,1.2014292224193923e-05 | 0,0
