Simulation Frame | Timestamp | Position | Velocity | Heading | Angular Velocity | Acceleration | Stopped at Red Light + Light ID 
10 | 0.3333333507180214 | 135.87998962402344,226.04989624023438,0.18051910400390625 | -3.863835445372388e-06,1.45816929943976e-05,-2.5420384407043457 | 0 | -0.16824962198734283,-0.0007044338271953166,8.58093517308589e-06 | 0.0022706398740410805,0.00045072691864334047,43.290679931640625 | 0,0
20 | 0.6666667014360428 | 135.87997436523438,226.04945373535156,0.18942458927631378 | 0.0011560347629711032,-2.1272451704135165e-05,0.19121021032333374 | 0 | 0.17696072161197662,0.18175624310970306,0.00013664037396665663 | -0.0023809142876416445,-3.2747426303103566e-05,-0.6134792566299438 | 0,0
30 | 1.0000000521540642 | 135.87998962402344,226.04974365234375,0.22176764905452728 | 0.0003896299167536199,-7.584604645671789e-06,0.05079496279358864 | 0 | 0.07959172129631042,0.05570836365222931,1.5124465789995156e-05 | -0.001641060458496213,4.061664731125347e-05,-0.28077173233032227 | 0,0
40 | 1.3333334028720856 | 135.8799591064453,226.04981994628906,0.22940261662006378 | 4.810420705325669e-06,-1.3506523828255013e-06,0.008129443041980267 | 0 | 0.014181503094732761,0.014528005383908749,2.9375596568570472e-06 | -0.0033769970759749413,2.5523499971313868e-06,-0.051544174551963806 | 0,0
50 | 1.666666753590107 | 135.87994384765625,226.04983520507812,0.23041632771492004 | -2.570129254308995e-06,-1.9746909174500615e-07,0.0011090337065979838 | 0 | 0.0018519475124776363,0.004176800139248371,1.6199290087115514e-07 | 3.2098907922772923e-06,-7.4423662788092315e-09,0.00016877309826668352 | 0,0
60 | 2.0000001043081284 | 135.87994384765625,226.04983520507812,0.2306380420923233 | -5.068690143161803e-07,-3.5044752877411156e-08,0.000189043945283629 | 0 | 0.0003043923352379352,0.0009678207570686936,2.789499653488292e-08 | -1.950181285792496e-05,5.947785908233527e-08,0.0018170183757320046 | 0,0
70 | 2.3333334550261497 | 135.8799285888672,226.04983520507812,0.23069964349269867 | -2.2088595130753674e-07,-1.9073759460752626e-08,0.00010791887325467542 | 0 | 0.0001892556028906256,0.00037209640140645206,2.0970020386812394e-08 | 1.5991887494237744e-06,8.695865005847736e-08,-0.0005051722400821745 | 0,0
80 | 2.666666805744171 | 135.88246154785156,225.57513427734375,0.23043006658554077 | 0.015434208326041698,-2.609261989593506,2.711797787924297e-05 | 179.7 | -0.05027163773775101,0.0016733044758439064,0.2762838900089264 | 0.04857449606060982,-5.423326015472412,-0.00012243133096490055 | 0,0
90 | 3.0000001564621925 | 135.88880920410156,224.6117706298828,0.23048922419548035 | 0.03448749706149101,-3.5249133110046387,6.769958872610005e-06 | 179.4 | 0.07652938365936279,-0.0012008949415758252,0.7806079983711243 | -0.006533972453325987,0.03374576196074486,-5.3206160373520106e-05 | 0,0
100 | 3.333333507180214 | 135.9003448486328,223.64849853515625,0.2308121770620346 | 0.04375226050615311,-2.1058011054992676,2.5554211333655985e-06 | 178.8 | 0.1090543195605278,-0.0005970372585579753,1.0061224699020386 | -0.0057205925695598125,5.4865403175354,3.8903424865566194e-05 | 0,0
110 | 3.6666668578982353 | 135.91107177734375,223.10089111328125,0.23082339763641357 | 0.03982957825064659,-1.6457096338272095,8.581638439864037e-07 | 178.6 | -0.07294698059558868,-0.0012272605672478676,0.560346782207489 | 0.08644289523363113,-1.4609025716781616,4.4624517613556236e-05 | 0,0
120 | 4.000000208616257 | 135.92701721191406,222.3458709716797,0.23066425323486328 | 0.052916157990694046,-2.2769088745117188,-3.0512492799061874e-07 | 178.7 | 0.005453129764646292,0.001959393732249737,0.5291025042533875 | -0.014549083076417446,0.029604433104395866,-3.4326558306929655e-06 | 0,0
130 | 4.333333559334278 | 135.94224548339844,221.66436767578125,0.2307007610797882 | 0.055908698588609695,-2.2677645683288574,-1.0488669204278267e-06 | 178.6 | 0.012739496305584908,-0.002423815196380019,0.43848559260368347 | 0.14244048297405243,0.03396749123930931,-3.4326562854403164e-06 | 0,0
140 | 4.6666669100522995 | 135.96249389648438,220.81224060058594,0.23064163327217102 | 0.07246623188257217,-2.949671983718872,-6.102498559812375e-07 | 178.6 | -0.029440388083457947,0.0010227159364148974,0.2907092571258545 | 0.04050470516085625,-2.285656690597534,1.0297964763594791e-05 | 0,0
150 | 5.000000260770321 | 135.98902893066406,219.70655822753906,0.2306145876646042 | 0.08929678797721863,-3.6354918479919434,1.0870074902413762e-06 | 178.6 | -0.0007721686852164567,0.0005587527994066477,0.20446906983852386 | 0.03200254961848259,-1.9643067121505737,4.6340843255165964e-05 | 0,0
160 | 5.333333611488342 | 136.02085876464844,218.3822479248047,0.23061732947826385 | 0.10392113775014877,-4.33643913269043,-8.009528755792417e-07 | 178.6 | 0.0016755720134824514,0.0002700244076550007,0.0487680658698082 | 0.053624507039785385,-1.8636845350265503,-2.4028584448387846e-05 | 0,0
170 | 5.666666962206364 | 136.05670166015625,216.85968017578125,0.23063090443611145 | 0.11149103939533234,-4.790109634399414,8.581638439864037e-07 | 178.7 | 0.010895083658397198,-0.0004496338951867074,-0.018069075420498848 | 0.03249875828623772,-1.1348103284835815,4.29081883339677e-05 | 0,0
180 | 6.000000312924385 | 136.09446716308594,215.21888732910156,0.23067069053649902 | 0.11391641199588776,-4.9864983558654785,-9.535153111528416e-08 | 178.7 | 0.019662724807858467,-0.0002851444005500525,-0.001847505453042686 | -0.004350319039076567,0.06970881670713425,-6.8653098423965275e-06 | 0,0
190 | 6.3333336636424065 | 136.13577270507812,213.39553833007812,0.23071125149726868 | 0.11013205349445343,-4.961076259613037,8.96304470643372e-07 | 178.7 | 0.006947387475520372,0.0004316519480198622,-0.07494420558214188 | -0.02043798379600048,0.06893634051084518,5.377826528274454e-05 | 0,0
200 | 6.666667014360428 | 136.17213439941406,211.70880126953125,0.2316005676984787 | 0.1053551584482193,-5.174434185028076,-0.0007547645946033299 | 178.8 | -0.004698616918176413,-0.0004641047562472522,-0.19170309603214264 | 0.007063149940222502,-0.4259633719921112,-0.0173154566437006 | 0,0
210 | 7.000000365078449 | 136.20240783691406,210.16415405273438,0.23132038116455078 | 0.09256921708583832,-5.141089916229248,-0.0006652676966041327 | 179.0 | 0.0040988740511238575,0.0005159471766091883,-0.3811265230178833 | -0.04156551882624626,0.02032756619155407,0.0029291973914951086 | 0,0
220 | 7.333333715796471 | 136.234130859375,208.2786865234375,0.23121097683906555 | 0.07489785552024841,-5.155121803283691,-0.00011301063932478428 | 179.2 | -0.0019303766312077641,-0.0004161293909419328,-0.5068908333778381 | -0.024000627920031548,-0.06159782037138939,0.0006276036729104817 | 0,0
230 | 7.666667066514492 | 136.2501983642578,207.0504608154297,0.23057258129119873 | 0.02157955802977085,-2.5794479846954346,-1.1651957720459905e-05 | 179.5 | 0.1412484496831894,0.003464014269411564,-0.3659949004650116 | -0.3734636604785919,7.382275581359863,0.02509213797748089 | 0,0
240 | 8.000000417232513 | 136.25967407226562,206.10372924804688,0.23065750300884247 | 0.019908389076590538,-3.0751750469207764,0.000683384423609823 | 179.6 | -0.09236264228820801,0.0036997937131673098,-0.691226065158844 | -0.09147986024618149,-1.4935539960861206,-0.0026849103160202503 | 0,0
250 | 8.333333767950535 | 136.26708984375,204.99169921875,0.230645552277565 | 0.011282135732471943,-3.5697734355926514,0.0001389462559018284 | 179.8 | -0.020841779187321663,0.0009967921068891883,-0.7379395961761475 | -0.04187961667776108,-1.4740060567855835,-0.0008312747813761234 | 0,0
260 | 8.666667118668556 | 136.27069091796875,203.7161407470703,0.2306426614522934 | -0.00013018788013141602,-4.056692600250244,2.1244321033009328e-05 | 180.0 | -0.0028830633964389563,-0.001657569780945778,-0.7042279839515686 | 0.033203721046447754,-1.4501951932907104,-0.0001670558995101601 | 0,0
270 | 9.000000469386578 | 136.26942443847656,202.28497314453125,0.23064814507961273 | -0.01724834367632866,-4.484354496002197,2.3456477720174007e-06 | 180.2 | 0.004973603878170252,0.0009969893144443631,-0.7015230059623718 | -0.07746194303035736,-1.0733698606491089,-5.148983473191038e-05 | 0,0
280 | 9.333333820104599 | 136.26219177246094,200.57876586914062,0.2306693196296692 | -0.03208465501666069,-4.780262470245361,-5.530388875740755e-07 | 180.4 | 0.008038931526243687,0.0006720700184814632,-0.5615745186805725 | -0.06691144406795502,-0.6073521971702576,3.8903424865566194e-05 | 0,0
290 | 9.66666717082262 | 136.25270080566406,199.12071228027344,0.23068629205226898 | -0.037760715931653976,-4.920612812042236,-6.865310524517554e-07 | 180.4 | 0.006234489381313324,-0.0013465909287333488,-0.3429074287414551 | -0.005243382882326841,-0.3701018989086151,2.460069299559109e-05 | 0,0
300 | 10.000000521540642 | 136.2425537109375,197.4627685546875,0.23129314184188843 | -0.013567043468356133,-5.01436710357666,0.008957513608038425 | 180.2 | 0.004268867429345846,0.0016111399745568633,0.554271399974823 | -0.23578990995883942,-0.2174234241247177,-0.18001589179039001 | 0,0
310 | 10.333333872258663 | 136.40072631835938,195.65521240234375,0.2305724322795868 | 1.4994574785232544,-4.661312103271484,-0.0013403184711933136 | 162.2 | 0.05068683624267578,-0.2098741978406906,37.98992919921875 | 6.797486305236816,2.953977346420288,0.03313656151294708 | 0,0
320 | 10.666667222976685 | 136.9423065185547,194.32801818847656,0.23067431151866913 | 2.456862211227417,-4.285487651824951,0.0005358565249480307 | 150.2 | -0.05439525470137596,0.12348737567663193,37.17079162597656 | 0.23656366765499115,-0.7514905333518982,-0.0011402146192267537 | 0,0
330 | 11.000000573694706 | 137.85836791992188,193.0082550048828,0.23079505562782288 | 3.6548914909362793,-3.2677929401397705,0.0001363908377243206 | 131.8 | 0.052336398512125015,-0.05434301495552063,49.78394317626953 | 3.5911128520965576,4.126624584197998,-0.0007197133963927627 | 0,0
340 | 11.333333924412727 | 139.12876892089844,192.05409240722656,0.23082709312438965 | 4.505438327789307,-2.0469205379486084,1.9642417100840248e-05 | 114.4 | -0.00443711644038558,0.0038972338661551476,51.37458419799805 | 2.03232741355896,3.925359010696411,-0.0002688912791199982 | 0,0
350 | 11.666667275130749 | 140.79798889160156,191.48117065429688,0.23083002865314484 | 4.973483085632324,-0.4842115640640259,1.7544682577863568e-06 | 95.6 | 0.0010395442368462682,0.0001562577672302723,51.83647155761719 | 0.6116008162498474,4.466392517089844,-7.094154716469347e-05 | 0,0
360 | 12.00000062584877 | 142.44140625,191.3792724609375,0.23136427998542786 | 5.137413024902344,0.027839476242661476,0.008959801867604256 | 89.7 | -0.2686010003089905,0.004781894851475954,26.114879608154297 | 0.5647229552268982,-2.0245656967163086,-0.1800667941570282 | 0,0
370 | 12.333333976566792 | 143.97679138183594,191.3153839111328,0.23148837685585022 | 5.099984169006348,-0.08249927312135696,-0.0011520182015374303 | 90.9 | 0.03985486924648285,-5.66710987186525e-05,10.596869468688965 | -0.2263784259557724,2.0559303760528564,0.0014829052379354835 | 0,0
380 | 12.666667327284813 | 145.67002868652344,191.2920684814453,0.23126132786273956 | 5.08404016494751,0.03149355575442314,-0.0003083478077314794 | 89.6 | -0.004031680058687925,-0.0028732577338814735,7.238882541656494 | 0.024003980681300163,0.21774634718894958,0.0016007617814466357 | 0,0
390 | 13.000000678002834 | 147.5359649658203,191.30816650390625,0.23120371997356415 | 5.100807189941406,0.11237331479787827,-5.0383754569338635e-05 | 88.7 | 0.0031358557753264904,-0.0013468971010297537,5.1385908126831055 | 0.04886626824736595,0.3187570571899414,0.00018765180720947683 | 0,0
400 | 13.333334028720856 | 149.0682830810547,191.34120178222656,0.23119384050369263 | 5.116951942443848,0.14232338964939117,-9.973770829674322e-06 | 88.4 | -0.0034717710223048925,-0.0005183052853681147,3.738647222518921 | 0.0524139367043972,0.025279371067881584,6.0643582401098683e-05 | 0,0
410 | 13.666667379438877 | 150.77618408203125,191.38986206054688,0.2311915159225464 | 5.1315598487854,0.16665303707122803,-2.974967856061994e-06 | 88.1 | 0.0010913981823250651,-6.922036845935509e-05,2.9332144260406494 | 0.0382232628762722,0.09178563207387924,-7.4374174801050685e-06 | 0,0
420 | 14.000000730156898 | 152.66000366210938,191.45196533203125,0.23119120299816132 | 5.144554138183594,0.18332979083061218,-1.1251480600549257e-06 | 88.0 | 0.0030242986977100372,2.5338626073789783e-05,2.471282720565796 | 0.031142232939600945,0.07439418882131577,-6.865307113912422e-06 | 0,0
430 | 14.33333408087492 | 154.20462036132812,191.50721740722656,0.2311912477016449 | 5.153773307800293,0.19354206323623657,-8.200231604860164e-07 | 87.8 | 0.0024078458081930876,-2.4638642571517266e-05,2.288318634033203 | 0.029582975432276726,0.033983584493398666,6.865312570880633e-06 | 0,0
440 | 14.666667431592941 | 156.09605407714844,191.5797576904297,0.2311912477016449 | 5.164112567901611,0.2066839039325714,8.96304470643372e-07 | 87.7 | 0.001825740677304566,-0.0001047887999447994,2.1898694038391113 | 0.028095243498682976,0.01631900481879711,-1.1442181858001277e-05 | 0,0
450 | 15.000000782310963 | 157.4866485595703,191.6320343017578,0.23054878413677216 | 3.2650773525238037,0.12288881093263626,-0.002908469643443823 | 87.8 | -0.0010083486558869481,0.2098553478717804,0.3759170174598694 | -12.991904258728027,-0.4681274890899658,0.06638841331005096 | 0,0
460 | 15.333334133028984 | 157.93174743652344,191.6483612060547,0.23092032968997955 | 0.5214853882789612,0.01875612512230873,0.0009120946051552892 | 0 | 0.0029178622644394636,-0.13127367198467255,-0.0937827080488205 | -0.006646513473242521,-0.0036315431352704763,-0.002413160167634487 | 0,0
470 | 15.666667483747005 | 158.14366149902344,191.655517578125,0.23074676096439362 | 0.9054915308952332,0.033314354717731476,0.00021770663443021476 | 0 | 0.0007659770199097693,-0.11083643138408661,-0.10911335796117783 | 3.569889545440674,0.13309623301029205,-0.0012357552768662572 | 0,0
480 | 16.000000834465027 | 158.58848571777344,191.67214965820312,0.23062346875667572 | 1.7149773836135864,0.058724772185087204,3.327768718008883e-05 | 88.0 | -0.001384409493766725,-0.025167344138026237,-0.8252178430557251 | 2.4045286178588867,0.056296881288290024,-0.00027060764841735363 | 0,0
490 | 16.33333418518305 | 159.3040313720703,191.6964569091797,0.23059874773025513 | 2.511228322982788,0.07397506386041641,4.386170530779054e-06 | 88.3 | -0.0017311463598161936,0.00013465237861964852,-0.7356998324394226 | 2.1488068103790283,-0.007754489313811064,-2.1740150259574875e-05 | 0,0
500 | 16.66666753590107 | 160.259033203125,191.72427368164062,0.2306130975484848 | 3.1088600158691406,0.07422575354576111,2.5363508484588237e-06 | 88.6 | -0.000842274515889585,0.023049797862768173,-0.9226053357124329 | 0.0791931077837944,-0.060750242322683334,5.8927245845552534e-05 | 0,0
510 | 17.00000088661909 | 161.1268768310547,191.74403381347656,0.2308402955532074 | 1.8064979314804077,0.03082319349050522,-1.0107263506142772e-06 | 89.0 | -0.0003530030371621251,0.004126364830881357,-0.6643896698951721 | -0.02660035900771618,-0.08692088723182678,-8.58163766679354e-05 | 0,0
520 | 17.333334237337112 | 161.66786193847656,191.75418090820312,0.23076742887496948 | 1.7994818687438965,0.026549333706498146,-6.865310524517554e-07 | 89.2 | 0.0008854139596223831,-0.028880823403596878,-0.6103786826133728 | -0.023703573271632195,0.03267936035990715,1.659116787777748e-05 | 0,0
530 | 17.666667588055134 | 162.23316955566406,191.76272583007812,0.23075832426548004 | 1.5505170822143555,0.015758421272039413,5.911795142310439e-07 | 89.4 | -0.001293740700930357,-0.0009816520614549518,-0.5865032076835632 | -0.006802081596106291,-0.07249049097299576,8.009527846297715e-06 | 0,0
540 | 18.000000938773155 | 162.84169006347656,191.77005004882812,0.230662003159523 | 2.216540575027466,0.018024256452918053,-1.220499711962475e-06 | 89.5 | -0.0008062270353548229,-0.04729897156357765,-0.7869941592216492 | 2.714681386947632,0.05965534225106239,-3.318233575555496e-05 | 0,0
550 | 18.333334289491177 | 163.72059631347656,191.77708435058594,0.23060745000839233 | 2.9909214973449707,0.010269415564835072,-5.7210922221884175e-08 | 89.8 | -0.000249528035055846,-0.004416670650243759,-0.9816498756408691 | 2.157897710800171,-0.025301024317741394,5.721091383747989e-06 | 0,0
560 | 18.666667640209198 | 164.6859588623047,191.78005981445312,0.23074820637702942 | 2.3468849658966064,0.0007744338363409042,2.0977338408556534e-06 | 90.0 | 0.007286010310053825,0.10567645728588104,-0.4118499159812927 | -4.947802543640137,0.08392450958490372,1.716328006295953e-05 | 0,0
570 | 19.00000099092722 | 165.0807647705078,191.7800750732422,0.23101496696472168 | 1.4859344901196891e-06,-2.494170439604204e-05,-1.3349215350899613e-06 | 0 | 0.0030051700305193663,0.03684976324439049,-9.36942160478793e-06 | -0.09101147204637527,-0.006899312604218721,-1.4302730050985701e-05 | 0,0
580 | 19.33333434164524 | 165.08091735839844,191.7800750732422,0.23082560300827026 | 0.0,0.0,0.0 | 0 | 0.0,0.0,0.0 | 0.000187519850442186,-0.0004613591299857944,-9.725856216391549e-06 | 0,0
590 | 19.666667692363262 | 165.08099365234375,191.7800750732422,0.23075450956821442 | -2.0862325982307084e-06,-4.4856420799987973e-07,-8.200231604860164e-07 | 0 | -0.0007460591150447726,-0.02163439430296421,3.8048808619350893e-06 | 7.786192327330355e-06,7.521193765569478e-07,-1.887960206659045e-05 | 0,0
600 | 20.000001043081284 | 165.0810089111328,191.7800750732422,0.23073093593120575 | -5.893803631806804e-07,-1.0198600364219601e-07,3.623358395543619e-07 | 0 | -0.00025661749532446265,-0.005966937635093927,1.016701048683899e-06 | 1.6742847037676256e-06,-1.4559189764895564e-07,8.581638212490361e-06 | 0,0
610 | 20.333334393799305 | 165.0810089111328,191.7800750732422,0.2307235300540924 | -1.4760372835098678e-07,-5.140545056292467e-08,4.767576911035576e-07 | 0 | -3.310859392513521e-05,-0.001441724132746458,2.3158297324243904e-07 | -1.4749161003635436e-08,-1.56182284172246e-06,1.830749533837661e-05 | 0,0
620 | 20.666667744517326 | 165.0810089111328,191.7800750732422,0.2307213544845581 | -3.276465676549378e-08,4.2745696759993734e-08,-1.9070306223056832e-07 | 0 | -6.742631376255304e-05,-0.0003000631695613265,4.187170077329938e-08 | -1.5104535577847855e-07,-2.2148787692799488e-08,-5.721089451071748e-07 | 0,0
630 | 21.000001095235348 | 165.0810089111328,191.7800750732422,0.2307213544845581 | 0.0,0.0,0.0 | 0 | 0.0,0.0,0.0 | 2.9490306019397394e-07,-8.863329270525355e-08,-1.7163275742859696e-06 | 0,0
640 | 21.33333444595337 | 165.0810089111328,191.7800750732422,0.2307213544845581 | -4.971423717137213e-09,2.8672197949219935e-09,-2.8605461466213455e-07 | 0 | -5.568876440520398e-05,-5.01510439789854e-05,8.262643902412492e-09 | -1.6141699532568055e-08,-7.306167049137002e-07,-1.0297964763594791e-05 | 0,0
650 | 21.66666779667139 | 165.0810089111328,191.7800750732422,0.2307213544845581 | -3.6827166316477644e-10,3.3195124427010114e-09,4.767576911035576e-07 | 0 | 1.1827734851976857e-05,-2.127068000845611e-06,-3.4502992130036603e-10 | -2.6107530026742154e-10,4.239712225739822e-08,-1.0870075129787438e-05 | 0,0
660 | 22.000001147389412 | 165.0810089111328,191.7800750732422,0.2307213544845581 | -9.104904608037145e-10,2.1179629161593994e-09,-1.907030799941367e-08 | 0 | 6.362634849210735e-06,-8.108202564471867e-06,7.096642162807143e-10 | -1.0880125245193994e-07,-1.4723620722634223e-07,4.576873379846802e-06 | 0,0
670 | 22.333334498107433 | 165.0810089111328,191.7800750732422,0.2307213544845581 | -1.1422415097106509e-10,5.964113647394242e-10,0.0 | 0 | 1.9820622583210934e-06,-8.880841164682352e-07,7.959093800691264e-11 | -1.9174635212948488e-09,2.122451192576591e-08,0.0 | 0,0
680 | 22.666667848825455 | 165.0810089111328,191.7800750732422,0.2307213544845581 | -3.429216632877541e-10,-4.1008668461017805e-08,-7.628123199765469e-08 | 0 | 3.977608230343321e-06,-4.618832463165745e-06,2.0359205432640692e-09 | 2.0150454638212523e-09,-1.3796648090647068e-06,-5.721092293242691e-07 | 0,0
690 | 23.000001199543476 | 165.0810089111328,191.7800750732422,0.2307213544845581 | -1.1330553856270242e-10,2.569770174432051e-09,-1.907030799941367e-08 | 0 | 3.1793629204912577e-06,-1.1516018503243686e-06,2.1366876323813955e-10 | 1.1614655903713356e-09,7.792632650271969e-10,-5.721092293242691e-07 | 0,0
700 | 23.333334550261497 | 165.0810089111328,191.7800750732422,0.2307213544845581 | 2.25984786439426e-11,-1.0588045995518769e-09,-1.907030799941367e-08 | 0 | -1.3293956726556644e-06,2.628729873777047e-07,-6.583437961449334e-11 | -7.704826776588902e-10,1.160942897371342e-08,0.0 | 0,0
710 | 23.66666790097952 | 165.0810089111328,191.7800750732422,0.2307213544845581 | -8.450760230482857e-11,8.924770367180201e-10,0.0 | 0 | 2.0530380879790755e-06,-7.082067554620153e-07,7.589688599818345e-11 | -4.247285578795612e-10,6.600175339599446e-08,0.0 | 0,0
720 | 24.00000125169754 | 165.0810089111328,191.7800750732422,0.2307213544845581 | 8.116819022463417e-11,-8.385461214288625e-10,-1.907030799941367e-08 | 0 | -2.7884411792911123e-06,6.14876626059413e-07,-4.8943737951390176e-11 | 1.3907969220738892e-09,-2.984432967423345e-08,0.0 | 0,0
730 | 24.33333460241556 | 165.0810089111328,191.7800750732422,0.2307213544845581 | -9.213865087565054e-11,4.101134709610932e-10,-1.907030799941367e-08 | 0 | 1.183513404612313e-06,-8.021814323910803e-07,1.0272523109922105e-10 | -7.704824001031341e-10,1.1611693828683656e-08,0.0 | 0,0
740 | 24.666667953133583 | 165.0810089111328,191.7800750732422,0.2307213544845581 | -1.5522921836819137e-10,2.7012749814758763e-09,0.0 | 0 | 4.4394928409019485e-06,-1.4746503893547924e-06,2.4811028231930266e-10 | 9.60241774983217e-10,7.05813363310881e-09,0.0 | 0,0
750 | 25.000001303851604 | 165.0810089111328,191.7800750732422,0.2307213544845581 | -1.1658567167227574e-10,2.0817154666730175e-09,0.0 | 0 | 3.3793915008573094e-06,-1.1207081342945457e-06,1.9238724502379512e-10 | 9.60241774983217e-10,7.056924378190388e-09,0.0 | 0,0
760 | 25.333334654569626 | 165.0810089111328,191.7800750732422,0.2307213544845581 | 7.822086728337396e-11,-2.2167698787711743e-09,-1.907030799941367e-08 | 0 | -3.3206224543391727e-06,7.619216262355621e-07,-1.418261064145554e-10 | -1.1653383813481355e-09,-3.3898880924532193e-10,0.0 | 0,0
770 | 25.666668005287647 | 165.0810089111328,191.7800750732422,0.2307213544845581 | -4.586276497464681e-11,2.987164127166153e-10,0.0 | 0 | 9.929709676725906e-07,-3.542649551491195e-07,3.0880489138018774e-11 | -7.739250906801942e-10,1.0630856195348315e-08,0.0 | 0,0
780 | 26.00000135600567 | 165.0810089111328,191.7800750732422,0.2307213544845581 | 2.251989610416172e-12,-6.619728376566769e-11,-1.907030799941367e-08 | 0 | -1.4697665164931095e-06,-1.268063698489641e-07,6.953412845511764e-11 | 1.3859300374008399e-09,-3.2594080323633534e-08,0.0 | 0,0
790 | 26.33333470672369 | 165.0810089111328,191.7800750732422,0.2307213544845581 | -8.2955337044055e-11,4.1113151771909884e-10,-3.814061599882734e-08 | 0 | 1.185454493679572e-06,-7.124069725250592e-07,8.822933356134044e-11 | -7.704825666365878e-10,1.1611692940505236e-08,0.0 | 0,0
800 | 26.66666805744171 | 165.0810089111328,191.7800750732422,0.2307213544845581 | 1.913648572937632e-09,5.33837551941474e-09,2.0977338976990723e-07 | 0 | -2.2158530555316247e-05,1.1053723028453533e-05,7.094902443327555e-11 | 5.946855452521049e-08,1.1728143078926223e-07,6.293201295193285e-06 | 0,0
810 | 27.000001408159733 | 165.0810089111328,191.7800750732422,0.2307213544845581 | -1.1006962008508481e-10,1.2658998294057255e-09,0.0 | 0 | 2.6485759008210152e-06,-9.447061302125803e-07,1.2378305325189132e-10 | -7.704821780585291e-10,1.1611668959687904e-08,0.0 | 0,0
820 | 27.333334758877754 | 165.0810089111328,191.7800750732422,0.2307213544845581 | -4.5862761505199856e-11,2.987164127166153e-10,0.0 | 0 | 9.929709676725906e-07,-3.542649551491195e-07,3.0879798718075335e-11 | -7.73925035169043e-10,1.0630856195348315e-08,0.0 | 0,0
830 | 27.666668109595776 | 165.0810089111328,191.7800750732422,0.2307213544845581 | 9.001259806962203e-12,3.823080740872342e-10,0.0 | 0 | 1.1380602700228337e-06,1.8505454590922454e-07,-5.654534479537787e-11 | -7.70483343792705e-10,1.1592799609161375e-08,0.0 | 0,0
840 | 28.000001460313797 | 165.0810089111328,191.7800750732422,0.2307213544845581 | -3.110428234420759e-11,8.267440065878873e-10,-1.907030799941367e-08 | 0 | 5.880972508975901e-08,-4.1863654587359633e-07,1.1454612952599419e-10 | 1.3858797442978243e-09,-3.231819789561996e-08,0.0 | 0,0
850 | 28.33333481103182 | 165.0810089111328,191.7800750732422,0.2307213544845581 | -2.701799894921919e-11,1.4438469864153092e-10,-1.907030799941367e-08 | 0 | 7.298810942302225e-07,-1.7599914770016767e-07,2.26323777427484e-12 | -7.704821780585291e-10,1.161141227612461e-08,0.0 | 0,0
860 | 28.66666816174984 | 165.0810089111328,191.7800750732422,0.2307213544845581 | 1.24864669385355e-12,-8.578909804768386e-11,0.0 | 0 | 3.3524702303111553e-07,9.139455414697295e-08,-4.009356041612122e-11 | -7.768939935814956e-10,1.0240980508058328e-08,0.0 | 0,0
870 | 29.00000151246786 | 165.0810089111328,191.7800750732422,0.2307213544845581 | 8.116815553016465e-11,-8.38546232451165e-10,-1.907030799941367e-08 | 0 | -2.7884411792911123e-06,6.14876626059413e-07,-4.893156366203577e-11 | 1.3907962559400744e-09,-2.984433322694713e-08,0.0 | 0,0
880 | 29.333334863185883 | 165.0810089111328,191.7800750732422,0.2307213544845581 | 0.0,0.0,0.0 | 0 | 0.0,0.0,0.0 | 4.411325082998019e-09,-3.943355508795321e-08,5.721092293242691e-07 | 0,0
890 | 29.666668213903904 | 165.0810089111328,191.7800750732422,0.2307213544845581 | 6.570172877973235e-11,-1.4396385195070138e-09,-1.907030799941367e-08 | 0 | -2.657843424458406e-06,5.25746145285666e-07,-6.302771499155924e-11 | 5.634301913914896e-10,-6.979919753291597e-09,0.0 | 0,0
900 | 30.000001564621925 | 165.0810089111328,191.7800750732422,0.2307213544845581 | 2.2151851533647182e-11,-1.19105433848965e-10,-1.907030799941367e-08 | 0 | -5.304285650709062e-07,1.4704779971452808e-07,9.197335601451861e-12 | 7.981035277104809e-10,-3.4258711423262866e-08,0.0 | 0,0
910 | 30.333334915339947 | 165.0810089111328,191.7800750732422,0.2307213544845581 | -8.465624729003807e-11,7.019747561010092e-10,0.0 | 0 | 2.052771606031456e-06,-7.082079491738114e-07,1.709525750126506e-11 | 2.0200447536922184e-08,4.7479878162448585e-07,0.0 | 0,0
920 | 30.666668266057968 | 165.0810089111328,191.7800750732422,0.2307213544845581 | -4.5862740688518144e-11,2.9871649598334216e-10,0.0 | 0 | 9.929709676725906e-07,-3.542649551491195e-07,3.087670397139419e-11 | -7.739247576132868e-10,1.0630857971705154e-08,0.0 | 0,0
930 | 31.00000161677599 | 165.0810089111328,191.7800750732422,0.2307213544845581 | -1.0036515368794241e-10,-1.5058401192646897e-09,-1.907030799941367e-08 | 0 | 1.0481339813850354e-06,-7.729092885710998e-07,-2.8513799654739103e-10 | -5.925080870383681e-08,-1.7619635173105053e-07,-6.293200840445934e-06 | 0,0
940 | 31.33333496749401 | 165.0810089111328,191.7800750732422,0.2307213544845581 | 1.8632047293909437e-11,-4.152883592567491e-10,-1.907030799941367e-08 | 0 | -2.067196874122601e-06,1.9918052984735368e-08,4.665244926482792e-11 | 1.3859291492224202e-09,-3.2593867160812806e-08,0.0 | 0,0
950 | 31.666668318212032 | 165.0810089111328,191.7800750732422,0.2307213544845581 | 4.180935458952817e-11,1.5054303290074067e-11,-1.907030799941367e-08 | 0 | -1.3278979622555198e-06,2.6287705168215325e-07,6.015844940254755e-12 | 1.3878286297952513e-09,-3.023392025625071e-08,0.0 | 0,0
960 | 32.000001668930054 | 165.0810089111328,191.7800750732422,0.2307213544845581 | -8.465625422893197e-11,7.019747561010092e-10,0.0 | 0 | 2.052771606031456e-06,-7.082079491738114e-07,1.7097616725192388e-11 | 2.0200452865992702e-08,4.74798724781067e-07,0.0 | 0,0
970 | 32.333335019648075 | 165.0810089111328,191.7800750732422,0.2307213544845581 | -7.154549869214932e-11,6.853222433989004e-10,0.0 | 0 | 1.6552118040635833e-06,-5.904414024371363e-07,6.79238332246257e-11 | -7.704825666365878e-10,1.1598171312243721e-08,0.0 | 0,0
980 | 32.6666683703661 | 165.0810089111328,191.7800750732422,0.2307213544845581 | 0.0,0.0,0.0 | 0 | 0.0,0.0,0.0 | 1.7076763336731915e-09,-1.4635990197575666e-08,5.721092293242691e-07 | 0,0
990 | 33.00000172108412 | 165.0810089111328,191.7800750732422,0.2307213544845581 | -1.2386519587792577e-10,1.7712381561452162e-09,0.0 | 0 | 3.513620185913169e-06,-1.0602084330457728e-06,1.4126746994413963e-10 | -7.704811233466557e-10,1.161183060816029e-08,0.0 | 0,0
1000 | 33.33333507180214 | 165.0810089111328,191.7800750732422,0.2307213544845581 | 2.2171797817854833e-12,-1.2782899183605423e-09,-1.907030799941367e-08 | 0 | -1.8009993709711125e-06,5.1131731737541486e-08,-1.7386625125737076e-11 | -6.725275891739102e-10,-2.707910695676219e-08,0.0 | 0,0
1010 | 33.66666842252016 | 165.0810089111328,191.7800750732422,0.2307213544845581 | -3.2660808085838156e-11,-1.6153273163510562e-09,0.0 | 0 | 8.621004212727712e-07,-1.1551058776149148e-07,-3.9097561299605843e-10 | -5.925080870383681e-08,-1.7619849757011252e-07,-6.293201295193285e-06 | 0,0
1020 | 34.00000177323818 | 165.0810089111328,191.7800750732422,0.2307213544845581 | -4.5862726810730337e-11,2.987163572054641e-10,0.0 | 0 | 9.929709676725906e-07,-3.542649551491195e-07,3.087278002689153e-11 | -7.739243690352282e-10,1.0630854418991476e-08,0.0 | 0,0
1030 | 34.3333351239562 | 165.0810089111328,191.7800750732422,0.2307213544845581 | -8.151499614195146e-11,1.2891671063997023e-09,-1.907030799941367e-08 | 0 | 8.493790915053978e-07,-8.935705295698426e-07,1.901998419873152e-10 | 1.3859257075310438e-09,-3.2563125529350145e-08,0.0 | 0,0
1040 | 34.666668474674225 | 165.0810089111328,191.7800750732422,0.2307213544845581 | -5.788192191172326e-13,-1.4902449274600826e-09,-1.907030799941367e-08 | 0 | -2.068691173917614e-06,1.99132212941322e-08,-2.5633125830260006e-11 | -7.70481178857807e-10,1.1611634320729536e-08,0.0 | 0,0
1050 | 35.000001825392246 | 165.0810089111328,191.7800750732422,0.2307213544845581 | -1.742764821344167e-10,2.2335413518703717e-09,0.0 | 0 | 4.30418231189833e-06,-1.5351472484326223e-06,2.1688047191492643e-10 | -7.704824001031341e-10,1.1611704486824692e-08,0.0 | 0,0
1060 | 35.33333517611027 | 165.0810089111328,191.7800750732422,0.2307213544845581 | -1.7274134345157677e-09,-7.444216354457467e-09,-2.288436888875367e-07 | 0 | 1.8055885448120534e-05,-9.45775263971882e-06,-2.7839155980480257e-10 | -5.8538589087220316e-08,-1.4209703635970072e-07,-6.293200840445934e-06 | 0,0
1070 | 35.66666852682829 | 165.0810089111328,191.7800750732422,0.2307213544845581 | 1.254738535294564e-10,-5.959014393042139e-10,0.0 | 0 | -1.9801248072326416e-06,9.778613048183615e-07,-8.856868016771102e-11 | 2.1022779073121e-09,-2.12059365622963e-08,0.0 | 0,0
1080 | 36.00000187754631 | 165.0810089111328,191.7800750732422,0.2307213544845581 | -7.549961211772427e-10,6.581682754358553e-09,-2.6698430133365036e-07 | 0 | 1.466122739657294e-05,-6.990806923568016e-06,6.618796621893352e-10 | -3.72254262970273e-08,2.95433721930749e-07,-6.293200840445934e-06 | 0,0
1090 | 36.33333522826433 | 165.0810089111328,191.7800750732422,0.2307213544845581 | 4.5110409852000544e-10,-2.921973329961247e-09,-5.7210922221884175e-08 | 0 | -8.585534487792756e-06,4.0279423956235405e-06,-2.2267687693755533e-10 | 5.991445561903674e-08,1.7241092109543388e-07,5.721091383747989e-06 | 0,0
1100 | 36.66666857898235 | 165.0810089111328,191.7800750732422,0.2307213544845581 | 1.1579154302054917e-09,1.1127351484674364e-08,-1.907030799941367e-08 | 0 | -8.63143395690713e-06,4.087344677827787e-06,7.047782912827927e-10 | 2.1625153223681082e-08,4.5644861756954924e-07,0.0 | 0,0
1110 | 37.000001929700375 | 165.0810089111328,191.7800750732422,0.2307213544845581 | -1.7433600119076686e-09,-6.241692496189444e-09,-2.0977338976990723e-07 | 0 | 2.012226832448505e-05,-9.567439519742038e-06,-2.6496085880900466e-10 | -5.814477077592528e-08,-1.3266154041957634e-07,-6.293201295193285e-06 | 0,0
1120 | 37.333335280418396 | 165.0810089111328,191.7800750732422,0.2307213544845581 | 1.254738535294564e-10,-5.959014393042139e-10,0.0 | 0 | -1.9801248072326416e-06,9.778613048183615e-07,-8.856979732962955e-11 | 2.1022779073121e-09,-2.12059365622963e-08,0.0 | 0,0
1130 | 37.66666863113642 | 165.0810089111328,191.7800750732422,0.2307213544845581 | 0.0,0.0,0.0 | 0 | 0.0,0.0,0.0 | 2.0747847884194925e-08,-1.8347662944506737e-07,6.865310297143878e-06 | 0,0
1140 | 38.00000198185444 | 165.0810089111328,191.7800750732422,0.2307213544845581 | 1.1736973615228408e-09,1.0991329624232549e-08,-5.7210922221884175e-08 | 0 | -8.895143764675595e-06,4.235684627929004e-06,6.888111192537849e-10 | 2.1677797334973548e-08,4.173990362232871e-07,0.0 | 0,0
1150 | 38.33333533257246 | 165.0810089111328,191.7800750732422,0.2307213544845581 | 4.370769857153789e-10,-4.087603144853347e-09,-1.907030799941367e-08 | 0 | -8.323631845996715e-06,3.879591986333253e-06,-4.787825136354229e-10 | -1.887874212513907e-08,-4.865344180871034e-07,0.0 | 0,0
1160 | 38.66666868329048 | 165.0810089111328,191.7800750732422,0.2307213544845581 | -1.7433600119076686e-09,-6.241692496189444e-09,-2.0977338976990723e-07 | 0 | 2.012226832448505e-05,-9.567439519742038e-06,-2.6494417770805967e-10 | -5.814477077592528e-08,-1.3266154041957634e-07,-6.293201295193285e-06 | 0,0
1170 | 39.0000020340085 | 165.0810089111328,191.7800750732422,0.2307213544845581 | 1.254738674072442e-10,-5.959014393042139e-10,0.0 | 0 | -1.9801248072326416e-06,9.778613048183615e-07,-8.857081734703343e-11 | 2.1022779073121e-09,-2.12059365622963e-08,0.0 | 0,0
1180 | 39.333335384726524 | 165.0810089111328,191.7800750732422,0.2307213544845581 | -1.5217630489061662e-09,-8.336800583208515e-09,-2.288436888875367e-07 | 0 | 1.616335430298932e-05,-7.492004897358129e-06,-5.240265443795522e-10 | -7.95029464484287e-08,-6.042569680175802e-07,-6.293200840445934e-06 | 0,0
1190 | 39.666668735444546 | 165.0810089111328,191.7800750732422,0.2307213544845581 | 1.071442712330395e-09,1.2361337731192634e-08,-1.907030799941367e-08 | 0 | -6.51316895527998e-06,3.289684173068963e-06,8.293788988922302e-10 | 2.2018985745830832e-08,4.652844154406921e-07,0.0 | 0,0
1200 | 40.00000208616257 | 165.0810089111328,191.7800750732422,0.2307213544845581 | -1.6610240960446276e-09,-7.128993395610905e-09,-2.288436888875367e-07 | 0 | 1.8604030628921464e-05,-8.796794645604677e-06,-3.871454545834041e-10 | -5.814480630306207e-08,-1.33409429281528e-07,-6.293200840445934e-06 | 0,0
1210 | 40.33333543688059 | 165.0810089111328,191.7800750732422,0.2307213544845581 | 2.9962982095455004e-10,-7.728954143360056e-10,-1.907030799941367e-08 | 0 | -5.5485297707491554e-06,2.4866487819963368e-06,6.851456207934703e-11 | 6.098991889302852e-08,1.5128516395179759e-07,5.72109183849534e-06 | 0,0
1220 | 40.66666878759861 | 165.0810089111328,191.7800750732422,0.2307213544845581 | 1.254738535294564e-10,-5.959013282819114e-10,0.0 | 0 | -1.9801248072326416e-06,9.778613048183615e-07,-8.856530786527372e-11 | 2.1022779073121e-09,-2.1205934785939462e-08,0.0 | 0,0
1230 | 41.00000213831663 | 165.0810089111328,191.7800750732422,0.2307213544845581 | 1.208778077632644e-09,1.0651684867468703e-08,-5.7210922221884175e-08 | 0 | -9.555379619996529e-06,4.5616388888447545e-06,6.480991854296292e-10 | 2.19561719916328e-08,3.987051400144992e-07,-5.721091724808502e-07 | 0,0
1240 | 41.33333548903465 | 165.0810089111328,191.7800750732422,0.2307213544845581 | -1.5522921836819137e-10,2.7012738712528517e-09,0.0 | 0 | 4.4394928409019485e-06,-1.4746503893547924e-06,2.481313210456193e-10 | 9.602426631616368e-10,7.0570411736525784e-09,0.0 | 0,0
1250 | 41.666668839752674 | 165.0810089111328,191.7800750732422,0.2307213544845581 | 1.0386039805965197e-09,1.208477318215273e-08,-1.907030799941367e-08 | 0 | -6.987468623265158e-06,2.9582347451651003e-06,8.834753484343594e-10 | 2.2018982193117154e-08,4.6528472807949584e-07,0.0 | 0,0
1260 | 42.000002190470695 | 165.0810089111328,191.7800750732422,0.2307213544845581 | -1.6938599411986388e-09,-7.401796064954169e-09,-2.0977338976990723e-07 | 0 | 1.8129740055883303e-05,-9.128244528255891e-06,-3.3179425873441915e-10 | -5.853858198179296e-08,-1.4148268689950783e-07,-6.293201295193285e-06 | 0,0
1270 | 42.33333554118872 | 165.08056640625,191.7800750732422,0.23072123527526855 | -0.006153748370707035,0.0003581794153433293,2.479139880051662e-07 | 0 | 0.0007452112040482461,0.00046040938468649983,0.01984468661248684 | 0.34053856134414673,0.009803494438529015,-1.716327460599132e-05 | 0,0
1280 | 42.66666889190674 | 165.10255432128906,191.78028869628906,0.2306949496269226 | 0.29691457748413086,-0.00021612706768792123,-1.4302730733106728e-06 | 0 | 0.00044060053187422454,-0.04326048120856285,0.15220029652118683 | 2.7678678035736084,0.018058063462376595,-6.293200385698583e-06 | 0,0
1290 | 43.00000224262476 | 165.42263793945312,191.7805938720703,0.23058967292308807 | 1.4709354639053345,-0.0081331143155694,-6.293201408880122e-07 | 90.3 | -0.0020321602933108807,-0.04245808348059654,-0.4602123498916626 | 4.672425746917725,-0.03779475390911102,-2.3456475901184604e-05 | 0,0
1300 | 43.33333559334278 | 166.00086975097656,191.77813720703125,0.2305876910686493 | 2.0833563804626465,-0.013918234035372734,-4.958279760103323e-07 | 90.4 | 0.003013040404766798,0.05088971182703972,-0.41567185521125793 | -0.02698659710586071,0.03408098220825195,-6.8653098423965275e-06 | 0,0
1310 | 43.6666689440608 | 166.69371032714844,191.7737579345703,0.2306901067495346 | 2.074204444885254,-0.016995063051581383,2.0786635559488786e-06 | 90.5 | 0.0017651277594268322,0.02156388759613037,-0.35736826062202454 | -0.026814935728907585,0.040964704006910324,6.922521424712613e-05 | 0,0
1320 | 44.000002294778824 | 167.50523376464844,191.7676544189453,0.23063361644744873 | 2.8246188163757324,-0.02885204553604126,-3.0512492799061874e-07 | 90.6 | -0.002727644518017769,-0.022831151261925697,-0.5164514780044556 | 2.2103402614593506,-0.13341407477855682,1.659116787777748e-05 | 0,0
1330 | 44.333335645496845 | 168.6864013671875,191.75624084472656,0.2306140810251236 | 3.5705883502960205,-0.04312920570373535,2.288436888875367e-07 | 90.7 | -0.002096417360007763,0.0003586133534554392,-0.505611002445221 | 1.95824134349823,-0.14085765182971954,-1.1442183449617005e-06 | 0,0
12470 | 415.6666883453727 | 135.76858520507812,224.95948791503906,0.23119735717773438 | 0.17498964071273804,-5.148599147796631,-1.603812961548101e-05 | 178.1 | -0.0009038682910613716,0.017924770712852478,1.5715842247009277 | -0.014880894683301449,-0.05258559808135033,0.00010812861728481948 | 0,0
12480 | 416.0000216960907 | 135.82640075683594,223.24118041992188,0.23119235038757324 | 0.2091829478740692,-5.162625789642334,-3.241952072130516e-06 | 177.7 | 0.00017362006474286318,-0.001796781551092863,0.0787251815199852 | 0.3068321645259857,-0.02936839871108532,2.0023824617965147e-05 | 0,0
12490 | 416.3333550468087 | 135.8876190185547,221.69065856933594,0.23119144141674042 | 0.22311770915985107,-5.173579692840576,-4.0047643778962083e-07 | 177.5 | 0.0002241333422716707,0.0005691981059499085,-0.7323804497718811 | 0.19147618114948273,-0.02765178494155407,1.830749533837661e-05 | 0,0
12500 | 416.66668839752674 | 135.96096801757812,219.96414184570312,0.23119112849235535 | 0.23048312962055206,-5.184284687042236,1.544694896438159e-06 | 177.5 | 0.00013165164273232222,0.003342167241498828,-1.2440292835235596 | 0.012809335254132748,-0.0312423687428236,8.238371810875833e-05 | 0,0
12510 | 417.00002174824476 | 136.0388641357422,218.2342529296875,0.23119144141674042 | 0.24442696571350098,-5.19383430480957,3.8140612446113664e-07 | 177.3 | 0.00011826877744169906,0.002872178563848138,-1.2968374490737915 | 0.03994479402899742,-0.027565954253077507,-5.148982381797396e-06 | 0,0
12520 | 417.3333550989628 | 136.12025451660156,216.50120544433594,0.23119105398654938 | 0.2462340146303177,-5.203141212463379,-1.163288743555313e-06 | 177.3 | -4.840777364734095e-06,0.005119347013533115,-1.610561490058899 | -0.033941563218832016,-0.028710363432765007,-7.723474118392915e-05 | 0,0
12530 | 417.6666884496808 | 136.19944763183594,214.7649383544922,0.23119036853313446 | 0.22404153645038605,-5.212860584259033,-4.1954677953981445e-07 | 177.5 | -5.995835454086773e-05,0.006003114394843578,-2.250053882598877 | -0.10730712860822678,-0.030226705595850945,-6.636467151110992e-05 | 0,0
12540 | 418.0000218003988 | 136.26882934570312,213.02517700195312,0.23118965327739716 | 0.17980554699897766,-5.2230753898620605,-3.0512492799061874e-07 | 178.0 | -1.2353974852885585e-05,0.006200870964676142,-2.917275905609131 | -0.23093684017658234,-0.03307342156767845,-5.1489828365447465e-06 | 0,0
12550 | 418.33335515111685 | 136.3225860595703,211.28204345703125,0.23118960857391357 | 0.12295713275671005,-5.220363616943359,-2.6698430133365036e-07 | 178.7 | 0.004162618424743414,0.00195870827883482,-3.626190662384033 | -0.0883861556649208,0.35516735911369324,2.9177568649174646e-05 | 1,6
12560 | 418.66668850183487 | 136.3441619873047,210.07948303222656,0.23069091141223907 | -0.0035855749156326056,-1.6153390407562256,0.0007219064864329994 | 180.1 | 0.15962180495262146,-0.011403058655560017,-0.9760746359825134 | 0.11565784364938736,12.723583221435547,0.012365568429231644 | 1,6
12570 | 419.0000218525529 | 136.34461975097656,209.98374938964844,0.23093146085739136 | 1.6437779777334072e-05,1.3870865586795844e-05,0.0005622879834845662 | 0 | -0.15687473118305206,0.0019542251247912645,-3.413588274270296e-05 | 0.00010389065573690459,-2.081669435938238e-06,-0.0024846717715263367 | 1,6
12580 | 419.3333552032709 | 136.3446044921875,209.98355102539062,0.23079058527946472 | -3.236958434627013e-07,4.200354396743933e-06,9.762090485310182e-05 | 0 | -0.0428418405354023,0.0005161999142728746,1.6282818251056597e-05 | -0.0001174818753497675,2.128217424512968e-08,0.00013673436478711665 | 1,6
12590 | 419.66668855398893 | 136.3446044921875,209.98348999023438,0.23073916137218475 | -4.532110686739088e-09,7.381466957667726e-07,1.4245519196265377e-05 | 0 | -0.006367076653987169,6.787267193431035e-05,1.7527479485579534e-06 | -1.359633188258158e-07,2.21443988266401e-05,0.00042736553587019444 | 0,0
12600 | 420.00002190470695 | 136.3447265625,209.9730224609375,0.23071306943893433 | 0.0007796603022143245,-0.1534012258052826,1.0355176527809817e-05 | 0 | -0.030097274109721184,0.0006575161824002862,0.22563299536705017 | -0.0030365432612597942,-2.917672872543335,-3.547078085830435e-05 | 0,0
12610 | 420.333355255425 | 136.34478759765625,209.81393432617188,0.23064963519573212 | 0.0021159551106393337,-0.7606860399246216,1.8879603658206179e-06 | 0 | -0.01714753545820713,0.0010653268545866013,0.251929372549057 | 0.014593674801290035,-2.2399322986602783,-8.009529665287118e-06 | 0,0
12620 | 420.666688606143 | 136.34750366210938,209.3982696533203,0.23059844970703125 | -0.0012680296786129475,-1.653834342956543,1.3349215066682518e-07 | 180.0 | -0.007398239336907864,0.0007307392661459744,-0.9960021376609802 | -0.018984830006957054,-2.4640378952026367,4.977349453838542e-05 | 0,0
12630 | 421.000021956861 | 136.348388671875,208.61729431152344,0.23059368133544922 | -0.013180694542825222,-2.5329484939575195,7.628123199765469e-08 | 180.3 | 0.00491262087598443,-0.0013665974838659167,-1.342994213104248 | 0.06559227406978607,-2.1384928226470947,-8.581638212490361e-06 | 0,0
12640 | 421.33335530757904 | 136.34475708007812,207.75921630859375,0.23060649633407593 | -0.03214900940656662,-3.1454598903656006,-5.721092293242691e-07 | 180.6 | 0.004625467583537102,-0.00042441775440238416,-1.4336025714874268 | 0.012494622729718685,-1.9972156286239624,-9.153747669188306e-06 | 0,0
12650 | 421.66668865829706 | 136.33372497558594,206.5985107421875,0.23061984777450562 | -0.055873505771160126,-3.707437038421631,-1.7163276311293885e-07 | 180.9 | 0.022367356345057487,-0.0003939197340514511,-1.2590056657791138 | -0.004720240365713835,0.060117240995168686,-6.007146293995902e-05 | 0,0
12660 | 422.0000220090151 | 136.31788635253906,205.36546325683594,0.2306935042142868 | -0.05857999250292778,-3.690613269805908,-1.0488669204278267e-06 | 180.9 | 0.01827658899128437,0.0009158977190963924,-0.7129780054092407 | -0.13110290467739105,0.05275725945830345,-7.437420663336525e-06 | 0,0
12670 | 422.3333553597331 | 136.2972412109375,204.0875701904297,0.23067127168178558 | -0.07455509155988693,-4.08769416809082,-4.0047643778962083e-07 | 181.0 | -0.02264942042529583,0.0012391895288601518,-0.6297019720077515 | -0.10105914622545242,-1.6284369230270386,2.1168038074392825e-05 | 0,0
12680 | 422.6666887104511 | 136.26820373535156,202.48304748535156,0.23064544796943665 | -0.09051618725061417,-4.623470783233643,-3.2419524131910293e-07 | 181.1 | -0.0004212563799228519,0.00033835979411378503,-0.3960267901420593 | -0.08662215620279312,-1.3115071058273315,2.34564740821952e-05 | 0,0
12690 | 423.00002206116915 | 136.24046325683594,201.0427703857422,0.23065628111362457 | -0.09837266802787781,-4.9372429847717285,-1.1442184444376835e-07 | 181.1 | 0.00777097325772047,-0.0002540000423323363,-0.2049485594034195 | -0.04240952059626579,-0.8411406874656677,1.1442184586485382e-06 | 0,0
12700 | 423.33335541188717 | 136.20736694335938,199.3572540283203,0.23155395686626434 | -0.10210035741329193,-5.141000747680664,-0.0010559611255303025 | 181.1 | 0.009062092751264572,-0.00018465524772182107,-0.16732114553451538 | -0.014906599186360836,-0.3651237189769745,-0.009065071120858192 | 0,0
12710 | 423.6666887626052 | 136.1707305908203,197.64418029785156,0.23127730190753937 | -0.14113231003284454,-5.1477203369140625,-0.0004960758960805833 | 181.6 | 0.005202536936849356,0.016680916771292686,-1.0433260202407837 | -0.5809237360954285,-0.16608236730098724,0.002389699686318636 | 0,0
12720 | 424.0000221133232 | 136.07884216308594,195.9167938232422,0.231190487742424 | -0.5442261099815369,-5.1840667724609375,-9.531339310342446e-05 | 186.0 | 0.006368383299559355,0.07769477367401123,-9.82817268371582 | -3.055100202560425,0.16439436376094818,0.0005446479772217572 | 0,0
12730 | 424.33335546404123 | 135.73484802246094,194.0354766845703,0.23116935789585114 | -1.6307276487350464,-4.957324504852295,-1.4302730050985701e-05 | 198.2 | 0.010097548365592957,0.016622552648186684,-27.152376174926758 | -2.486893892288208,0.7785128951072693,0.00011842662206618115 | 0,0
12740 | 424.66668881475925 | 135.17831420898438,192.5729217529297,0.2311733514070511 | -2.479902982711792,-4.6086955070495605,-5.206193691265071e-06 | 208.3 | 0.015522978268563747,0.029084522277116776,-31.514583587646484 | -4.000024318695068,2.146639585494995,-8.410003647441044e-05 | 0,0
12750 | 425.0000221654773 | 134.27825927734375,191.0784912109375,0.23117586970329285 | -3.3107597827911377,-4.084200859069824,-2.0786635559488786e-06 | 219.0 | 0.039543792605400085,0.05906306207180023,-32.522132873535156 | -3.974182367324829,3.368568181991577,-0.00010355176345910877 | 0,0
12760 | 425.3333555161953 | 133.0959930419922,189.79376220703125,0.23117919266223907 | -4.062674045562744,-3.365980863571167,-2.040522986135329e-06 | 230.4 | -0.019482238218188286,-0.02146225795149803,-32.67385482788086 | -1.978239893913269,2.1732399463653564,1.0870075129787438e-05 | 0,0
12770 | 425.6666888669133 | 131.66932678222656,188.7879180908203,0.2311820536851883 | -4.716909408569336,-2.360346555709839,1.659116833252483e-06 | 243.4 | -0.05626896396279335,-0.03961958363652229,-35.62641143798828 | -1.356754183769226,2.166173219680786,0.00010069122072309256 | 0,0
12780 | 426.00002221763134 | 130.05821228027344,188.09971618652344,0.23118244111537933 | -5.108863353729248,-1.4146665334701538,-1.353991819996736e-06 | 254.5 | -0.08967963606119156,-0.03582095727324486,-32.889339447021484 | -0.6580924391746521,1.2369273900985718,-5.263404455035925e-05 | 0,0
12790 | 426.33335556834936 | 128.3363800048828,187.6761932373047,0.23117972910404205 | -5.291452407836914,-0.784473717212677,5.911795142310439e-07 | 261.6 | -0.03248779848217964,-0.00658401008695364,-24.510986328125 | -0.4060649573802948,1.9388203620910645,-4.576873470796272e-05 | 0,0
12800 | 426.6666889190674 | 126.56251525878906,187.43112182617188,0.231180801987648 | -5.363976955413818,-0.43894335627555847,-1.0488669204278267e-06 | 265.3 | -0.06746570020914078,-0.009302191436290741,-15.281189918518066 | -0.1075887605547905,-0.16499964892864227,-7.437420663336525e-06 | 0,0
12810 | 427.0000222697854 | 124.5881576538086,187.3011016845703,0.23118320107460022 | -5.393406867980957,-0.1338297724723816,-1.2014294270557002e-06 | 268.6 | -0.028144920244812965,-0.0028461352922022343,-10.089179992675781 | -0.04411697015166283,0.3687688410282135,-2.0595931346178986e-05 | 0,0
12820 | 427.3333556205034 | 122.96662902832031,187.264404296875,0.23118652403354645 | -5.401449680328369,-0.020189065486192703,-2.0214527012285544e-06 | 269.8 | -0.016672303900122643,-0.0017971521010622382,-5.869749069213867 | -0.009641646407544613,0.5466668009757996,-5.034561036154628e-05 | 0,0
12830 | 427.66668897122145 | 120.9828109741211,187.2687225341797,0.2311881184577942 | -5.404125690460205,0.10221997648477554,-8.96304470643372e-07 | 271.1 | 0.0002906432200688869,-0.00144582474604249,-4.025270462036133 | 0.0004434585280250758,0.37978893518447876,3.203811138519086e-05 | 0,0
12840 | 428.00002232193947 | 119.35914611816406,187.2975311279297,0.23118938505649567 | -5.4066596031188965,0.14044663310050964,-1.1442184444376835e-07 | 271.5 | 0.0034149198327213526,-0.001487062661908567,-2.360863447189331 | 4.291534060030244e-05,0.38486701250076294,3.661499067675322e-05 | 0,0
12850 | 428.3333556726575 | 117.5544204711914,187.3443145751953,0.231190487742424 | -5.410028457641602,0.16630330681800842,2.8605461466213455e-07 | 271.8 | 0.004126043990254402,-0.0015710920561105013,-1.3000930547714233 | -0.0021171567495912313,0.33182498812675476,2.6317022275179625e-05 | 0,0
12860 | 428.6666890233755 | 115.74861145019531,187.39944458007812,0.2311909794807434 | -5.414306640625,0.17742471396923065,-5.721092293242691e-07 | 271.9 | -0.002694340655580163,-0.0013773002428933978,-0.6399739384651184 | -0.013775824569165707,0.019602475687861443,-1.0870074220292736e-05 | 0,0
12870 | 429.00002237409353 | 113.94147491455078,187.45887756347656,0.2311912477016449 | -5.4188737869262695,0.18585869669914246,2.212155550296302e-06 | 272.0 | -0.0011896202340722084,-0.0014199932338669896,-0.3654675781726837 | -0.014047621749341488,0.01780897192656994,5.663880438078195e-05 | 0,0
12880 | 429.33335572481155 | 112.13284301757812,187.5216827392578,0.23119120299816132 | -5.4234442710876465,0.19539839029312134,-7.05601394201949e-07 | 272.1 | -0.0005464798305183649,-0.0014645466580986977,-0.3043721914291382 | -0.013961791060864925,0.022165773436427116,-2.4600694814580493e-05 | 0,0
12890 | 429.6666890755296 | 110.3226547241211,187.5868682861328,0.2311914712190628 | -5.4285078048706055,0.196515291929245,-1.1251480600549257e-06 | 272.1 | -0.002457619411870837,-0.0013800958404317498,-0.0806509256362915 | -0.017251966521143913,-0.04200875386595726,-1.3730617865803652e-05 | 0,0
12900 | 430.0000224262476 | 108.5107421875,187.65118408203125,0.23119190335273743 | -5.434406757354736,0.18493448197841644,6.865310524517554e-07 | 271.9 | -0.0024403075221925974,-0.0013627860462293029,0.2841443717479706 | -0.019397733733057976,-0.07485239952802658,-2.4028584448387846e-05 | 0,0
12910 | 430.3333557769656 | 106.51538848876953,187.71458435058594,0.2311924248933792 | -5.441662311553955,0.14961498975753784,1.7163276879728073e-06 | 271.6 | -0.0013977368362247944,-0.0014693975681439042,0.8694289326667786 | -0.019397733733057976,-0.10489984601736069,5.4350373829947785e-05 | 0,0
12920 | 430.66668912768364 | 104.8809814453125,187.75575256347656,0.23119276762008667 | -5.447482585906982,0.11129740625619888,1.2967809652764117e-06 | 271.2 | -0.0002284701040480286,-0.0014853563625365496,1.1861202716827393 | -0.01879691891372204,-0.13018189370632172,5.949935439275578e-05 | 0,0
12930 | 431.00002247840166 | 103.06312561035156,187.78787231445312,0.23119311034679413 | -5.45353889465332,0.06583301723003387,-7.628123199765469e-08 | 270.7 | 0.0012468901695683599,-0.0015179971233010292,1.3476734161376953 | -0.017223356291651726,-0.11727332323789597,-4.233607978676446e-05 | 0,0
12940 | 431.3333558291197 | 101.06121063232422,187.80638122558594,0.23119308054447174 | -5.459665298461914,0.021863924339413643,7.05601394201949e-07 | 270.2 | 0.0025683408603072166,-0.001473950338549912,1.2351040840148926 | -0.016121862456202507,-0.0845046117901802,2.517280518077314e-05 | 0,0
12950 | 431.6666891798377 | 99.42156219482422,187.81068420410156,0.2311929613351822 | -5.464253902435303,-0.0076451716013252735,1.2395699968692497e-06 | 269.9 | 0.00023724915808998048,-0.0014716651057824492,1.09743332862854 | -0.0147056570276618,-0.1226012259721756,-2.002382097998634e-05 | 0,0
