Simulation Frame | Timestamp | Position | Velocity | Heading | Angular Velocity | Acceleration | Stopped at Red Light + Light ID 
6686 | 222.8666782900691 | 167.6035919189453,187.7209014892578,0.18407264351844788 | -5.016304969787598,0.09202978014945984,0.0029639070853590965 | 271.1 | -0.0879993736743927,0.07881656289100647,0.6886611580848694 | -0.15400885045528412,-0.1704503446817398,-0.05806164816021919 | 0,0
6726 | 224.2000116929412 | 160.9040985107422,187.77017211914062,0.18412230908870697 | -5.042909622192383,-0.005391232203692198,0.0008034892380237579 | 269.9 | 0.029158351942896843,0.11431161314249039,0.3749764561653137 | -0.3241252601146698,-0.006324005778878927,-0.015757033601403236 | 0,0
6766 | 225.53334509581327 | 154.34710693359375,187.73976135253906,0.18910613656044006 | -3.659367561340332,-0.048946674913167953,0.0004594418278429657 | 269.2 | 0.06284355372190475,-3.113354444503784,0.7779015898704529 | 7.349888801574707,0.41163399815559387,0.010688715614378452 | 1,7
6804 | 226.80001182854176 | 153.5978240966797,187.73077392578125,0.18406333029270172 | 0.0012623440707102418,1.9766606783377938e-05,-2.8281265258556232e-05 | 0 | -0.0038967877626419067,0.2445572316646576,-4.5527872316597495e-06 | -0.00900744367390871,-0.00010406088404124603,4.348035508883186e-05 | 1,7
6843 | 228.10001189634204 | 153.59764099121094,187.7307586669922,0.18375465273857117 | 1.5560547126369784e-06,1.683564363474943e-07,-1.0107263506142772e-06 | 0 | -3.418622145545669e-05,0.0003004981845151633,-9.50457312853814e-09 | -4.367658220871817e-06,1.4556807172994013e-06,-2.288439191033831e-06 | 1,7
6882 | 229.40001196414232 | 153.59762573242188,187.7307586669922,0.18375396728515625 | 4.618696536340394e-08,-6.613082970119422e-09,-5.721092293242691e-07 | 0 | 1.434163209523831e-06,8.916735168895684e-06,-9.108922505163264e-10 | 3.4307637974961835e-07,-4.8704183797099176e-08,-2.2884373720444273e-06 | 1,7
6921 | 230.7000120319426 | 153.59762573242188,187.7307586669922,0.18375396728515625 | -5.609583020316222e-09,5.992645490948689e-09,-8.581638439864037e-07 | 0 | -1.2277356518097804e-06,-1.0845790257008048e-06,2.82787043781596e-10 | 3.240149126781944e-08,1.653087906561268e-07,-2.2884373720444273e-06 | 1,7
6958 | 231.93334542959929 | 153.59762573242188,187.7307586669922,0.18375396728515625 | 6.129043939040457e-09,-4.3480938294315763e-10,-8.200231604860164e-07 | 0 | 2.1408007810919116e-08,1.1841044624816277e-06,-2.295240247862651e-10 | -7.435011895040589e-08,-1.5752698345750105e-07,-2.2884357804286992e-06 | 1,7
6997 | 233.23334549739957 | 153.59762573242188,187.7307586669922,0.18375396728515625 | -5.336854291826398e-10,1.8562340997618776e-08,-9.344450404569216e-07 | 0 | -3.974668743467191e-06,-1.076342996952917e-07,2.269267274090936e-10 | 3.239947332644988e-08,1.6529273239029862e-07,-2.2884357804286992e-06 | 1,7
7036 | 234.53334556519985 | 153.59762573242188,187.7307586669922,0.18375396728515625 | 2.6310376100013855e-10,2.290002409921499e-09,-9.535153111528416e-08 | 0 | -5.031386649534397e-07,5.040828909841366e-08,-2.984063343647314e-11 | 7.893111941825737e-09,6.870006785675287e-08,-2.8605456918739947e-06 | 1,7
7075 | 235.83334563300014 | 153.59762573242188,187.7307586669922,0.18375396728515625 | -2.5313756646383467e-10,-4.199779635172263e-09,-2.0977338976990723e-07 | 0 | 9.043249633577943e-07,-4.767070294064979e-08,-2.311997815418465e-11 | -1.6555322446265563e-08,-2.6879737546892102e-08,-2.2884369172970764e-06 | 1,7
7112 | 237.06667903065681 | 153.59762573242188,187.7307586669922,0.18375396728515625 | 5.276547532240272e-10,4.550806842473776e-09,-1.7163276311293885e-07 | 0 | -1.0071898941532709e-06,1.0079593693035349e-07,-3.540980356153689e-11 | -1.6533908464566593e-08,-3.870142606388072e-08,-2.2884369172970764e-06 | 1,7
7152 | 238.4000124335289 | 153.59762573242188,187.7307586669922,0.18375396728515625 | -8.517814231723264e-10,2.3185144915061073e-09,-3.623358395543619e-07 | 0 | -5.085192356091284e-07,-1.6490599819007912e-07,-1.997214373050671e-11 | 7.913135924297876e-09,6.029292620723936e-08,-2.288436689923401e-06 | 1,7
7191 | 239.70001250132918 | 153.59762573242188,187.7307586669922,0.18375396728515625 | 2.672056464980699e-10,2.13109707658532e-09,-4.767576911035576e-07 | 0 | -5.082530378786032e-07,5.034746308751892e-08,-1.4583828589209702e-10 | 1.7357237425130734e-08,-8.695819531112647e-08,-2.2884373720444273e-06 | 1,7
7230 | 241.00001256912947 | 153.59762573242188,187.7307586669922,0.18375396728515625 | 1.3819941857562412e-09,2.11436201880133e-09,-5.911795142310439e-07 | 0 | -5.025732434660313e-07,2.656697404290753e-07,-1.622869061357335e-10 | 1.7371418081779666e-08,-9.82822143669182e-08,-2.2884357804286992e-06 | 1,7
7267 | 242.23334596678615 | 153.59762573242188,187.7307586669922,0.18375396728515625 | 8.421373043354663e-10,-6.477815506222839e-10,-5.530388875740755e-07 | 0 | 9.935712341757608e-08,1.6212712239394023e-07,-1.5259184193983089e-10 | 1.726904841348187e-08,-8.531143436130151e-08,-2.2884357804286992e-06 | 1,7
7307 | 243.56667936965823 | 153.59762573242188,187.7307586669922,0.18375396728515625 | 1.0909241288104e-09,3.617177224413126e-09,-7.437419640154985e-07 | 0 | -8.028256388570298e-07,2.0983156900911126e-07,-4.187571817082514e-11 | -1.6532665014779013e-08,-3.883653221237182e-08,-2.2884357804286992e-06 | 1,7
7348 | 244.93334610760212 | 153.59762573242188,187.7307586669922,0.18375396728515625 | -2.7646995803820573e-10,-5.03342478808122e-10,-5.7210922221884175e-08 | 0 | 9.789491173251008e-08,-5.3151762102743305e-08,-2.423682261831761e-11 | -5.034425143435328e-08,2.894044115464567e-08,2.6317022275179625e-05 | 1,7
7387 | 246.2333461754024 | 153.59762573242188,187.7307586669922,0.18375396728515625 | -2.881474503446668e-10,1.6745010933405524e-09,-1.7163276311293885e-07 | 0 | -2.945812411780935e-07,-5.581550510669331e-08,2.2759533147009847e-10 | 7.922421829675841e-09,7.918224298464338e-08,-2.2884369172970764e-06 | 1,7
7423 | 247.43334623798728 | 153.59762573242188,187.7307586669922,0.18375396728515625 | -2.7646995803820573e-10,-5.03342478808122e-10,-5.7210922221884175e-08 | 0 | 9.789491173251008e-08,-5.3151762102743305e-08,-2.4236739351590764e-11 | -1.6538090008566542e-08,-2.8435126253611998e-08,2.6317022275179625e-05 | 1,7
7464 | 248.80001297593117 | 153.59762573242188,187.7307586669922,0.18375396728515625 | -5.755884657787647e-10,3.0638263037729985e-09,-3.2419524131910293e-07 | 0 | -5.984606445963436e-07,-1.117018015861504e-07,2.3080898303717845e-10 | 7.9239663719477e-09,7.90364751424022e-08,-2.2884373720444273e-06 | 1,7
7504 | 250.13334637880325 | 153.59762573242188,187.7307586669922,0.18375396728515625 | 1.11790610102247e-09,-1.8745210939030699e-10,-5.14898317760526e-07 | 0 | 1.6616488740517354e-10,2.152776659158917e-07,-1.5857630486504348e-10 | 1.7262447471466658e-08,-9.476901396965332e-08,-2.2884373720444273e-06 | 1,7
7543 | 251.43334644660354 | 153.59762573242188,187.7307586669922,0.18375396728515625 | 1.6690563375831857e-09,1.1014896772465477e-09,-6.293201408880122e-07 | 0 | -1.8640645293999114e-07,3.2166465757654805e-07,8.89019899363852e-11 | 6.617855063950628e-08,1.2081160605248442e-07,-2.2884373720444273e-06 | 1,7
7580 | 252.66667984426022 | 153.59762573242188,187.7307586669922,0.18375396728515625 | 1.1261982457710928e-09,-1.9383930016658724e-09,-5.911795142310439e-07 | 0 | 4.065882137638255e-07,2.1806472716434655e-07,-4.12918206571522e-11 | 2.4876431470310933e-10,-5.252822532497703e-08,-2.2884357804286992e-06 | 1,7
7621 | 254.0333465822041 | 153.59762573242188,187.7307586669922,0.18375396728515625 | 1.1092460283634864e-11,-1.899916446390648e-09,-8.581638439864037e-07 | 0 | 4.015640513443941e-07,2.744314775426915e-09,-2.6114135159849283e-11 | -1.6548945325212117e-08,-2.7318263207121163e-08,-2.2884373720444273e-06 | 1,7
7661 | 255.3666799850762 | 153.5411834716797,187.7298126220703,0.18168579041957855 | -0.4921860098838806,-0.007944402284920216,-2.9253851607791148e-05 | 0 | -0.034211233258247375,1.1810812950134277,-0.28364601731300354 | -2.250002145767212,-0.042613424360752106,-0.0002814777835737914 | 0,0
7698 | 256.60001338273287 | 150.5186004638672,187.69114685058594,0.17848464846611023 | -3.9410018920898438,-0.05381343886256218,1.9680557670653798e-05 | 269.2 | 0.007448820397257805,-0.17226654291152954,0.13243621587753296 | -2.0618603229522705,-0.021760648116469383,-4.748506034957245e-05 | 0,0
7738 | 257.93334678560495 | 144.2576446533203,187.60841369628906,0.18400077521800995 | -4.794524192810059,-0.059809617698192596,-3.394514806132065e-06 | 269.3 | 0.01607637293636799,-0.06771320104598999,-0.07985423505306244 | 0.13272283971309662,0.02196974866092205,2.288436735398136e-05 | 0,0
7777 | 259.23334685340524 | 138.1032257080078,188.0199737548828,0.185382679104805 | -4.361125469207764,1.9230951070785522,-0.00032564456341788173 | 293.8 | -1.7834618091583252,0.4799715578556061,-32.61498260498047 | -0.9855794310569763,-0.21131156384944916,0.007495202124118805 | 0,0
7816 | 260.5333469212055 | 133.48077392578125,191.9690399169922,0.18503668904304504 | -2.178323745727539,4.388118743896484,1.4798558368056547e-05 | 333.6 | -0.28915533423423767,0.4536379277706146,-29.312667846679688 | 1.1942909955978394,0.7881974577903748,0.0009262447711080313 | 0,0
7853 | 261.7666803188622 | 132.04177856445312,197.73397827148438,0.18408066034317017 | -0.13965216279029846,4.946691036224365,9.134677384281531e-05 | 358.4 | -0.010724733583629131,0.5858319401741028,-13.655842781066895 | 0.6901171207427979,0.023818014189600945,-0.0006310363532975316 | 0,0
7893 | 263.1000137217343 | 132.00962829589844,204.3367462158203,0.1835714727640152 | 0.12356454879045486,4.975903034210205,-1.2586402817760245e-06 | 1.4 | 0.006854991894215345,0.07063090056180954,-1.4931141138076782 | 0.10163358598947525,0.03541946038603783,-5.2061936003156006e-05 | 0,0
7932 | 264.40001378953457 | 132.17050170898438,210.82835388183594,0.1836787313222885 | 0.12621790170669556,4.9883131980896,-0.007044943515211344 | 1.4 | -0.02363790012896061,0.05325690656900406,0.09956955164670944 | -0.044438835233449936,0.217924103140831,0.11185823380947113 | 0,0
7972 | 265.73334719240665 | 132.2732391357422,217.5049591064453,0.18435515463352203 | 0.006726380903273821,4.713629245758057,-0.00411126296967268 | 0.1 | -1.46786367893219,0.051449958235025406,1.0032048225402832 | -0.16021254658699036,-4.0281195640563965,0.07855801284313202 | 1,3
8008 | 266.93334725499153 | 132.26821899414062,218.9088592529297,0.18527770042419434 | 5.675946158589795e-05,-0.004565080627799034,4.456731039681472e-05 | 0 | 0.8932475447654724,0.011289711110293865,-9.606740059098229e-05 | -0.0002205499040428549,0.024093974381685257,-0.0011533719953149557 | 1,3
8048 | 268.2666806578636 | 132.2681884765625,218.90980529785156,0.18375541269779205 | 2.777977385903796e-07,-7.062140525704308e-07,-5.14898317760526e-07 | 0 | 0.00013623770792037249,6.0576821852009743e-05,-2.6742213776742574e-08 | -3.2572777399764163e-06,-6.157039024401456e-06,-2.9177568649174646e-05 | 1,3
8088 | 269.6000140607357 | 132.2681884765625,218.90980529785156,0.1837543398141861 | 2.43370745778293e-08,-2.4536497278404568e-08,-3.2419524131910293e-07 | 0 | 4.7336434363387525e-06,5.223618700256338e-06,-5.964309601758089e-10 | 1.797927069446814e-07,-1.839305099338162e-07,-2.2884373720444273e-06 | 1,3
8128 | 270.9333474636078 | 132.2681884765625,218.90980529785156,0.1837543398141861 | -6.486795456339678e-08,7.946544755554896e-09,-5.14898317760526e-07 | 0 | -1.5277067859642557e-06,-1.4161225408315659e-05,1.7459847456713362e-10 | -4.022829713790088e-08,2.508866359107742e-08,-2.2884373720444273e-06 | 1,3
8165 | 272.16668086126447 | 132.2681884765625,218.90980529785156,0.1837543398141861 | 7.346788777340407e-08,6.949308350989725e-10,-5.14898317760526e-07 | 0 | -1.414073267369531e-07,1.6085485185612924e-05,2.5857007507346097e-12 | -5.013887616200918e-08,2.5209793363956123e-08,-2.2884373720444273e-06 | 1,3
8206 | 273.53334759920835 | 132.2681884765625,218.90980529785156,0.1837543398141861 | -5.416587001150219e-08,-1.6699757132698778e-09,-7.818825906724669e-07 | 0 | 3.281186877757136e-07,-1.2077453902747948e-05,5.845909867296939e-10 | 4.6847034695929324e-07,-3.352901600806035e-08,-2.86054591924767e-06 | 1,3
8245 | 274.83334766700864 | 132.2681884765625,218.90980529785156,0.1837543398141861 | 2.3312614061410386e-08,-2.0908086373339074e-09,-8.96304470643372e-07 | 0 | 4.013437262528896e-07,5.317156137607526e-06,-6.700147103799736e-10 | -4.290199342449341e-07,3.34617062947018e-08,-2.288439191033831e-06 | 1,3
8285 | 276.1666810698807 | 132.2681884765625,218.90980529785156,0.1837543398141861 | 1.8580060157091793e-08,2.809121824043359e-10,-9.535153111528416e-08 | 0 | -5.541933134622923e-08,3.7977415558998473e-06,8.08228928228516e-10 | 5.574017905018991e-07,8.427364583951658e-09,-2.8605456918739947e-06 | 1,3
8322 | 277.4000144675374 | 132.2681884765625,218.90980529785156,0.1837543398141861 | -7.908748322904557e-09,5.586689999503847e-10,-5.7210922221884175e-08 | 0 | -1.0697226571210194e-07,-1.5380596778413747e-06,-6.036535160625078e-10 | -5.423054858511023e-07,2.5125260094682744e-08,2.7461241188575514e-05 | 1,3
8363 | 278.7666812054813 | 132.2681884765625,218.90980529785156,0.1837543398141861 | 6.989154854863955e-08,4.149494636784823e-10,-3.2419524131910293e-07 | 0 | -8.715700516859215e-08,1.5044624888105318e-05,6.997511459161387e-10 | 4.873753596257302e-07,-1.2655513970116772e-08,-2.2884373720444273e-06 | 1,3
8403 | 280.1000146083534 | 132.2681884765625,218.90980529785156,0.1837543398141861 | -7.681897784550529e-08,4.1387210325538604e-10,-5.14898317760526e-07 | 0 | -7.356290154802991e-08,-1.6786943888291717e-05,-5.1820998880902636e-11 | -9.073871609643902e-08,-8.793440997578728e-08,-2.2884373720444273e-06 | 1,3
8441 | 281.36668134108186 | 132.2681884765625,218.90980529785156,0.1837543398141861 | 7.402864810046594e-08,-2.6577713363451494e-09,-5.911795142310439e-07 | 0 | 5.043079909228254e-07,1.6181136743398383e-05,-8.723286676337594e-11 | 1.6758859189280884e-08,-1.0058197830176141e-07,-2.2884357804286992e-06 | 1,3
8480 | 282.66668140888214 | 132.2681884765625,218.90980529785156,0.1837543398141861 | -6.978103073151942e-08,-5.523600465906497e-10,-6.865310524517554e-07 | 0 | 1.1428322466144891e-07,-1.5392779459943995e-05,3.917212665349723e-10 | 1.976236632117434e-07,-1.6715617334739363e-08,-2.86054591924767e-06 | 1,3
8521 | 284.03334814682603 | 132.25885009765625,219.90174865722656,0.1760156899690628 | -0.03229377046227455,2.5243711471557617,2.5363508029840887e-05 | 359.3 | -0.38901135325431824,0.022898798808455467,0.622742235660553 | -0.07222557067871094,2.518608331680298,0.0006996895535849035 | 0,0
8562 | 285.4000148847699 | 132.18540954589844,225.31446838378906,0.1811380684375763 | -0.07431266456842422,4.902915954589844,3.64052175427787e-05 | 359.1 | -0.6839241981506348,-0.029136868193745613,0.10711943358182907 | 0.025514287874102592,0.12462615221738815,-4.519657159107737e-05 | 0,0
10472 | 349.066684871912 | 100.28221130371094,191.71180725097656,0.189239501953125 | 1.904262661933899,-0.02728070504963398,-0.0001544694823678583 | 90.8 | 0.047138605266809464,2.908750295639038,-0.23440606892108917 | -4.591887950897217,0.050051357597112656,-0.002362238708883524 | 0,0
10513 | 350.4333516098559 | 103.38139343261719,191.6701202392578,0.18339820206165314 | 2.4057817459106445,-0.03396705165505409,4.412869020598009e-05 | 90.8 | -0.0341501422226429,-1.9124895334243774,-0.06349332630634308 | 2.4214694499969482,-0.044267620891332626,-0.0005332058062776923 | 0,0
10553 | 351.766685012728 | 105.23175811767578,191.64491271972656,0.18626083433628082 | -0.006465604063123465,9.751812467584386e-05,0.0001518187200417742 | 0 | -0.019538788124918938,-1.2756162881851196,0.00010395292338216677 | 0.027113666757941246,-0.0007887132233008742,-0.0014056721702218056 | 0,0
10592 | 353.06668508052826 | 105.2332992553711,191.64488220214844,0.1837574690580368 | -9.015419891511556e-06,7.727464890194824e-08,-2.4600697088317247e-06 | 0 | -1.5479707144550048e-05,-0.001741741201840341,4.751011672965433e-08 | 4.1595463699195534e-05,-2.770012770270114e-06,-1.487484132667305e-05 | 0,0
10630 | 354.33335181325674 | 105.2332992553711,191.64488220214844,0.18375426530838013 | 0.0,0.0,0.0 | 0 | 0.0,0.0,0.0 | 4.249770427122712e-06,2.688502263481496e-06,5.4350373829947785e-05 | 0,0
10670 | 355.6666852161288 | 107.02183532714844,191.61830139160156,0.17750541865825653 | 3.1540870666503906,-0.0486038476228714,6.445764302043244e-05 | 90.9 | 0.00999920628964901,0.3822464942932129,0.012234840542078018 | 2.250988245010376,-0.029748937115073204,-0.0001315849513048306 | 0,0
10711 | 357.0333519540727 | 109.94068145751953,191.5763702392578,0.17796942591667175 | 3.210831642150879,-0.03980546072125435,-1.031703686749097e-05 | 90.7 | 0.011015755124390125,0.06486466526985168,0.1659289449453354 | 2.266530752182007,-0.013497321866452694,0.000250011682510376 | 0,0
10751 | 358.3666853569448 | 115.71286010742188,191.53106689453125,0.18331535160541534 | 4.722598552703857,-0.004691042471677065,7.570911748189246e-06 | 90.1 | -0.020059967413544655,0.40270721912384033,0.5417712926864624 | -0.23800848424434662,0.005582388956099749,-6.97973373462446e-05 | 0,0
10789 | 359.6333520896733 | 121.10140228271484,191.54107666015625,0.18326568603515625 | 4.061873435974121,0.022468918934464455,3.14850767608732e-05 | 89.7 | 0.010646725073456764,-1.4264894723892212,0.2345145344734192 | 1.7507885694503784,0.02739161066710949,-0.0005995704559609294 | 0,0
10830 | 361.00001882761717 | 127.26228332519531,191.58790588378906,0.18382003903388977 | 4.52037239074707,0.14988423883914948,-1.2815246009267867e-05 | 88.1 | 0.8531635999679565,-0.03798014670610428,3.0269644260406494 | -0.03005504421889782,1.2022308111190796,-0.00022827155771665275 | 0,0
10870 | 362.33335223048925 | 131.08163452148438,194.14892578125,0.18217583000659943 | 1.6128439903259277,3.5060088634490967,-0.0004998137010261416 | 24.7 | 1.10566246509552,0.09393896162509918,37.62592697143555 | 0.4897606074810028,2.3945329189300537,0.0006699392688460648 | 0,0
10911 | 363.70001896843314 | 132.10752868652344,197.85009765625,0.18809294700622559 | 0.12543317675590515,1.9393028020858765,-7.641471893293783e-05 | 3.7 | -3.8947110176086426,-0.6324858069419861,8.811395645141602 | -0.6243006587028503,-6.39182186126709,-0.0028176377527415752 | 0,0
10948 | 364.9333523660898 | 132.29771423339844,200.55567932128906,0.18957862257957458 | 0.013654973357915878,1.583577036857605,-0.00010303687304258347 | 0.5 | 0.24922993779182434,0.03596938028931618,3.1558375358581543 | -0.19544434547424316,0.4385375678539276,0.0013238603714853525 | 0,0
10988 | 366.2666857689619 | 132.32667541503906,203.0210723876953,0.1939220428466797 | 0.0019736920949071646,-0.012544378638267517,0.000339947291649878 | 0 | 2.631593942642212,0.11015553027391434,0.002946677850559354 | 0.0007622956181876361,-0.035266827791929245,0.004560854285955429 | 0,0
11029 | 367.6333525069058 | 132.32664489746094,203.02740478515625,0.18376502394676208 | 4.316548256610986e-06,-1.6132542441482656e-05,-1.4302730733106728e-06 | 0 | 0.0031163091771304607,0.0009472177480347455,-1.3033680943408399e-06 | -8.163555321516469e-06,-2.151038461306598e-05,8.009529665287118e-06 | 0,0
11069 | 368.9666859097779 | 132.32664489746094,203.0267791748047,0.1837945580482483 | 0.0013566669076681137,-0.01080327108502388,-1.3349215066682518e-07 | 0 | -0.04694737121462822,-0.055440377444028854,-0.029995014891028404 | 0.03646963834762573,0.2343839854001999,1.1442183449617005e-06 | 0,0
11107 | 370.23335264250636 | 132.31112670898438,204.82054138183594,0.17756004631519318 | -0.05693739280104637,3.1554927825927734,6.476276757894084e-05 | 359.0 | -0.37349751591682434,-0.09665380418300629,1.416290283203125 | 0.07956559956073761,2.2478482723236084,-9.954687993740663e-05 | 0,0
11146 | 371.53335271030664 | 132.26649475097656,207.5398712158203,0.17806845903396606 | -0.057268742471933365,3.043402910232544,-2.89868676190963e-05 | 358.9 | -0.10653962194919586,-0.09845349192619324,0.30362099409103394 | 0.07391742616891861,1.726155161857605,0.00035184723674319685 | 0,0
11185 | 372.8333527781069 | 132.2007293701172,211.06326293945312,0.17870895564556122 | -0.07214038819074631,3.846235990524292,-6.78902961226413e-06 | 358.9 | 0.016161613166332245,0.0063446881249547005,0.03006468340754509 | -0.042278092354536057,2.0981738567352295,0.00010870072583202273 | 0,0
11223 | 374.1000195108354 | 132.10569763183594,216.3749542236328,0.18255141377449036 | -0.06519943475723267,4.314620494842529,-1.0183543963648845e-05 | 359.1 | 0.6844061613082886,-0.005597112234681845,-0.25660598278045654 | 0.02687886171042919,1.0590790510177612,-0.00019451710977591574 | 0,0
11263 | 375.4333529137075 | 132.05023193359375,221.906005859375,0.19179747998714447 | -0.005830157082527876,2.6853058338165283,-9.657203918322921e-05 | 359.9 | 0.773113489151001,0.017441730946302414,-0.35140034556388855 | -0.008528864942491055,-0.12654303014278412,0.0028885791543871164 | 0,0
16170 | 539.0000281110406 | 104.81155395507812,191.62098693847656,0.1838519275188446 | 5.091855525970459,0.016033774241805077,-3.337303951411741e-06 | 89.8 | -0.0010992239695042372,-0.04570324718952179,-0.02729244902729988 | 0.21936891973018646,-0.003318115836009383,-5.034561036154628e-05 | 0,0
16210 | 540.3333615139127 | 111.68851470947266,191.63905334472656,0.18414749205112457 | 5.152429103851318,0.009432254359126091,2.6889133550866973e-06 | 89.9 | 0.00287603959441185,0.05452391505241394,-0.062395863234996796 | -0.004863738548010588,-0.0021909174975007772,-4.576874744088855e-06 | 1,5
16248 | 541.6000282466412 | 113.03917694091797,191.64125061035156,0.1845405548810959 | -0.0027199590113013983,-1.7848793731900514e-06,-1.0069122254208196e-05 | 0 | 0.00029420392820611596,-0.5290499329566956,3.449722134973854e-05 | 0.016846109181642532,1.3289043636177666e-05,-0.0005200472078286111 | 1,5
16288 | 542.9333616495132 | 113.03965759277344,191.64125061035156,0.183755025267601 | -5.951409320914536e-07,-3.800654724273045e-08,-1.735397972879582e-06 | 0 | 9.932665307132993e-06,-0.00011491151963127777,-9.88798465328955e-09 | 7.511891340072907e-07,-1.050077480613254e-05,-1.7163276424980722e-05 | 1,5
16329 | 544.3000283874571 | 113.03965759277344,191.64125061035156,0.18375396728515625 | -7.540601032474115e-09,9.598047689962641e-09,-6.293201408880122e-07 | 0 | -2.0137908904871438e-06,-1.4557527947545168e-06,-2.9665217504692976e-10 | -5.0371344428867815e-08,1.6623569365492585e-07,-2.2884373720444273e-06 | 1,5
16368 | 545.6000284552574 | 113.03965759277344,191.64125061035156,0.18375396728515625 | -3.93695520628512e-09,2.4110034857471874e-08,-7.05601394201949e-07 | 0 | -5.187098850001348e-06,-7.603327958349837e-07,-3.050613650579237e-10 | -5.037286854303602e-08,1.6619915754745307e-07,-2.2884373720444273e-06 | 1,5
16409 | 546.9666951932013 | 113.03965759277344,191.64125061035156,0.18375396728515625 | -2.7915958433766264e-09,-4.578237788877004e-09,-3.814061599882734e-08 | 0 | 8.905864206099068e-07,-5.369369091567933e-07,2.1566920471727258e-10 | -1.0212253300778684e-06,-2.653471256053308e-06,2.2312256987788714e-05 | 1,5
16450 | 548.3333619311452 | 113.03965759277344,191.64125061035156,0.18375396728515625 | 9.470240591724632e-09,3.856539088076261e-09,-3.2419524131910293e-07 | 0 | -9.066856136996648e-07,1.8285739997736528e-06,1.8036042104263572e-10 | 8.522408556643768e-09,-1.262539086610559e-07,-2.2884373720444273e-06 | 1,5
16491 | 549.7000286690891 | 113.03965759277344,191.64125061035156,0.18375396728515625 | -2.375752483629867e-09,1.0190098542750547e-08,-5.721092293242691e-07 | 0 | -2.335318868063041e-06,-4.6062820047154673e-07,4.29880853136666e-10 | 4.218932758703886e-08,-1.798341884295951e-07,-2.2884373720444273e-06 | 1,5
16530 | 551.0000287368894 | 113.03965759277344,191.64125061035156,0.18375396728515625 | -1.3255679220947059e-08,9.343981588472161e-09,-7.05601394201949e-07 | 0 | -2.144035534001887e-06,-2.5591843950678594e-06,-3.5061559211513327e-10 | -1.3403255252342205e-06,-2.035561237789807e-06,-7.437420208589174e-06 | 1,5
16571 | 552.3666954748333 | 113.03965759277344,191.64125061035156,0.18375396728515625 | 0.0,0.0,0.0 | 0 | 0.0,0.0,0.0 | -3.6896179267387197e-07,-2.3212453470478067e-06,2.5744913727976382e-05 | 1,5
16612 | 553.7333622127771 | 113.03965759277344,191.64125061035156,0.18375396728515625 | -2.3659825210131658e-09,2.8178643862730723e-09,-2.6698430133365036e-07 | 0 | -7.217187771857425e-07,-4.5845098384234007e-07,4.3206527244876725e-10 | 4.236641260035867e-08,-1.899685599937584e-07,-2.2884369172970764e-06 | 1,5
16652 | 555.0666956156492 | 113.03965759277344,191.64125061035156,0.18375396728515625 | 4.139551201820524e-10,5.039153538888286e-09,-4.576873777750734e-07 | 0 | -9.361846764477377e-07,7.951085478907771e-08,-4.652269680605059e-10 | 4.949306031676315e-08,3.6121497259955504e-07,-2.2884373720444273e-06 | 1,5
16690 | 556.3333623483777 | 113.03965759277344,191.64125061035156,0.18375396728515625 | 4.049927948557297e-09,-6.294583076993376e-09,-4.958279760103323e-07 | 0 | 1.3062004882158362e-06,7.820918312972935e-07,1.9920781690885292e-10 | 4.186205160294776e-08,-1.6794756163562852e-07,-2.2884357804286992e-06 | 1,5
16730 | 557.6666957512498 | 113.03965759277344,191.64125061035156,0.18375396728515625 | 1.4903507761232504e-08,8.710548726753586e-09,-7.05601394201949e-07 | 0 | -2.017233782680705e-06,2.8766212381015066e-06,3.967434991647423e-10 | 7.544255709035497e-08,-2.275708510524055e-07,-2.2884373720444273e-06 | 1,5
16769 | 558.9666958190501 | 113.03965759277344,191.64125061035156,0.18375396728515625 | -1.5332594083261597e-09,-3.0810605178288597e-09,-8.009528755792417e-07 | 0 | 7.093475460351328e-07,-2.950527857592533e-07,-1.7141252306451804e-10 | -5.860839280558139e-08,6.943384533997232e-08,-2.2884357804286992e-06 | 1,5
16809 | 560.3000292219222 | 113.03965759277344,191.64125061035156,0.18375396728515625 | 1.2654173264792234e-09,-4.087792770945953e-09,-3.814061599882734e-08 | 0 | 7.951126121952257e-07,2.4318256919286796e-07,4.1933800876137184e-10 | 7.120706158048051e-08,-1.1614743300469854e-07,2.6317022275179625e-05 | 1,5
16847 | 561.5666959546506 | 113.03965759277344,191.64125061035156,0.18375396728515625 | 1.358634871273523e-09,2.688276623530328e-08,-7.628123199765469e-08 | 0 | -5.495341611094773e-06,2.6186009449702397e-07,-1.1466028126960737e-09 | 4.0759044139804246e-08,8.064829444265342e-07,-2.2884369172970764e-06 | 1,5
16887 | 562.9000293575227 | 113.03965759277344,191.64125061035156,0.18375396728515625 | -1.2403106319780477e-10,-6.906998972766587e-09,-2.6698430133365036e-07 | 0 | 1.3970255849926616e-06,-2.510362406837885e-08,4.3123926651844613e-10 | 7.553543923677353e-08,-2.239738421394577e-07,-2.2884369172970764e-06 | 1,5
16927 | 564.2333627603948 | 113.1915283203125,191.64239501953125,0.18007254600524902 | 0.8461530208587646,-0.0008779123309068382,-5.881282777409069e-05 | 0 | 0.01639375649392605,-0.9472156167030334,0.29955896735191345 | 3.15683650970459,-0.004574432037770748,-0.00016877222515176982 | 0,0
16968 | 565.6000294983387 | 117.27652740478516,191.6375274658203,0.17895285785198212 | 4.465531349182129,-0.007739031687378883,9.401661372976378e-06 | 90.1 | -0.0014424542896449566,0.13923802971839905,-0.05529870092868805 | 1.8558024168014526,-0.011149117723107338,-3.318234666949138e-05 | 0,0
17007 | 566.900029566139 | 123.52233123779297,191.62530517578125,0.1839149445295334 | 4.778990268707275,-0.010232808068394661,-1.6400463209720328e-06 | 90.1 | -0.00024267751723527908,-0.09089311957359314,-0.011671563610434532 | 0.03283023461699486,-0.0017097684321925044,-1.4302726413006894e-05 | 0,0
17048 | 568.2666963040829 | 129.70858764648438,192.4246368408203,0.1882491260766983 | 2.8272268772125244,3.4631831645965576,-0.0012534531997516751 | 39.2 | 0.05857913941144943,0.38456860184669495,65.9205551147461 | -3.785261869430542,4.537195682525635,0.017136383801698685 | 0,0
17089 | 569.6333630420268 | 132.16038513183594,198.2448272705078,0.1840229034423828 | 0.30701345205307007,4.915130138397217,0.00011331576388329268 | 3.6 | -0.11276163905858994,-1.6532320976257324,19.383298873901367 | 0.1571202129125595,0.10269641131162643,0.0011184734757989645 | 0,0
17128 | 570.933363109827 | 132.30355834960938,204.5172882080078,0.18842482566833496 | -0.06259328126907349,3.7536723613739014,-0.00014310359256342053 | 359.0 | -3.1837613582611084,-0.2713816463947296,1.2700663805007935 | 0.03994010016322136,-7.232722759246826,-0.0018101534806191921 | 0,0
17168 | 572.2666965126991 | 132.24668884277344,207.83737182617188,0.18788428604602814 | -0.03288036212325096,1.7334104776382446,-0.00010040516644949093 | 358.9 | -4.131660461425781,-0.12185738235712051,0.10672460496425629 | 0.2138640284538269,-7.516396522521973,-0.0027455519884824753 | 0,0
17210 | 573.6666965857148 | 132.196533203125,210.57159423828125,0.1911611109972 | -0.015130964107811451,0.8388475775718689,-0.00027941816370002925 | 0 | -3.9029629230499268,-0.0669684186577797,0.005944056436419487 | 0.22746513783931732,-12.78518295288086,-0.0031586152035743 | 0,0
17252 | 575.0666966587305 | 132.1959228515625,210.60015869140625,0.183787003159523 | 1.7784004739951342e-06,-8.289377728942782e-05,-5.7783026932156645e-06 | 0 | 0.016018537804484367,0.00034738078829832375,3.58006133183153e-07 | 7.629113838447665e-07,0.00033245791564695537,-2.0023811885039322e-05 | 0,0
17291 | 576.3666967265308 | 132.1959228515625,210.60018920898438,0.1837543398141861 | 0.0,0.0,0.0 | 0 | 0.0,0.0,0.0 | -8.898580290406244e-07,2.7648184186546132e-05,2.002382097998634e-05 | 0,0
17332 | 577.7333634644747 | 132.1959228515625,210.60018920898438,0.1837543398141861 | 4.925575503023083e-09,6.236178240470736e-11,-2.6698430133365036e-07 | 0 | -1.3906896967341709e-08,1.0558171652519377e-06,6.381922074139013e-11 | 4.149219989812991e-08,5.205500475113922e-10,-2.2884369172970764e-06 | 0,0
17373 | 579.1000302024186 | 132.19497680664062,210.69879150390625,0.1807071715593338 | -0.01452632900327444,0.7352655529975891,-5.246241562417708e-05 | 0 | 1.5895657539367676,0.018347494304180145,-0.20053188502788544 | -0.08341236412525177,3.9143600463867188,-0.0005812629824504256 | 0,0
17415 | 580.5000302754343 | 132.13975524902344,213.5678253173828,0.19151756167411804 | -0.02022121474146843,1.1060229539871216,9.935630077961832e-05 | 359.0 | 2.467041254043579,0.04655618965625763,0.023218143731355667 | -0.050839703530073166,2.7844831943511963,0.0047027370892465115 | 0,0
17454 | 581.8000303432345 | 132.0914764404297,216.4368133544922,0.1900263875722885 | -0.018784621730446815,1.4629998207092285,4.1363495256518945e-05 | 359.3 | 1.7165732383728027,0.020859120413661003,-0.15286746621131897 | -0.01085797231644392,1.3883291482925415,0.002740975236520171 | 0,0
17495 | 583.1666970811784 | 132.0590362548828,219.4838104248047,0.18306952714920044 | -0.01253586821258068,2.310452461242676,5.221450192038901e-05 | 359.7 | 2.1021106243133545,-0.01375312078744173,-0.3152921795845032 | 0.047630973160266876,2.647590398788452,-0.0008226929930970073 | 0,0
17535 | 584.5000304840505 | 132.0478973388672,222.8185272216797,0.18037253618240356 | 0.0020641593728214502,2.842985153198242,1.735397927404847e-05 | 0.0 | -1.5990432500839233,0.014046600088477135,-0.2946443557739258 | 0.0038799408357590437,-3.432147264480591,0.0011430741287767887 | 0,0
