Simulation Frame | Timestamp | Position | Velocity | Heading | Angular Velocity | Acceleration | Stopped at Red Light + Light ID 
5660 | 188.6666765064001 | 169.189697265625,187.6459503173828,0.1738591343164444 | -1.7315740585327148,-0.027449769899249077,-6.4648343141016085e-06 | 269.1 | 0.003530031070113182,-0.014079286716878414,-0.010644515976309776 | -0.5259167551994324,-0.010140704922378063,0.00010412384290248156 | 0,0
5670 | 189.00000985711813 | 168.47525024414062,187.63470458984375,0.17155016958713531 | -2.596656084060669,-0.040036641061306,1.8688900809138431e-06 | 269.1 | -0.011046911589801311,0.6206729412078857,-0.03405192866921425 | -2.851259469985962,-0.041718292981386185,9.153746759693604e-06 | 0,0
5680 | 189.33334320783615 | 167.53817749023438,187.62042236328125,0.17188629508018494 | -2.3346502780914307,-0.03347574919462204,8.448146218142938e-06 | 269.2 | 0.023102201521396637,-1.3165783882141113,-0.10548026114702225 | 7.487983226776123,0.12005488574504852,0.00012414770026225597 | 0,0
5690 | 189.66667655855417 | 166.9484405517578,187.61203002929688,0.17320041358470917 | -1.9056165218353271,-0.02546798437833786,6.197849870659411e-06 | 269.2 | -0.01018433552235365,0.7434543371200562,-0.0894409641623497 | -2.6601502895355225,-0.03488648310303688,8.581636939197779e-05 | 0,0
5700 | 190.0000099092722 | 166.1315155029297,187.60113525390625,0.17085956037044525 | -2.903418779373169,-0.035783734172582626,-4.901069132756675e-06 | 269.3 | -0.004425408318638802,0.3447009027004242,-0.1652831733226776 | -2.7503154277801514,-0.0262634065002203,-2.9177574106142856e-05 | 0,0
5710 | 190.33334325999022 | 165.00814819335938,187.587890625,0.170379176735878 | -3.780916929244995,-0.03789959475398064,-1.9070306223056832e-07 | 269.4 | 0.00500620249658823,0.024436479434370995,-0.3193814754486084 | -2.5552151203155518,-0.01944679580628872,0.00010183543781749904 | 0,0
5720 | 190.66667661070824 | 163.9056854248047,187.57717895507812,0.17328932881355286 | -2.7103588581085205,-0.01940552517771721,-2.8605461466213455e-06 | 269.6 | 0.0007707845070399344,-0.5384899973869324,-0.3006286919116974 | 0.40705201029777527,0.03822130709886551,-0.0001756375131662935 | 0,0
5730 | 191.00000996142626 | 162.91175842285156,187.570068359375,0.171914204955101 | -3.3283755779266357,-0.016608713194727898,1.7735386563799693e-06 | 269.7 | -0.00016587492427788675,0.5617253184318542,-0.38317543268203735 | -2.4573681354522705,0.009942221455276012,-3.489865775918588e-05 | 0,0
5740 | 191.33334331214428 | 161.6653289794922,187.56402587890625,0.1709166318178177 | -3.960564136505127,-0.00922131072729826,-1.926101049321005e-06 | 269.9 | 0.007727993652224541,-0.1800287514925003,-0.4850226044654846 | 0.0690293237566948,0.04036970064043999,5.7210920203942806e-05 | 0,0
5750 | 191.6666766628623 | 160.34988403320312,187.56077575683594,0.17185737192630768 | -3.9374098777770996,-0.0016303567681461573,5.911795142310439e-07 | 270.0 | -0.017068058252334595,-0.1804857850074768,-0.403359055519104 | 0.06934403628110886,-0.03572452813386917,-2.002382097998634e-05 | 0,0
5760 | 192.00001001358032 | 158.91970825195312,187.5605010986328,0.17103351652622223 | -4.60809326171875,0.007648499216884375,-2.91775700134167e-06 | 270.1 | 0.00024183564528357238,-0.03273705393075943,-0.4204131066799164 | 1.190285563468933,0.04886411875486374,8.123949373839423e-05 | 0,0
5770 | 192.33334336429834 | 157.77059936523438,187.5622100830078,0.1745661050081253 | -2.825263500213623,0.00900083314627409,-1.1137059118482284e-05 | 270.2 | -0.00897761806845665,0.1241200864315033,-0.21586932241916656 | -0.705385148525238,0.005122096743434668,0.00017620963626541197 | 0,0
5780 | 192.66667671501637 | 156.7242889404297,187.5651397705078,0.17205101251602173 | -3.471790075302124,0.013318645767867565,6.007147021591663e-06 | 270.2 | 0.0011433592298999429,0.6309235095977783,-0.20580698549747467 | -2.276293992996216,0.01266882661730051,-2.9749669920420274e-05 | 0,0
5790 | 193.0000100657344 | 155.5993194580078,187.5691375732422,0.17319194972515106 | -2.4068515300750732,0.011197227984666824,-3.089389792876318e-06 | 270.3 | -0.012364407069981098,-1.6995586156845093,-0.15959960222244263 | 10.271279335021973,-0.03953830152750015,-0.0001350177772110328 | 1,7
5800 | 193.3333434164524 | 155.37112426757812,187.5699920654297,0.17673370242118835 | 0.001560304081067443,-2.8436847060220316e-05,3.2228817872237414e-06 | 0 | 0.006278474349528551,0.9316727519035339,0.0001999162050196901 | 0.0142569774761796,-0.00014411589654628187,0.0007237181416712701 | 1,7
5810 | 193.66667676717043 | 155.369140625,187.5700225830078,0.17336967587471008 | 0.0010592932812869549,3.3824162528617308e-06,2.286529888806399e-05 | 0 | 0.0014024688862264156,0.5851600170135498,4.399419776746072e-05 | -0.0044394503347575665,2.4264769308501855e-05,-0.00016762796440161765 | 1,7
5820 | 194.00001011788845 | 155.36862182617188,187.5700225830078,0.1724786013364792 | 0.00014364300295710564,-1.1098044296886656e-06,-3.3754445212252904e-06 | 0 | 0.0006758552044630051,0.0773727297782898,1.544446604384575e-06 | 0.0003947662189602852,-2.2570359305973398e-06,7.4374174801050685e-06 | 1,7
5830 | 194.33334346860647 | 155.3684844970703,187.5700225830078,0.17227904498577118 | 1.6796771888039075e-05,-2.3060965759214014e-07,-4.576873777750734e-07 | 0 | 0.00011909384920727462,0.008806778118014336,-1.1497932064230554e-06 | -0.0015697145136073232,1.7283086890529376e-06,1.9451710613793693e-05 | 1,7
5840 | 194.6666768193245 | 155.36843872070312,187.5700225830078,0.17222850024700165 | 1.8380384062766097e-05,-7.454722350530574e-08,-7.818825906724669e-07 | 0 | 4.21356235165149e-05,0.0098659573122859,3.1105128073249944e-07 | -7.363086479017511e-05,-1.585061539799426e-07,3.4326562854403164e-06 | 1,7
5850 | 195.00001017004251 | 155.36843872070312,187.5700225830078,0.17221485078334808 | 5.335612513590604e-06,-5.0246260485664607e-08,-7.818825906724669e-07 | 0 | 2.1995274437358603e-05,0.002862043445929885,7.96055417140451e-08 | -1.6344518371624872e-05,1.768320885275898e-07,-7.437419299094472e-06 | 1,7
5860 | 195.33334352076054 | 155.36843872070312,187.5700225830078,0.17221054434776306 | 1.4312172424979508e-06,5.309808059905663e-08,-2.8605461466213455e-07 | 0 | -1.2870945283793844e-05,0.0007669605547562242,2.3609491250908832e-08 | -4.716116279723792e-07,1.3029928140895208e-06,-1.0297964763594791e-05 | 1,7
5870 | 195.66667687147856 | 155.36843872070312,187.5700225830078,0.17220939695835114 | 2.975802999571897e-07,-2.2655743947552764e-08,-1.907030799941367e-08 | 0 | 6.116908934927778e-06,0.0001595274661667645,8.255584549310413e-10 | 1.0540159109950764e-06,6.550530429194623e-08,5.72109183849534e-06 | 1,7
5880 | 196.00001022219658 | 155.36843872070312,187.5700225830078,0.17220836877822876 | 2.0509091314124817e-08,-6.690787368590634e-10,1.907030799941367e-08 | 0 | 3.5073537674179533e-07,1.0736281183199026e-05,-1.4400656223045871e-09 | -3.742771014003665e-06,-1.3897588360123336e-06,1.3730620594287757e-05 | 1,7
5890 | 196.3333435729146 | 155.36843872070312,187.5700225830078,0.17220836877822876 | 8.116587224549221e-08,1.0906864744697486e-08,5.7210922221884175e-08 | 0 | -8.016036190383602e-06,4.339248698670417e-05,2.2210647210307854e-10 | 4.7181796958284394e-07,4.2887478457487305e-08,0.0 | 1,7
5900 | 196.66667692363262 | 155.36843872070312,187.5700225830078,0.17220836877822876 | 1.1530761234723741e-08,-8.370819593039869e-09,-7.05601394201949e-07 | 0 | 5.966965545667335e-06,6.155284154374385e-06,-2.917400349078392e-11 | 8.554772534807853e-08,-4.374377837734755e-08,0.0 | 1,7
5910 | 197.00001027435064 | 155.36843872070312,187.5700225830078,0.17220836877822876 | -6.842181932142921e-09,-3.740719023426209e-08,5.7210922221884175e-08 | 0 | 2.0858480638707988e-05,-3.4705396956269396e-06,-1.8151117761600055e-11 | -4.773302748617425e-07,-1.008510935207596e-06,5.72109183849534e-06 | 1,7
5920 | 197.33334362506866 | 155.36843872070312,187.5700225830078,0.17220836877822876 | 3.2275915273771716e-09,-1.2702752627546943e-08,-1.907030799941367e-08 | 0 | 6.614861831621965e-06,1.725872493807401e-06,2.2915974673409778e-10 | 1.659422466104843e-08,-2.8927599942107918e-06,1.6019057511584833e-05 | 1,7
5930 | 197.6666769757867 | 155.36843872070312,187.5700225830078,0.17220836877822876 | 5.970814814793002e-11,-2.981817903702222e-09,0.0 | 0 | 1.580894263497612e-06,3.070666565463398e-08,-1.2228490442467432e-10 | -1.8929581813154073e-07,-1.6514725302840816e-06,1.6591166058788076e-05 | 1,7
5940 | 198.0000103265047 | 155.36843872070312,187.5700225830078,0.17220836877822876 | 1.3812698762549758e-09,5.932481883519358e-08,-5.530388875740755e-07 | 0 | -2.5464356440352276e-05,7.292558166227536e-07,3.6402518777123305e-09 | 1.935061710867103e-08,3.2696163998480188e-06,-1.6019057511584833e-05 | 1,7
5950 | 198.33334367722273 | 155.36843872070312,187.5700225830078,0.17220836877822876 | 5.181201023773951e-10,-4.4473535965039446e-10,-2.6698430133365036e-07 | 0 | 2.6823073540072073e-07,2.782141734769539e-07,3.315033794346056e-12 | -3.9301291110405145e-09,-1.100883117999274e-08,-1.1442183449617005e-06 | 1,7
5960 | 198.66667702794075 | 155.36843872070312,187.5700225830078,0.17220836877822876 | 1.368267943391288e-09,1.3307629442849134e-09,-1.5256246399530937e-07 | 0 | -1.0587122005745186e-06,7.349548241109005e-07,1.209770391502607e-11 | -3.9301291110405145e-09,-1.1009442246745493e-08,-1.1442184586485382e-06 | 1,7
5970 | 199.00001037865877 | 155.36843872070312,187.5700225830078,0.17220836877822876 | 2.7543940461782768e-09,4.35418767708029e-09,-1.907030799941367e-08 | 0 | -3.021317979801097e-06,1.4722552350576734e-06,1.797012712245749e-11 | 2.742821436640952e-08,4.047840462817476e-08,0.0 | 1,7
5980 | 199.3333437293768 | 155.36843872070312,187.5700225830078,0.17220836877822876 | -6.023083143347208e-10,-1.2861371967431978e-09,-1.907030799941367e-08 | 0 | 6.820040425736806e-07,-3.1554142765344295e-07,-9.457244883048777e-12 | -4.7111402778909905e-08,-5.325304286429855e-08,8.581638212490361e-06 | 1,7
5990 | 199.66667708009481 | 155.36843872070312,187.5700225830078,0.17220836877822876 | -9.88783721567188e-09,-1.874013122460383e-08,-2.288436888875367e-07 | 0 | 8.013612387003377e-06,-5.075343324278947e-06,-1.0996990817968566e-10 | -1.3660991449171433e-08,3.4905942580820692e-09,-1.1442186860222137e-06 | 1,7
6000 | 200.00001043081284 | 155.36843872070312,187.5700225830078,0.17220836877822876 | 1.1314354786406966e-08,2.099644902386899e-08,-4.0047643778962083e-07 | 0 | -9.663007404014934e-06,5.846768090123078e-06,1.6178519635090538e-10 | -4.250119811644026e-09,-3.489581601456848e-08,-1.1442178902143496e-06 | 1,7
6010 | 200.33334378153086 | 155.36843872070312,187.5700225830078,0.17220836877822876 | 3.3588007375406903e-10,-4.342559992154271e-11,-2.0977338976990723e-07 | 0 | 2.2915925512734248e-07,1.736940475893789e-07,6.4104615712934354e-12 | 1.2135432214677166e-08,2.4992711900040376e-08,-1.1442186860222137e-06 | 1,7
6020 | 200.66667713224888 | 155.36843872070312,187.5700225830078,0.17220836877822876 | 2.2188786363841473e-09,3.154136951621922e-09,-3.814061599882734e-08 | 0 | -2.3849684112065006e-06,1.1916952189494623e-06,7.332395975112593e-12 | 1.1362756957566944e-08,4.476885084869764e-09,-5.721092293242691e-07 | 1,7
6030 | 201.0000104829669 | 155.36843872070312,187.5700225830078,0.17220836877822876 | 4.683307630592992e-10,9.43516265117239e-10,-1.907030799941367e-08 | 0 | -5.003265073355578e-07,2.4534196541026176e-07,5.104440307934777e-12 | 9.465706440892063e-09,-2.7060185203708897e-09,9.153747669188306e-06 | 1,7
6040 | 201.33334383368492 | 155.36843872070312,187.5700225830078,0.17220836877822876 | 7.80782494214094e-10,3.4146957483827123e-10,-2.8605461466213455e-07 | 0 | -2.329280306412329e-07,4.189855928871111e-07,-4.838438330545536e-11 | -1.599663868034895e-08,-2.3322240849665832e-07,-1.1442186860222137e-06 | 1,7
6050 | 201.66667718440294 | 155.36843872070312,187.5700225830078,0.17220836877822876 | 5.181201578885464e-10,-4.4473535965039446e-10,-2.6698430133365036e-07 | 0 | 2.6823073540072073e-07,2.782141734769539e-07,3.3140881532112143e-12 | -3.930127778772885e-09,-1.100883117999274e-08,-1.1442183449617005e-06 | 1,7
6060 | 202.00001053512096 | 155.36843872070312,187.5700225830078,0.17220836877822876 | 1.3682680544135906e-09,1.3307630553072158e-09,-1.5256246399530937e-07 | 0 | -1.0587122005745186e-06,7.349548241109005e-07,1.2101931436137026e-11 | -3.9301291110405145e-09,-1.1009439582210234e-08,-1.1442184586485382e-06 | 1,7
6070 | 202.33334388583899 | 155.36843872070312,187.5700225830078,0.17220836877822876 | 2.7543940461782768e-09,4.35418767708029e-09,-1.907030799941367e-08 | 0 | -3.021317979801097e-06,1.4722552350576734e-06,1.7971648474945923e-11 | 2.742821436640952e-08,4.047840462817476e-08,0.0 | 1,7
6080 | 202.666677236557 | 155.36843872070312,187.5700225830078,0.17220836877822876 | -6.023082588235695e-10,-1.2861373077655003e-09,-1.907030799941367e-08 | 0 | 6.820040425736806e-07,-3.1554142765344295e-07,-9.451045848707373e-12 | -7.058562090378473e-08,-7.182094208246781e-08,8.581638212490361e-06 | 1,7
6090 | 203.00001058727503 | 155.36843872070312,187.5700225830078,0.17220836877822876 | -8.524398076303896e-09,-2.0254992350032808e-08,-2.6698430133365036e-07 | 0 | 9.142044291365892e-06,-4.346150490164291e-06,-9.438579084974918e-11 | -1.387617931669638e-08,7.807940072268593e-09,-1.1442183449617005e-06 | 1,7
6100 | 203.33334393799305 | 155.36843872070312,187.5700225830078,0.17220836877822876 | 9.758793773073648e-09,1.9995663791405605e-08,-3.623358395543619e-07 | 0 | -8.22635593067389e-06,5.006196715839906e-06,-6.712263384001105e-11 | 5.223519679020683e-07,9.4924337190605e-07,-5.72109183849534e-06 | 1,7
6110 | 203.66667728871107 | 155.36843872070312,187.5700225830078,0.17220836877822876 | -5.042285700085358e-09,-7.274304270055154e-09,-1.3349215066682518e-07 | 0 | 5.131657871970674e-06,-2.6980940219800686e-06,-3.983569377141727e-11 | -4.457943703073397e-08,-3.960672856351266e-08,0.0 | 1,7
6120 | 204.0000106394291 | 155.36843872070312,187.5700225830078,0.17220836877822876 | 1.5685303722534627e-08,2.6811603603960066e-08,-2.8605461466213455e-07 | 0 | -1.3557359125115909e-05,8.19298111309763e-06,-2.368206152014718e-11 | 5.158802878213464e-07,8.930818466978963e-07,-6.293201295193285e-06 | 1,7
6130 | 204.3333439901471 | 155.36843872070312,187.5700225830078,0.17220836877822876 | 4.683307630592992e-10,9.43516265117239e-10,-1.907030799941367e-08 | 0 | -5.003265073355578e-07,2.4534196541026176e-07,5.1047924568004e-12 | 2.8119194439568673e-07,6.000911980663659e-07,8.581638212490361e-06 | 1,7
6140 | 204.66667734086514 | 155.36843872070312,187.5700225830078,0.17220836877822876 | -1.6816441572586882e-08,-3.090125844096292e-08,-1.3349215066682518e-07 | 0 | 1.624545438971836e-05,-8.792733751761261e-06,1.669613058918884e-11 | -5.454998586174042e-07,-9.486659564572619e-07,4.576873834594153e-06 | 1,7
6150 | 205.00001069158316 | 155.36843872070312,187.5700225830078,0.17220836877822876 | 1.5633959682403997e-09,1.2713949892884102e-09,-2.288436888875367e-07 | 0 | -1.0145620308321668e-06,8.39431663735013e-07,1.4197934494752928e-11 | -3.930122449702367e-09,-1.1009179345933262e-08,-1.1442186860222137e-06 | 1,7
6160 | 205.33334404230118 | 155.36843872070312,187.5700225830078,0.17220836877822876 | 2.4135422549420582e-09,3.046930485695043e-09,-1.1442184444376835e-07 | 0 | -2.3415257146552904e-06,1.2961714901393862e-06,2.2964597237717932e-11 | -3.930388903228277e-09,-1.1030815372237157e-08,-1.1442183449617005e-06 | 1,7
6170 | 205.6666773930192 | 155.36843872070312,187.5700225830078,0.17220836877822876 | 1.633784663113147e-08,2.7549162950890604e-08,-2.8605461466213455e-07 | 0 | -1.4108642972132657e-05,8.543082003598101e-06,-1.7137813737577723e-11 | 5.158732392374077e-07,8.924828307499411e-07,-6.293201295193285e-06 | 1,7
6180 | 206.00001074373722 | 155.36843872070312,187.5700225830078,0.17220836877822876 | 1.7450018319209448e-08,2.996909032049189e-08,-2.0977338976990723e-07 | 0 | -1.5892472220002674e-05,9.140491783909965e-06,-1.5198656569404e-11 | 2.405012935469131e-07,2.9303561177584925e-07,8.009528755792417e-06 | 1,7
6190 | 206.33334409445524 | 155.36843872070312,187.5700225830078,0.17220836877822876 | -9.29733801058319e-09,-1.9977445475660716e-08,-2.288436888875367e-07 | 0 | 8.827033525449224e-06,-4.7637236093578395e-06,-1.5063454650299235e-10 | -3.943058768385299e-09,-1.0322195542755708e-08,-1.1442186860222137e-06 | 1,7
6200 | 206.66667744517326 | 155.36843872070312,187.5700225830078,0.17220836877822876 | 1.0408154338392706e-09,4.192720615137091e-10,-2.479139880051662e-07 | 0 | -3.7313884604373015e-07,5.588318003901804e-07,5.7402147271568005e-12 | -4.3287768924926695e-09,-2.2505453500798467e-08,-1.1442178902143496e-06 | 1,7
6210 | 207.00001079589128 | 155.36843872070312,187.5700225830078,0.17220836877822876 | 2.4135422549420582e-09,3.046930485695043e-09,-1.1442184444376835e-07 | 0 | -2.3415257146552904e-06,1.2961714901393862e-06,2.2963122722763352e-11 | -3.930388903228277e-09,-1.1030815372237157e-08,-1.1442183449617005e-06 | 1,7
6220 | 207.3333441466093 | 155.36843872070312,187.5700225830078,0.17220836877822876 | 2.7543940461782768e-09,4.35418767708029e-09,-1.907030799941367e-08 | 0 | -3.021317979801097e-06,1.4722552350576734e-06,1.796824321276258e-11 | 2.742821436640952e-08,4.047840462817476e-08,0.0 | 1,7
6230 | 207.66667749732733 | 155.36843872070312,187.5700225830078,0.17220836877822876 | 4.683307630592992e-10,9.43516265117239e-10,-1.907030799941367e-08 | 0 | -5.003265073355578e-07,2.4534196541026176e-07,5.104885264506365e-12 | -1.5940413433668255e-08,-2.0163980707366136e-07,9.153747669188306e-06 | 1,7
6240 | 208.00001084804535 | 155.36843872070312,187.5700225830078,0.17220836877822876 | 7.276843572157077e-10,1.2047303432627388e-10,-3.2419524131910293e-07 | 0 | 2.285983100591693e-07,3.8288629866656265e-07,-5.684289497431827e-11 | 1.5374800099721142e-08,-1.8039708038486424e-07,0.0 | 1,7
6250 | 208.33334419876337 | 155.36843872070312,187.5700225830078,0.17220836877822876 | 1.9480161927987183e-09,2.0851906867846992e-09,-1.9070306223056832e-07 | 0 | -1.7485249372839462e-06,1.0505696081963833e-06,2.9483061825263945e-11 | -2.3749580080334454e-08,-3.808014881201416e-08,-1.1442178902143496e-06 | 1,7
6260 | 208.6666775494814 | 155.36843872070312,187.5700225830078,0.17220836877822876 | 1.3682680544135906e-09,1.3307630553072158e-09,-1.5256246399530937e-07 | 0 | -1.0587122005745186e-06,7.349548241109005e-07,1.2100566208761432e-11 | -3.9301291110405145e-09,-1.1009439582210234e-08,-1.1442184586485382e-06 | 1,7
6270 | 209.0000109001994 | 155.36843872070312,187.5700225830078,0.17220836877822876 | 2.7543940461782768e-09,4.35418767708029e-09,-1.907030799941367e-08 | 0 | -3.021317979801097e-06,1.4722552350576734e-06,1.7967511159455718e-11 | 2.742821436640952e-08,4.047840462817476e-08,0.0 | 1,7
6280 | 209.33334425091743 | 155.36843872070312,187.5700225830078,0.17220836877822876 | -6.023082588235695e-10,-1.2861373077655003e-09,-1.907030799941367e-08 | 0 | 6.820040425736806e-07,-3.1554142765344295e-07,-9.450647729669637e-12 | -6.104068006607122e-08,-6.57217782418229e-08,8.581638212490361e-06 | 1,7
6290 | 209.66667760163546 | 155.36843872070312,187.5700225830078,0.17220836877822876 | -8.518869165641263e-09,-2.1130574623384746e-08,-2.288436888875367e-07 | 0 | 9.686401426733937e-06,-4.347602043708321e-06,-1.4070643261643312e-10 | -3.92211552124877e-09,-7.401012691587994e-09,-1.1442186860222137e-06 | 1,7
6300 | 210.00001095235348 | 155.36843872070312,187.5700225830078,0.17220836877822876 | -4.5139356662227126e-12,-1.3027869893988964e-09,-2.8605461466213455e-07 | 0 | 9.096174267142487e-07,-2.3925181835693365e-09,-2.1318788748225792e-12 | -3.9300376286632854e-09,-1.1008663314271416e-08,-1.1442186860222137e-06 | 1,7
6310 | 210.3333443030715 | 155.36843872070312,187.5700225830078,0.17220836877822876 | 2.9361799658289556e-09,3.905099354994945e-09,-9.535153111528416e-08 | 0 | -2.9829400318703847e-06,1.5767799368404667e-06,2.8351748032617863e-11 | -3.931454717331917e-09,-1.1183213466381403e-08,-1.1442182312748628e-06 | 1,7
6320 | 210.66667765378952 | 155.36843872070312,187.5700225830078,0.17220836877822876 | 6.505052607685968e-10,5.321046936401785e-10,-9.535153111528416e-08 | 0 | -4.6142980636432185e-07,3.49870560967247e-07,4.472592868981495e-12 | -3.9312517685630155e-09,-1.118058534643751e-08,-1.1442182312748628e-06 | 1,7
6330 | 211.00001100450754 | 155.36843872070312,187.5700225830078,0.17220836877822876 | 4.683307630592992e-10,9.43516265117239e-10,-1.907030799941367e-08 | 0 | -5.003265073355578e-07,2.4534196541026176e-07,5.105966430912767e-12 | -4.889900040438988e-08,-3.265146375497352e-08,9.153747669188306e-06 | 1,7
6340 | 211.33334435522556 | 155.36843872070312,187.5700225830078,0.17220836877822876 | 7.9094580884842e-10,1.151398643095547e-09,-2.6698430133365036e-07 | 0 | -2.2090711127020768e-07,4.189248841157678e-07,-2.176190061486949e-10 | 5.223051857683458e-07,9.328792884844006e-07,-6.293200840445934e-06 | 1,7
6350 | 211.66667770594358 | 155.36843872070312,187.5700225830078,0.17220836877822876 | -4.5139447735209615e-12,-1.3027869893988964e-09,-2.8605461466213455e-07 | 0 | 9.096174267142487e-07,-2.3925181835693365e-09,-2.1270541751550187e-12 | -3.9300376286632854e-09,-1.1008666866985095e-08,-1.1442186860222137e-06 | 1,7
6360 | 212.0000110566616 | 155.36843872070312,187.5700225830078,0.17220836877822876 | 2.9361799658289556e-09,3.9050989109057355e-09,-9.535153111528416e-08 | 0 | -2.9829400318703847e-06,1.5767799368404667e-06,2.8352799275044305e-11 | -3.931454717331917e-09,-1.1183226789057699e-08,-1.1442182312748628e-06 | 1,7
6370 | 212.33334440737963 | 155.36843872070312,187.5700225830078,0.17220836877822876 | -2.685643485378364e-09,-4.685476451271597e-09,-7.628123199765469e-08 | 0 | 3.2946450119197834e-06,-1.438130198039289e-06,-2.1075710621154542e-11 | -2.522343223176904e-08,-3.6360287225534194e-08,-5.721092293242691e-07 | 1,7
6380 | 212.66667775809765 | 155.36843872070312,187.5700225830078,0.17220836877822876 | 4.683307630592992e-10,9.43516265117239e-10,-1.907030799941367e-08 | 0 | -5.003265073355578e-07,2.4534196541026176e-07,5.105830688800772e-12 | 2.8122028083998885e-07,6.190746830725402e-07,8.581638212490361e-06 | 1,7
6390 | 213.00001110881567 | 155.36843872070312,187.5700225830078,0.17220836877822876 | -1.6816441572586882e-08,-3.090125844096292e-08,-1.3349215066682518e-07 | 0 | 1.624545438971836e-05,-8.792733751761261e-06,1.6680891043452384e-11 | -5.454998586174042e-07,-9.486659564572619e-07,4.576873834594153e-06 | 1,7
6400 | 213.3333444595337 | 155.36843872070312,187.5700225830078,0.17220836877822876 | 2.086024020186983e-09,2.1294728203002933e-09,-2.0977338976990723e-07 | 0 | -1.6559681625949452e-06,1.1200352219020715e-06,1.963926764270152e-11 | -3.930215708436435e-09,-1.1009359646152461e-08,-1.1442186860222137e-06 | 1,7
6410 | 213.6666778102517 | 155.36843872070312,187.5700225830078,0.17220836877822876 | 2.4135422549420582e-09,3.046930485695043e-09,-1.1442184444376835e-07 | 0 | -2.3415257146552904e-06,1.2961714901393862e-06,2.2963065476888644e-11 | -3.930388903228277e-09,-1.1030815372237157e-08,-1.1442183449617005e-06 | 1,7
6420 | 214.00001116096973 | 155.36843872070312,187.5700225830078,0.17220836877822876 | 2.7543940461782768e-09,4.35418767708029e-09,-1.907030799941367e-08 | 0 | -3.021317979801097e-06,1.4722552350576734e-06,1.796817035437659e-11 | 2.742821436640952e-08,4.047840462817476e-08,0.0 | 1,7
6430 | 214.33334451168776 | 155.36843872070312,187.5700225830078,0.17220836877822876 | 4.683307630592992e-10,9.43516265117239e-10,-1.907030799941367e-08 | 0 | -5.003265073355578e-07,2.4534196541026176e-07,5.104873555122902e-12 | -1.5940413433668255e-08,-2.0163980707366136e-07,9.153747669188306e-06 | 1,7
6440 | 214.66667786240578 | 155.36843872070312,187.5700225830078,0.17220836877822876 | 7.276843017045564e-10,1.2047296493733484e-10,-3.2419524131910293e-07 | 0 | 2.2859828163745988e-07,3.8288629866656265e-07,-5.6843987850108135e-11 | 1.5374798323364303e-08,-1.8039708038486424e-07,0.0 | 1,7
6450 | 215.0000112131238 | 155.36843872070312,187.5700225830078,0.17220836877822876 | 1.9480161927987183e-09,2.0851906867846992e-09,-1.9070306223056832e-07 | 0 | -1.7485249372839462e-06,1.0505696081963833e-06,2.948301325300662e-11 | -2.3749580080334454e-08,-3.808014881201416e-08,-1.1442178902143496e-06 | 1,7
6460 | 215.33334456384182 | 155.36843872070312,187.5700225830078,0.17220836877822876 | 1.3682680544135906e-09,1.3307630553072158e-09,-1.5256246399530937e-07 | 0 | -1.0587122005745186e-06,7.349548241109005e-07,1.210054105527103e-11 | -3.9301291110405145e-09,-1.1009439582210234e-08,-1.1442184586485382e-06 | 1,7
6470 | 215.66667791455984 | 155.36843872070312,187.5700225830078,0.17220836877822876 | 2.7543940461782768e-09,4.35418767708029e-09,-1.907030799941367e-08 | 0 | -3.021317979801097e-06,1.4722552350576734e-06,1.7967440035793203e-11 | 2.742821436640952e-08,4.047840462817476e-08,0.0 | 1,7
6480 | 216.00001126527786 | 155.36843872070312,187.5700225830078,0.17220836877822876 | -6.023082588235695e-10,-1.2861373077655003e-09,-1.907030799941367e-08 | 0 | 6.820040425736806e-07,-3.1554142765344295e-07,-9.450632117158353e-12 | -6.104068006607122e-08,-6.57217782418229e-08,8.581638212490361e-06 | 1,7
6490 | 216.33334461599588 | 155.36843872070312,187.5700225830078,0.17220836877822876 | -8.518869165641263e-09,-2.1130574623384746e-08,-2.288436888875367e-07 | 0 | 9.686401426733937e-06,-4.347602043708321e-06,-1.407062105718282e-10 | -3.92211552124877e-09,-7.401012691587994e-09,-1.1442186860222137e-06 | 1,7
6500 | 216.6666779667139 | 155.36843872070312,187.5700225830078,0.17220836877822876 | -4.513931329414023e-12,-1.3027869893988964e-09,-2.8605461466213455e-07 | 0 | 9.096174267142487e-07,-2.3925184056139415e-09,-2.131903160951243e-12 | -3.9300376286632854e-09,-1.1008663314271416e-08,-1.1442186860222137e-06 | 1,7
6510 | 217.00001131743193 | 155.36843872070312,187.5700225830078,0.17220836877822876 | 2.9361799658289556e-09,3.905099354994945e-09,-9.535153111528416e-08 | 0 | -2.9829400318703847e-06,1.5767799368404667e-06,2.8351673439508396e-11 | -3.931454717331917e-09,-1.1183213466381403e-08,-1.1442182312748628e-06 | 1,7
6520 | 217.33334466814995 | 155.36843872070312,187.5700225830078,0.17220836877822876 | 6.505052607685968e-10,5.321046936401785e-10,-9.535153111528416e-08 | 0 | -4.6142980636432185e-07,3.49870560967247e-07,4.4725828943215085e-12 | -3.9312517685630155e-09,-1.118058534643751e-08,-1.1442182312748628e-06 | 1,7
6530 | 217.66667801886797 | 155.36843872070312,187.5700225830078,0.17220836877822876 | 4.683307630592992e-10,9.43516265117239e-10,-1.907030799941367e-08 | 0 | -5.003265073355578e-07,2.4534196541026176e-07,5.1059538541675664e-12 | -4.889900040438988e-08,-3.265146375497352e-08,9.153747669188306e-06 | 1,7
6540 | 218.000011369586 | 155.36843872070312,187.5700225830078,0.17220836877822876 | 7.9094580884842e-10,1.151398643095547e-09,-2.6698430133365036e-07 | 0 | -2.2090711127020768e-07,4.189248841157678e-07,-2.1762268376246396e-10 | 5.223051857683458e-07,9.328792884844006e-07,-6.293200840445934e-06 | 1,7
6550 | 218.333344720304 | 155.36843872070312,187.5700225830078,0.17220836877822876 | -4.5139447735209615e-12,-1.3027869893988964e-09,-2.8605461466213455e-07 | 0 | 9.096174267142487e-07,-2.3925181835693365e-09,-2.1270522235911082e-12 | -3.9300376286632854e-09,-1.1008666866985095e-08,-1.1442186860222137e-06 | 1,7
6560 | 218.66667807102203 | 155.36843872070312,187.5700225830078,0.17220836877822876 | 2.9361799658289556e-09,3.9050989109057355e-09,-9.535153111528416e-08 | 0 | -2.9829400318703847e-06,1.5767799368404667e-06,2.8351394149028764e-11 | -3.931454717331917e-09,-1.1183226789057699e-08,-1.1442182312748628e-06 | 1,7
6570 | 219.00001142174006 | 155.36843872070312,187.5700225830078,0.17220836877822876 | -2.685643485378364e-09,-4.685476451271597e-09,-7.628123199765469e-08 | 0 | 3.2946450119197834e-06,-1.438130198039289e-06,-2.107566031417374e-11 | -2.522343223176904e-08,-3.6360287225534194e-08,-5.721092293242691e-07 | 1,7
6580 | 219.33334477245808 | 155.36843872070312,187.5700225830078,0.17220836877822876 | 4.683307630592992e-10,9.43516265117239e-10,-1.907030799941367e-08 | 0 | -5.003265073355578e-07,2.4534196541026176e-07,5.105818979417309e-12 | 2.8122028083998885e-07,6.190745693857025e-07,8.581638212490361e-06 | 1,7
6590 | 219.6666781231761 | 155.36843872070312,187.5700225830078,0.17220836877822876 | 1.1902848151557066e-10,-7.987128181063952e-10,-3.0512492799061874e-07 | 0 | 4.0531975287194655e-07,6.867283985911854e-08,1.1778796688011184e-11 | -2.3506611768198127e-08,-3.313581586894543e-08,-1.1442186860222137e-06 | 1,7
6600 | 220.00001147389412 | 155.36843872070312,187.5700225830078,0.17220836877822876 | 2.086024020186983e-09,2.1294728203002933e-09,-2.0977338976990723e-07 | 0 | -1.6559681625949452e-06,1.1200352219020715e-06,1.9639304071894514e-11 | -3.930215708436435e-09,-1.1009359646152461e-08,-1.1442186860222137e-06 | 1,7
6610 | 220.33334482461214 | 155.36843872070312,187.5700225830078,0.17220836877822876 | 2.4135422549420582e-09,3.046930485695043e-09,-1.1442184444376835e-07 | 0 | -2.3415257146552904e-06,1.2961714901393862e-06,2.2963027312972173e-11 | -3.930388903228277e-09,-1.1030815372237157e-08,-1.1442183449617005e-06 | 1,7
6620 | 220.66667817533016 | 155.36843872070312,187.5700225830078,0.17220836877822876 | 2.7543940461782768e-09,4.35418767708029e-09,-1.907030799941367e-08 | 0 | -3.021317979801097e-06,1.4722552350576734e-06,1.7968132190460118e-11 | 2.742821436640952e-08,4.047840462817476e-08,0.0 | 1,7
6630 | 221.00001152604818 | 155.36843872070312,187.5700225830078,0.17220836877822876 | 4.683307630592992e-10,9.43516265117239e-10,-1.907030799941367e-08 | 0 | -5.003265073355578e-07,2.4534196541026176e-07,5.105980308700575e-12 | 3.6564415495377034e-08,-1.7947974129128852e-07,9.153747669188306e-06 | 1,7
6640 | 221.3333448767662 | 155.36843872070312,187.5700225830078,0.17220836877822876 | 1.5625292171250749e-09,8.585374078329266e-10,-3.0512492799061874e-07 | 0 | -6.955797857699508e-07,8.385907790398051e-07,4.755205344070257e-12 | -4.2569112679302634e-09,-3.8364134979929077e-08,-1.1442186860222137e-06 | 1,7
6650 | 221.66667822748423 | 155.36843872070312,187.5700225830078,0.17220836877822876 | 5.18135923055496e-10,-4.4460390924427884e-10,-2.8605461466213455e-07 | 0 | 2.6819870413419267e-07,2.7822235892926983e-07,3.2390841311208396e-12 | -3.931246883581707e-09,-1.1179750458722992e-08,-1.1442186860222137e-06 | 1,7
6660 | 222.00001157820225 | 155.36843872070312,187.5700225830078,0.17220836877822876 | 2.413542476986663e-09,3.046930707739648e-09,-1.1442184444376835e-07 | 0 | -2.3415257146552904e-06,1.2961714901393862e-06,2.2979519329058284e-11 | -3.930382241890129e-09,-1.103080915498822e-08,-1.1442183449617005e-06 | 1,7
6670 | 222.33334492892027 | 155.36843872070312,187.5700225830078,0.17220836877822876 | 6.505054273020505e-10,5.321046936401785e-10,-9.535153111528416e-08 | 0 | -4.6142980636432185e-07,3.49870560967247e-07,4.4767735525585994e-12 | -3.931248215849337e-09,-1.118058712279435e-08,-1.1442182312748628e-06 | 1,7
6680 | 222.6666782796383 | 155.36843872070312,187.5700225830078,0.17220836877822876 | 4.683307630592992e-10,9.43516265117239e-10,-1.907030799941367e-08 | 0 | -5.003265073355578e-07,2.4534196541026176e-07,5.104720032095278e-12 | -2.7481476649882097e-08,-5.989720364141249e-08,9.153747669188306e-06 | 1,7
6690 | 223.0000116303563 | 155.36843872070312,187.5700225830078,0.17220836877822876 | 2.085078332214607e-09,1.704362206922383e-09,-2.8605461466213455e-07 | 0 | -1.337151388725033e-06,1.1191971225343877e-06,1.8253343281315892e-11 | -3.954056637667236e-09,-1.4366573708457508e-08,-1.1442186860222137e-06 | 1,7
6700 | 223.33334498107433 | 155.3688201904297,187.5700225830078,0.17222163081169128 | 0.02213333733379841,-9.101117757381871e-05,1.7163276311293885e-07 | 0 | -0.000636125507298857,-0.07539266347885132,-0.0012078151339665055 | 0.6640000343322754,-0.0027304356917738914,9.725856216391549e-06 | 0,0
6710 | 223.66667833179235 | 155.3145294189453,187.56976318359375,0.17156730592250824 | -0.48503822088241577,0.0021280888468027115,-3.0703195079695433e-06 | 0 | 0.005644713994115591,0.4230945110321045,-0.668479859828949 | -2.665210008621216,0.031039362773299217,-9.49701206991449e-05 | 0,0
6720 | 224.00001168251038 | 154.9519500732422,187.57122802734375,0.1700262725353241 | -1.7582221031188965,0.010355648584663868,-1.2243137462064624e-05 | 270.3 | -0.00014128077600616962,0.3955276608467102,-0.19162030518054962 | -4.030877113342285,0.01400062721222639,-5.94993653066922e-05 | 0,0
6730 | 224.3333450332284 | 154.16427612304688,187.57589721679688,0.16977980732917786 | -2.8442230224609375,0.017527874559164047,2.784264779620571e-06 | 270.4 | -0.004037901759147644,-0.11412207782268524,-0.0629599466919899 | -2.807650327682495,0.009754969738423824,1.3730617865803652e-05 | 0,0
6740 | 224.66667838394642 | 153.0597686767578,187.58258056640625,0.17017997801303864 | -3.7283787727355957,0.023316044360399246,4.634084689314477e-06 | 270.4 | -0.0010642358101904392,-0.08391619473695755,-0.05398297682404518 | -2.564384698867798,0.016465017572045326,-1.8307486243429594e-05 | 0,0
6750 | 225.00001173466444 | 151.75360107421875,187.590576171875,0.17127543687820435 | -3.9347288608551025,0.024638723582029343,6.560185283888131e-06 | 270.4 | 0.0006129886023700237,-0.39347243309020996,-0.03525225818157196 | 0.06944417208433151,0.005315076094120741,3.8331312680384144e-05 | 0,0
6760 | 225.33334508538246 | 150.4286346435547,187.59878540039062,0.1716974973678589 | -4.268167018890381,0.0262741781771183,-3.432655262258777e-07 | 270.4 | 0.0019715006928890944,0.4793426990509033,0.002625384135171771 | -4.104666233062744,0.024565288797020912,-3.4326549211982638e-06 | 0,0
6770 | 225.66667843610048 | 148.83802795410156,187.60848999023438,0.17126163840293884 | -5.087074279785156,0.030758187174797058,0.008953547105193138 | 270.3 | -0.001076583517715335,-0.05927697941660881,0.005237244069576263 | -1.3267706632614136,0.007694921921938658,-0.1800399124622345 | 0,0
6780 | 226.0000117868185 | 147.10813903808594,187.61892700195312,0.17230452597141266 | -5.167797565460205,0.03063885308802128,-0.0010643901769071817 | 270.3 | -0.0012289066798985004,-0.3710046410560608,0.007598124910145998 | 0.47206875681877136,-0.005330442916601896,0.00253100972622633 | 0,0
6790 | 226.33334513753653 | 145.40066528320312,187.62892150878906,0.172728031873703 | -5.090528964996338,0.02880999445915222,-0.0002631702518556267 | 270.3 | -0.002363745588809252,-0.06358781456947327,0.03303494304418564 | 0.06384371966123581,-0.0059565152041614056,0.0013747778721153736 | 0,0
6800 | 226.66667848825455 | 143.69981384277344,187.63832092285156,0.17265380918979645 | -5.10614538192749,0.02648942917585373,-4.746599370264448e-05 | 270.3 | -0.003089842153713107,0.00032451399601995945,0.06493617594242096 | -0.10057925432920456,-0.007642283570021391,0.0002969247580040246 | 0,0
6810 | 227.00001183897257 | 141.98895263671875,187.6469268798828,0.17258918285369873 | -5.140535831451416,0.02318192459642887,-7.723474482190795e-06 | 270.3 | -0.003829984925687313,-0.01785690151154995,0.09830841422080994 | -0.09128092974424362,-0.016054918989539146,9.039325232151896e-05 | 0,0
6820 | 227.3333451896906 | 140.2685546875,187.6543731689453,0.1725928783416748 | -5.162800312042236,0.01902531273663044,-3.5089365155727137e-06 | 270.2 | -0.0005974576924927533,-0.029488513246178627,0.1262449324131012 | -0.04786491021513939,-0.013128015212714672,-8.410004375036806e-05 | 0,0
6830 | 227.6666785404086 | 138.5430145263672,187.66030883789062,0.17261451482772827 | -5.173325538635254,0.013907398097217083,1.029796635521052e-06 | 270.2 | 0.001542768906801939,-0.029203826561570168,0.15178093314170837 | -0.022859571501612663,-0.012841465882956982,9.725856216391549e-06 | 0,0
6840 | 228.00001189112663 | 136.81483459472656,187.66452026367188,0.1726265251636505 | -5.17997932434082,0.008339735679328442,7.05601394201949e-07 | 270.1 | 0.000933926785364747,-0.02556540071964264,0.16823779046535492 | -0.0202560406178236,-0.016904257237911224,5.8927245845552534e-05 | 0,0
6850 | 228.33334524184465 | 135.08432006835938,187.6668701171875,0.1726279854774475 | -5.18754768371582,0.0027680438943207264,3.2419524131910293e-07 | 270.0 | 0.00342669733799994,-0.023511184379458427,0.17601187527179718 | -0.0243759136646986,-0.006642504129558802,6.293201295193285e-05 | 0,0
6860 | 228.66667859256268 | 133.35110473632812,187.66741943359375,0.17262637615203857 | -5.196076393127441,-0.0017626105109229684,3.432655262258777e-07 | 270.0 | 0.0138627914711833,-0.023350775241851807,0.15295809507369995 | -0.026564596220850945,0.008795755915343761,-4.004764832643559e-06 | 0,0
6870 | 229.0000119432807 | 131.6149444580078,187.6664581298828,0.17262500524520874 | -5.205159664154053,-0.00654465239495039,9.535153111528416e-08 | 269.9 | 0.0036104635801166296,-0.023411035537719727,0.1490871012210846 | -0.027680395171046257,-0.003423392539843917,3.4326549211982638e-06 | 0,0
6880 | 229.33334529399872 | 129.70169067382812,187.6637420654297,0.17262530326843262 | -5.214716911315918,-0.010861319489777088,9.916559520206647e-07 | 269.9 | -0.0012885823380202055,-0.02412085421383381,0.13200582563877106 | -0.02383231930434704,-0.02297445945441723,5.72109183849534e-06 | 0,0
6890 | 229.66667864471674 | 128.13389587402344,187.66046142578125,0.17262710630893707 | -5.221424579620361,-0.012990972958505154,-1.6781871181592578e-06 | 269.9 | 0.007239759899675846,-0.02418597787618637,0.10011681914329529 | -0.021257398650050163,0.005506602581590414,-7.551841554231942e-05 | 0,0
6900 | 230.00001199543476 | 126.38965606689453,187.65597534179688,0.17262855172157288 | -5.228370666503906,-0.015535607933998108,1.163288743555313e-06 | 269.8 | -0.0005132186342962086,-0.023902175948023796,0.08463912457227707 | -0.020341871306300163,-0.014962953515350819,2.288436735398136e-05 | 0,0
6910 | 230.33334534615278 | 124.64314270019531,187.6508026123047,0.17262935638427734 | -5.235077381134033,-0.01699782721698284,1.0870074902413762e-06 | 269.8 | 0.001574365422129631,-0.023716209456324577,0.0605451874434948 | -0.01964092068374157,-0.005620792042464018,1.716327460599132e-05 | 0,0
6920 | 230.6666786968708 | 122.89444732666016,187.64512634277344,0.17262989282608032 | -5.2415385246276855,-0.018018418923020363,9.153747555501468e-07 | 269.8 | 0.00237348023802042,-0.023593762889504433,0.041240788996219635 | -0.0195693951100111,-0.0010259448317810893,1.3730620594287757e-05 | 0,0
6930 | 231.00001204758883 | 121.14356994628906,187.63909912109375,0.17262950539588928 | -5.248252868652344,-0.01861380599439144,-9.535153822071152e-07 | 269.8 | 0.002096565207466483,-0.023391101509332657,0.024261292070150375 | -0.020184515044093132,-0.0005917064263485372,-1.6019057511584833e-05 | 0,0
6940 | 231.33334539830685 | 119.3904037475586,187.63291931152344,0.17262893915176392 | -5.255312919616699,-0.01912434585392475,-7.246716791087238e-07 | 269.8 | 0.00022520634229294956,-0.023176021873950958,0.016661204397678375 | -0.02204417996108532,-0.0022548434790223837,-1.0297965673089493e-05 | 0,0
6950 | 231.66667874902487 | 117.634765625,187.626708984375,0.17262740433216095 | -5.263174533843994,-0.019231576472520828,8.96304470643372e-07 | 269.8 | 0.0009385181474499404,-0.02295795828104019,0.006667481269687414 | -0.024347303435206413,0.0007639824762009084,2.288439191033831e-06 | 0,0
6960 | 232.0000120997429 | 115.8764419555664,187.62046813964844,0.17262664437294006 | -5.271203517913818,-0.01927909255027771,-1.1442184586485382e-06 | 269.8 | 0.0003893217071890831,-0.023341333493590355,0.0013160236412659287 | -0.02341747097671032,7.789581286488101e-05,-1.3158511137589812e-05 | 0,0
6970 | 232.3333454504609 | 114.11555480957031,187.6140594482422,0.17262732982635498 | -5.278580665588379,-0.019310858100652695,2.0977338976990723e-07 | 269.8 | 0.00017240917077288032,-0.02355288527905941,-0.0005850745947100222 | -0.02151489071547985,0.00023804603551980108,-2.288436689923401e-06 | 0,0
6980 | 232.66667880117893 | 112.35225677490234,187.6074981689453,0.17262786626815796 | -5.285782337188721,-0.01933424174785614,3.8140612446113664e-07 | 269.8 | 0.0003424047608859837,-0.02335994690656662,-0.0017324675573036075 | -0.021185873076319695,0.0003572925634216517,-1.1442182767495979e-05 | 0,0
6990 | 233.00001215189695 | 110.58661651611328,187.6011505126953,0.17262840270996094 | -5.292696952819824,-0.019153567031025887,9.535153822071152e-07 | 269.8 | 0.000714707188308239,-0.023285117000341415,-0.006580844521522522 | -0.02082824520766735,0.0011721811024472117,1.2014294043183327e-05 | 0,0
7000 | 233.33334550261497 | 108.81868743896484,187.59486389160156,0.17262859642505646 | -5.299571514129639,-0.018726982176303864,2.479139880051662e-07 | 269.8 | 0.0010257508838549256,-0.02322908490896225,-0.01356444600969553 | -0.02037048153579235,0.002349391346797347,-2.8033349735778756e-05 | 0,0
7010 | 233.666678853333 | 107.04847717285156,187.58865356445312,0.17262840270996094 | -5.306379318237305,-0.017890630289912224,-1.4684136431242223e-06 | 269.8 | 0.0010877989698201418,-0.02319241687655449,-0.024437716230750084 | -0.020127294585108757,0.003801863407716155,-1.9451712432783097e-05 | 0,0
7020 | 234.00001220405102 | 105.27603912353516,187.58274841308594,0.17262901365756989 | -5.31291389465332,-0.016736842691898346,-1.5065542129377718e-06 | 269.8 | 0.0011431380407884717,-0.02319778874516487,-0.034765396267175674 | -0.01941203884780407,0.006263628136366606,1.144218367699068e-05 | 0,0
7030 | 234.33334555476904 | 103.50146484375,187.57730102539062,0.17262950539588928 | -5.3192620277404785,-0.015183653682470322,-3.814061599882734e-08 | 269.8 | 0.000763721764087677,-0.023131821304559708,-0.04686933755874634 | -0.018825529143214226,0.004227160941809416,-1.2586401680891868e-05 | 0,0
7040 | 234.66667890548706 | 101.72476959228516,187.57237243652344,0.17262916266918182 | -5.325850009918213,-0.013336898759007454,4.0047643778962083e-07 | 269.9 | -0.000252836529398337,-0.02278582751750946,-0.056225668638944626 | -0.02055644802749157,0.005530183669179678,-2.2884373720444273e-06 | 0,0
7050 | 235.00001225620508 | 99.94574737548828,187.5680694580078,0.17262805998325348 | -5.333155632019043,-0.011238286271691322,6.293201408880122e-07 | 269.9 | 0.00033997520222328603,-0.022561363875865936,-0.06450489163398743 | -0.02265929989516735,0.006807669531553984,6.293200385698583e-06 | 0,0
7060 | 235.3333456069231 | 98.16425323486328,187.56446838378906,0.17262713611125946 | -5.340693950653076,-0.00876886211335659,8.772341288931784e-07 | 269.9 | 0.0025406789500266314,-0.022806935012340546,-0.07649899274110794 | -0.022416112944483757,0.01316662784665823,9.153746941592544e-05 | 0,0
14960 | 498.66669267416 | 168.88682556152344,187.62445068359375,0.17779380083084106 | -1.154013752937317,-0.02352883294224739,0.0004145312705077231 | 268.8 | 0.03305545821785927,-1.5038776397705078,-0.09206657111644745 | 8.952754974365234,0.19946664571762085,0.015242133289575577 | 0,0
14970 | 499.000026024878 | 168.45277404785156,187.61550903320312,0.17392535507678986 | -1.7601449489593506,-0.03403881564736366,0.0006825834861956537 | 268.9 | -0.043385811150074005,1.7938963174819946,-0.13405251502990723 | -3.9555106163024902,-0.0746183767914772,-0.0027438350953161716 | 0,0
14980 | 499.33335937559605 | 167.6774444580078,187.60052490234375,0.17069809138774872 | -2.777555227279663,-0.048461321741342545,0.0001081477093975991 | 269.0 | -0.0030120047740638256,0.3362042307853699,-0.27944955229759216 | -2.766129732131958,-0.03427639231085777,-0.0007128480938263237 | 0,0
14990 | 499.66669272631407 | 166.6824188232422,187.5836944580078,0.1717144399881363 | -2.514071464538574,-0.034741684794425964,2.6850993890548125e-05 | 269.2 | 0.013435013592243195,-1.400546908378601,-0.3945596218109131 | 7.439338684082031,0.13525640964508057,-9.039320138981566e-05 | 0,0
15000 | 500.0000260770321 | 166.03170776367188,187.57460021972656,0.17316260933876038 | -2.0944416522979736,-0.023647921159863472,9.611435416445602e-06 | 269.4 | -0.010913343168795109,0.7327321171760559,-0.3349570035934448 | -2.7454731464385986,-0.026788560673594475,0.00013959466014057398 | 0,0
15010 | 500.3333594277501 | 165.16436767578125,187.56480407714844,0.17093566060066223 | -3.0338964462280273,-0.024860292673110962,-6.426693744288059e-06 | 269.5 | 0.004878164269030094,0.34181052446365356,-0.5379425287246704 | -2.6911780834198,0.004780590068548918,-7.66626326367259e-05 | 0,0
15020 | 500.66669277846813 | 164.33358764648438,187.55764770507812,0.17369048297405243 | -1.707840085029602,-0.008571690879762173,-1.0164474588236772e-05 | 269.7 | -0.01681775599718094,-0.7377344369888306,-0.3204975128173828 | 1.6983245611190796,0.013086720369756222,-0.00015389738837257028 | 0,0
15030 | 501.00002612918615 | 163.6782989501953,187.55377197265625,0.17203468084335327 | -2.392854690551758,-0.007859435863792896,5.3015455705462955e-06 | 269.8 | -0.001359282759949565,0.7697563767433167,-0.42381003499031067 | -2.9922006130218506,-0.043278347700834274,-3.54707553924527e-05 | 0,0
15040 | 501.3333594799042 | 162.7167205810547,187.5502166748047,0.1705760508775711 | -3.285583019256592,-0.0021517884451895952,-5.3015455705462955e-06 | 270.0 | 0.004806476645171642,0.09523101150989532,-0.5616977214813232 | -1.8785761594772339,0.023690588772296906,5.4922486015129834e-05 | 0,0
15050 | 501.6666928306222 | 161.90757751464844,187.54913330078125,0.17454619705677032 | -1.173642873764038,0.0021635442972183228,-2.029080678767059e-05 | 270.1 | -0.04073108360171318,-1.4761217832565308,-0.22909872233867645 | 9.000677108764648,-0.014178107492625713,-0.00022426681243814528 | 0,0
15060 | 502.0000261813402 | 161.8616943359375,187.5492401123047,0.17507709562778473 | 0.0017033579060807824,-6.902530003571883e-05,3.705360722960904e-05 | 0 | 0.00827710796147585,0.9800356030464172,7.235986413434148e-05 | 0.00048593382234685123,-5.394692925619893e-05,0.0002580212603788823 | 0,0
15070 | 502.33335953205824 | 161.86038208007812,187.54925537109375,0.17279052734375 | 0.0005877448711544275,-4.341333806223702e-06,7.265786734933499e-06 | 0 | 0.003031466156244278,0.3201323449611664,3.436572660575621e-05 | -0.0029752803966403008,0.0005617670249193907,-8.696063014212996e-05 | 0,0
15080 | 502.66669288277626 | 161.86013793945312,187.54925537109375,0.17235851287841797 | 0.00010109643335454166,-1.2459404388209805e-06,-9.344450404569216e-07 | 0 | 0.0009373207576572895,0.05437547713518143,4.498978796618758e-06 | -7.105102849891409e-05,6.17691921434016e-06,1.1442186860222137e-06 | 0,0
15090 | 503.0000262334943 | 161.8600616455078,187.54925537109375,0.17225094139575958 | 2.0461746316868812e-05,-3.594927306949103e-07,-3.814061599882734e-08 | 0 | 0.00024111763923428953,0.010955434292554855,6.521938757941825e-07 | 9.429858619114384e-05,1.9794290437857853e-06,1.3158511137589812e-05 | 0,0
15100 | 503.3333595842123 | 161.8600311279297,187.54925537109375,0.17222025990486145 | 0.0,0.0,0.0 | 0 | 0.0,0.0,0.0 | -0.0003368770412635058,3.472813432381372e-06,2.6317022275179625e-05 | 0,0
15110 | 503.6666929349303 | 161.8600311279297,187.54925537109375,0.17221218347549438 | 2.971697085740743e-06,-1.0734633093534285e-07,-5.911795142310439e-07 | 0 | 7.492080476367846e-05,0.0015943145845085382,1.3797146891647571e-07 | -1.2376211998343933e-05,-7.57793372940796e-07,-1.6019057511584833e-05 | 0,0
15120 | 504.00002628564835 | 161.8600311279297,187.54925537109375,0.17220988869667053 | 8.587202273702133e-07,-1.1544202038749063e-08,5.7210922221884175e-08 | 0 | 1.1614536560955457e-05,0.0004606385191436857,4.041351076011779e-08 | -1.9611097741289996e-06,-2.237105263702688e-06,3.432655148571939e-06 | 0,0
15130 | 504.33335963636637 | 161.8600311279297,187.54925537109375,0.17220881581306458 | 2.3294660422834568e-07,-1.804948546180185e-08,-2.8605461466213455e-07 | 0 | 7.394056865450693e-06,0.00012466440966818482,6.794461882009273e-09 | 6.051009791008255e-07,-1.3042247246630723e-06,3.432654466450913e-06 | 0,0
15140 | 504.6666929870844 | 161.8600311279297,187.54925537109375,0.17220881581306458 | 6.471093882964851e-08,9.502852948983787e-10,-1.7163276311293885e-07 | 0 | -5.480117124534445e-07,3.451422162470408e-05,1.131172377988321e-09 | 7.372134405159159e-07,1.312458408619932e-08,-2.2884369172970764e-06 | 0,0
15150 | 505.0000263378024 | 161.8600311279297,187.54925537109375,0.17220881581306458 | 0.0,0.0,0.0 | 0 | 0.0,0.0,0.0 | -2.1690024709641875e-07,-5.031973273617041e-07,3.3754440664779395e-05 | 0,0
15160 | 505.33335968852043 | 161.8600311279297,187.54925537109375,0.17220881581306458 | -1.3852923252954952e-09,9.531223810199663e-09,-4.386170644465892e-07 | 0 | -6.233439762581838e-06,-7.509819965889619e-07,-8.961490577386044e-11 | -4.919099865219323e-07,9.469960104979691e-07,3.432654466450913e-06 | 0,0
15170 | 505.66669303923845 | 161.8600311279297,187.54925537109375,0.17220881581306458 | 9.239540688099623e-09,1.6615676612374841e-09,-5.530388875740755e-07 | 0 | -1.0572407518338878e-06,4.947684828948695e-06,3.7193237378829735e-10 | 7.496322673716804e-09,3.940662907098158e-08,-2.2884357804286992e-06 | 0,0
15180 | 506.0000263899565 | 161.8600311279297,187.54925537109375,0.17220881581306458 | -6.658756324107173e-10,2.7526732004901078e-09,-3.623358395543619e-07 | 0 | -2.054769083770225e-06,-3.5481795634950686e-07,4.080414391788301e-12 | -1.5620734927779267e-08,1.6762589927221683e-10,-2.288436689923401e-06 | 0,0
15190 | 506.3333597406745 | 161.8600311279297,187.54925537109375,0.17220881581306458 | 6.442257838301657e-10,2.984291036511877e-09,-1.7163276311293885e-07 | 0 | -2.0402039808686823e-06,3.425098213938327e-07,3.306006163272812e-11 | 7.704036519839974e-09,3.284836225248e-08,-2.2884369172970764e-06 | 0,0
15200 | 506.6666930913925 | 161.8600311279297,187.54925537109375,0.17220881581306458 | 0.0,0.0,0.0 | 0 | 0.0,0.0,0.0 | -5.537033587188489e-08,4.4974861168611824e-08,2.5744913727976382e-05 | 0,0
15210 | 507.00002644211054 | 161.8600311279297,187.54925537109375,0.17220881581306458 | 3.8407921287841873e-10,2.926371811540207e-09,-7.437419640154985e-07 | 0 | -1.9968656488345005e-06,2.0317976634487422e-07,2.287044512105929e-11 | 7.704029414412616e-09,3.283480154436802e-08,-2.2884357804286992e-06 | 0,0
15220 | 507.33335979282856 | 161.8600311279297,187.54925537109375,0.17220881581306458 | 6.491547299702916e-10,1.46028633629669e-09,-5.530388875740755e-07 | 0 | -9.019220783557103e-07,3.4593787745507143e-07,3.400757800364751e-11 | 7.704012539022642e-09,3.2835082208748645e-08,-2.2884357804286992e-06 | 0,0
15230 | 507.6666931435466 | 161.8600311279297,187.54925537109375,0.17220881581306458 | 8.892612757271934e-10,4.959840094187484e-09,-3.623358395543619e-07 | 0 | -3.6806720800086623e-06,4.770575401380484e-07,5.353999535384624e-11 | -4.20494128405835e-09,1.001445504300591e-08,-2.288436689923401e-06 | 0,0
15240 | 508.0000264942646 | 161.8600311279297,187.54925537109375,0.17220881581306458 | 3.260493430801148e-09,-1.0029583830117872e-09,-1.7163276311293885e-07 | 0 | 8.95488540209044e-07,1.745948111420148e-06,1.414178496528251e-10 | 2.6824288568150223e-08,1.5053757351779495e-08,-2.2884369172970764e-06 | 0,0
15250 | 508.3333598449826 | 161.8600311279297,187.54925537109375,0.17220881581306458 | 0.0,0.0,0.0 | 0 | 0.0,0.0,0.0 | 3.096846512562479e-08,5.6228337541597284e-08,2.5744913727976382e-05 | 0,0
15260 | 508.66669319570065 | 161.8600311279297,187.54925537109375,0.17220881581306458 | -3.6447573847908643e-09,9.565741532213679e-10,-7.437419640154985e-07 | 0 | -5.278602657199372e-07,-1.954038907570066e-06,-1.3145880217724226e-10 | 7.960085035563225e-09,4.1521634130958773e-08,-2.2884357804286992e-06 | 0,0
15270 | 509.00002654641867 | 161.8600311279297,187.54925537109375,0.17220881581306458 | -5.241262424071635e-10,-3.6701099936919945e-09,-5.530388875740755e-07 | 0 | 2.4491730528097833e-06,-2.7152503889738e-07,2.118546484075612e-11 | -3.8886280862016065e-08,-5.078507214761885e-08,-2.2884357804286992e-06 | 0,0
15280 | 509.3333598971367 | 161.8600311279297,187.54925537109375,0.17220881581306458 | 5.00367192124429e-10,4.3890442391614215e-09,-3.623358395543619e-07 | 0 | -3.2744762847869424e-06,2.690881046873983e-07,4.685504068069335e-11 | -1.5871762570895953e-08,-7.109419275508344e-09,-2.288436689923401e-06 | 0,0
15290 | 509.6666932478547 | 161.8600311279297,187.54925537109375,0.17220881581306458 | 6.442257838301657e-10,2.984291036511877e-09,-1.7163276311293885e-07 | 0 | -2.0402039808686823e-06,3.425098213938327e-07,3.306087695276183e-11 | 7.704036519839974e-09,3.2848355147052644e-08,-2.2884369172970764e-06 | 0,0
15300 | 510.00002659857273 | 161.8600311279297,187.54925537109375,0.17220881581306458 | 0.0,0.0,0.0 | 0 | 0.0,0.0,0.0 | 2.3381915070785908e-08,-1.3201539417195818e-08,2.5744913727976382e-05 | 0,0
15310 | 510.33335994929075 | 161.8600311279297,187.54925537109375,0.17220881581306458 | -2.581188873751472e-10,2.5110394319405316e-10,-7.437419640154985e-07 | 0 | 1.4713825713386086e-09,-1.3946167598533066e-07,-9.50330851338943e-13 | 7.704067606084664e-09,3.283732041836629e-08,-2.2884357804286992e-06 | 0,0
15320 | 510.6666933000088 | 161.8600311279297,187.54925537109375,0.17220881581306458 | -2.553593170251389e-10,-6.026342758147507e-10,-5.530388875740755e-07 | 0 | 6.390385465238069e-07,-1.3754205951954646e-07,-3.140075547670984e-13 | 7.70434560593003e-09,3.3065628457507046e-08,-2.2884357804286992e-06 | 0,0
15330 | 511.0000266507268 | 161.8600311279297,187.54925537109375,0.17220881581306458 | 3.888093180748342e-10,1.4630450184682786e-09,-3.623358395543619e-07 | 0 | -9.039089263751521e-07,2.0646997711537551e-07,2.380007128877093e-11 | 7.704028526234197e-09,3.283533800413352e-08,-2.288436689923401e-06 | 0,0
15340 | 511.3333600014448 | 161.8600311279297,187.54925537109375,0.17220881581306458 | 1.1681525746709553e-09,1.975763108674755e-09,-1.7163276311293885e-07 | 0 | -1.3075652987026842e-06,6.23634775820392e-07,5.646675141357527e-11 | 1.535967086851997e-08,2.317031366771971e-08,-2.2884369172970764e-06 | 0,0
15350 | 511.66669335216284 | 161.8600311279297,187.54925537109375,0.17220881581306458 | 0.0,0.0,0.0 | 0 | 0.0,0.0,0.0 | -3.081310850916452e-08,6.796344376169827e-09,2.5744913727976382e-05 | 0,0
15360 | 512.0000267028809 | 161.8600311279297,187.54925537109375,0.17220881581306458 | -1.4317025343046907e-09,-2.0414221424402967e-09,-7.437419640154985e-07 | 0 | 1.4901634131092578e-06,-7.625311013725877e-07,-9.735858820525412e-12 | -2.7021336279631214e-08,-1.518423964341764e-08,-2.2884357804286992e-06 | 0,0
15370 | 512.3333600535989 | 161.8600311279297,187.54925537109375,0.17220881581306458 | -2.5535934478071454e-10,-6.026342758147507e-10,-5.530388875740755e-07 | 0 | 6.390385465238069e-07,-1.3754205951954646e-07,-3.1193466863352337e-13 | 7.70434471775161e-09,3.3065628457507046e-08,-2.2884357804286992e-06 | 0,0
15380 | 512.6666934043169 | 161.8600311279297,187.54925537109375,0.17220881581306458 | 3.888093180748342e-10,1.4630450184682786e-09,-3.623358395543619e-07 | 0 | -9.039089263751521e-07,2.0646997711537551e-07,2.3800083431835262e-11 | 7.704028526234197e-09,3.283533800413352e-08,-2.288436689923401e-06 | 0,0
15390 | 513.0000267550349 | 161.8600311279297,187.54925537109375,0.17220881581306458 | 6.442257838301657e-10,2.984291036511877e-09,-1.7163276311293885e-07 | 0 | -2.0402039808686823e-06,3.425098213938327e-07,3.3060828380504503e-11 | 7.704036519839974e-09,3.284836225248e-08,-2.2884369172970764e-06 | 0,0
15400 | 513.333360105753 | 161.8600311279297,187.54925537109375,0.17220881581306458 | 0.0,0.0,0.0 | 0 | 0.0,0.0,0.0 | 3.548533911157392e-08,3.6684845383661013e-08,2.5744913727976382e-05 | 0,0
15410 | 513.666693456471 | 161.8600311279297,187.54925537109375,0.17220881581306458 | -3.9962039233287783e-10,9.209349394190269e-10,-7.437419640154985e-07 | 0 | -6.863777457510878e-07,-2.112391399577973e-07,1.509509184316471e-11 | -1.5625396088125854e-08,-7.133110213608518e-10,-2.2884357804286992e-06 | 0,0
15420 | 514.000026807189 | 161.8600311279297,187.54925537109375,0.17220881581306458 | -6.595771706585651e-10,8.020356045967958e-10,-5.530388875740755e-07 | 0 | -5.975033445793088e-07,-3.504359256112366e-07,4.970540472271079e-12 | -1.5625335691993314e-08,-7.002015078860779e-10,-2.2884357804286992e-06 | 0,0
15430 | 514.333360157907 | 161.8600311279297,187.54925537109375,0.17220881581306458 | 2.660945075394494e-10,-9.107861131951722e-10,-3.623358395543619e-07 | 0 | 8.247407095041126e-07,1.4193747688295844e-07,3.222077812892188e-11 | 7.762961828916559e-09,1.5307973555422905e-08,-2.288436689923401e-06 | 0,0
15440 | 514.666693508625 | 161.8600311279297,187.54925537109375,0.17220881581306458 | -1.2022592643656793e-10,6.333737978536647e-10,-1.7163276311293885e-07 | 0 | -4.5617659338859085e-07,-7.113529676416874e-08,-5.621589652116121e-11 | 8.34623126166889e-09,2.264548326635918e-09,-2.2884369172970764e-06 | 0,0
15450 | 515.000026859343 | 161.8600311279297,187.54925537109375,0.17220881581306458 | 0.0,0.0,0.0 | 0 | 0.0,0.0,0.0 | 7.738163887438532e-09,-4.074167669898543e-09,2.5744913727976382e-05 | 0,0
15460 | 515.3333602100611 | 161.8600311279297,187.54925537109375,0.17220881581306458 | 1.0138843098417283e-09,3.858908748100021e-09,-7.437419640154985e-07 | 0 | -3.1386539376399014e-06,5.484316147885693e-07,6.386737666508324e-11 | -2.7485924647407955e-08,-3.553173399950538e-08,-2.2884357804286992e-06 | 0,0
15470 | 515.6666935607791 | 161.8600311279297,187.54925537109375,0.17220881581306458 | -2.731746828743553e-09,4.0188988248424096e-10,-5.530388875740755e-07 | 0 | -1.1045035108736556e-07,-1.464656634198036e-06,-9.80127576322154e-11 | 7.70419639195552e-09,3.2835320240565125e-08,-2.2884357804286992e-06 | 0,0
15480 | 516.0000269114971 | 161.8600311279297,187.54925537109375,0.17220881581306458 | 3.6419141036247993e-09,1.79094539198843e-09,-3.623358395543619e-07 | 0 | -1.1497756986500463e-06,1.9489816622808576e-06,1.512151931448713e-10 | 7.703916615753315e-09,3.293407502269474e-08,-2.288436689923401e-06 | 0,0
15490 | 516.3333602622151 | 161.8600311279297,187.54925537109375,0.17220881581306458 | -2.083390127083362e-09,-1.68241609532771e-09,-1.7163276311293885e-07 | 0 | 1.2576576864375966e-06,-1.1118847851321334e-06,-4.875622128253099e-11 | -1.561581086662045e-08,1.5572775291516905e-09,-2.2884369172970764e-06 | 0,0
15500 | 516.6666936129332 | 161.8600311279297,187.54925537109375,0.17220881581306458 | 0.0,0.0,0.0 | 0 | 0.0,0.0,0.0 | -5.0503949466929043e-08,-3.177449769964369e-08,2.5744913727976382e-05 | 0,0
15510 | 517.0000269636512 | 161.8600311279297,187.54925537109375,0.17220881581306458 | 1.4168392015179165e-09,2.819853017754781e-09,-7.437419640154985e-07 | 0 | -2.0824661532969913e-06,7.607859515701421e-07,7.530551876522296e-11 | -4.204972814392249e-09,1.0014854723294775e-08,-2.2884357804286992e-06 | 0,0
15520 | 517.3333603143692 | 161.8600311279297,187.54925537109375,0.17220881581306458 | -9.100084574775735e-10,2.502522411518271e-09,-5.530388875740755e-07 | 0 | -1.828541599024902e-06,-4.936231903229782e-07,-8.413233998361136e-11 | 1.57663020416976e-08,1.2256941239741082e-08,-2.2884357804286992e-06 | 0,0
15530 | 517.6666936650872 | 161.8600311279297,187.54925537109375,0.17220881581306458 | -1.0442591236170529e-09,1.8455017514185101e-09,-3.623358395543619e-07 | 0 | -1.189160911962972e-06,-5.614193696601433e-07,-3.257849892635001e-11 | 7.704110238648809e-09,3.2836712904327214e-08,-2.288436689923401e-06 | 0,0
15540 | 518.0000270158052 | 161.8600311279297,187.54925537109375,0.17220881581306458 | -1.416328720971194e-10,1.652833758747363e-09,-1.7163276311293885e-07 | 0 | -1.2306261396588525e-06,-7.341571972574457e-08,2.3076249244802227e-11 | -1.5871723491045486e-08,-7.095353637964763e-09,-2.2884369172970764e-06 | 0,0
15550 | 518.3333603665233 | 161.8600311279297,187.54925537109375,0.17220881581306458 | 0.0,0.0,0.0 | 0 | 0.0,0.0,0.0 | -3.533132897359792e-08,2.9566114889689743e-08,2.5744913727976382e-05 | 0,0
15560 | 518.6666937172413 | 161.8600311279297,187.54925537109375,0.17220881581306458 | 3.8948419489592823e-10,-1.588640330396629e-09,-7.437419640154985e-07 | 0 | 1.187380007650063e-06,2.1277973871747236e-07,4.771437411843493e-11 | -1.5620674531646728e-08,3.6708966422160927e-10,-2.2884357804286992e-06 | 0,0
15570 | 519.0000270679593 | 161.8600311279297,187.54925537109375,0.17220881581306458 | 5.27611732081823e-10,-1.2874465937784407e-09,-5.530388875740755e-07 | 0 | 1.1000945505657e-06,2.822280293912627e-07,4.616904081267137e-11 | 7.96151855553262e-09,3.0493044533841385e-08,-2.2884357804286992e-06 | 0,0
15580 | 519.3333604186773 | 161.8497314453125,187.5492401123047,0.172114297747612 | -0.062285926192998886,-0.00014773137809243053,-8.96304470643372e-07 | 0 | -0.003802231512963772,0.014190683141350746,-0.005293163005262613 | -0.363489031791687,0.0007361685275100172,-6.2932022046879865e-06 | 0,0
15590 | 519.6666937693954 | 161.6186981201172,187.5490264892578,0.1704767644405365 | -1.3099225759506226,0.0033400068059563637,-8.123951374727767e-06 | 270.1 | 0.012075270526111126,0.5028353929519653,-0.17680861055850983 | -5.25932502746582,0.023661740124225616,5.721085017285077e-06 | 0,0
15600 | 520.0000271201134 | 160.98582458496094,187.54981994628906,0.16978484392166138 | -2.457127809524536,0.00876935850828886,-2.002382188948104e-06 | 270.2 | 0.016259370371699333,0.03897317871451378,-0.33904653787612915 | -3.1562302112579346,0.07101958245038986,0.00010240754636470228 | 0,0
15610 | 520.3333604708314 | 160.00393676757812,187.55238342285156,0.1701429784297943 | -3.2726712226867676,0.014584826305508614,4.672225259128027e-06 | 270.3 | -0.005113198421895504,-0.3470040261745453,-0.36157649755477905 | 0.01845359615981579,0.01209190022200346,1.8879594790632837e-05 | 0,0
15620 | 520.6666938215494 | 159.2760467529297,187.5550994873047,0.1749848872423172 | -0.87229323387146,0.00487854378297925,-3.444097455940209e-05 | 0 | -0.02350488118827343,-1.352860689163208,-0.09100300073623657 | 8.68973445892334,-0.04019278660416603,-0.00043251446913927794 | 0,0
15630 | 521.0000271722674 | 158.84190368652344,187.55709838867188,0.1724017709493637 | -1.7977739572525024,0.009987099096179008,1.382597201882163e-05 | 270.3 | 0.010892728343605995,1.032302737236023,-0.3358675539493561 | -3.6459193229675293,0.01936602219939232,-0.00018421918503008783 | 0,0
15640 | 521.3333605229855 | 158.03955078125,187.56114196777344,0.17035166919231415 | -2.8821606636047363,0.01687975786626339,-8.410005648329388e-06 | 270.3 | -0.0037872372195124626,0.17093342542648315,-0.16875874996185303 | -2.8008625507354736,0.012432429008185863,7.437410658894805e-06 | 0,0
15650 | 521.6666938737035 | 156.92225646972656,187.56748962402344,0.17026564478874207 | -3.7649176120758057,0.024319251999258995,2.44099942392495e-06 | 270.4 | 0.00017993166693486273,-0.032404202967882156,-0.17387394607067108 | -2.560128927230835,0.021299922838807106,7.723474118392915e-05 | 0,0
15660 | 522.0000272244215 | 155.61532592773438,187.5755615234375,0.17134776711463928 | -3.9277920722961426,0.026654738932847977,4.576873834594153e-06 | 270.4 | -0.0001449102273909375,-0.3714061677455902,-0.12564624845981598 | 0.0693511888384819,0.009635276161134243,-2.2884339614392957e-06 | 0,0
15670 | 522.3333605751395 | 154.28550720214844,187.5841827392578,0.17160548269748688 | -4.325254917144775,0.02872765250504017,7.628122489222733e-07 | 270.4 | -0.003223585896193981,0.5150591135025024,-0.04426084831357002 | -3.8791463375091553,0.009623988531529903,6.922521424712613e-05 | 0,0
15680 | 522.6666939258575 | 152.7024688720703,187.59454345703125,0.1709335297346115 | -4.85919713973999,0.03198237344622612,-2.8605461466213455e-07 | 270.4 | -0.0019012009724974632,-0.43434327840805054,-0.029577959328889847 | 2.2860143184661865,-0.011028571985661983,2.8605460101971403e-05 | 0,0
15690 | 523.0000272765756 | 151.3803253173828,187.6031036376953,0.17361247539520264 | -3.7389166355133057,0.024444103240966797,-1.2395699968692497e-06 | 270.4 | 0.0035527879372239113,0.3489053547382355,0.0024523911997675896 | -1.2698005437850952,0.0054784673266112804,8.524427539668977e-05 | 0,0
15700 | 523.3333606272936 | 150.02520751953125,187.61196899414062,0.17165660858154297 | -4.36086893081665,0.028319954872131348,3.814061599882734e-08 | 270.4 | -0.0008706154185347259,0.373487651348114,0.008438484743237495 | -1.7074154615402222,0.008774622343480587,-5.721091724808502e-07 | 0,0
15710 | 523.6666939780116 | 148.49591064453125,187.62173461914062,0.17131847143173218 | -4.742676734924316,0.029878711327910423,-1.7544682577863568e-06 | 270.4 | -0.0025643478147685528,-0.07121647894382477,0.022097107023000717 | -0.7401179671287537,0.0013916752068325877,-3.4326578770560445e-06 | 0,0
15720 | 524.0000273287296 | 146.89944458007812,187.6315155029297,0.1718577891588211 | -4.786083221435547,0.027940010651946068,3.1466006475966424e-06 | 270.3 | -0.0038034834433346987,-0.1586732268333435,0.055841270834207535 | 0.08543013781309128,-0.010372045449912548,4.748506034957245e-05 | 0,0
15730 | 524.3333606794477 | 145.3248748779297,187.64035034179688,0.1725030094385147 | -4.384504795074463,0.021933946758508682,-1.8498197960070684e-06 | 270.3 | -0.003233414376154542,-0.7092576026916504,0.08529112488031387 | 5.715450763702393,-0.03734428063035011,-3.8903424865566194e-05 | 0,0
15740 | 524.6666940301657 | 143.97994995117188,187.64678955078125,0.172982320189476 | -4.085230827331543,0.01639961265027523,5.320615400705719e-06 | 270.2 | -0.003038780065253377,0.48803892731666565,0.1422158032655716 | -1.4468621015548706,-0.01031488087028265,6.693676550639793e-05 | 0,0
15750 | 525.0000273808837 | 142.5257568359375,187.65245056152344,0.17157825827598572 | -4.567224025726318,0.013756964355707169,-1.2967809652764117e-06 | 270.2 | 1.374315434077289e-05,0.1535004824399948,0.1720573455095291 | -0.997738778591156,-0.007179183419793844,4.5768715608573984e-06 | 0,0
15760 | 525.3333607316017 | 140.9691619873047,187.65882873535156,0.1717049777507782 | -4.714783191680908,0.030117273330688477,9.535153111528416e-08 | 270.4 | 0.060489825904369354,-0.1276581734418869,-0.33185523748397827 | -0.08464335650205612,-0.05624670162796974,-5.091771890874952e-05 | 0,0
15770 | 525.6666940823197 | 139.40496826171875,187.72052001953125,0.1721591204404831 | -4.640560626983643,0.5382367372512817,-3.6214511055732146e-05 | 276.6 | 1.684059739112854,-0.1640055775642395,-11.86062240600586 | 0.7588290572166443,3.9748921394348145,-0.00026831909781321883 | 0,0
15780 | 526.0000274330378 | 137.9497833251953,188.0774688720703,0.17281970381736755 | -4.005305290222168,1.994932770729065,-0.0003004145692102611 | 296.5 | 0.5403116345405579,-0.20062418282032013,-37.92827606201172 | -0.14704225957393646,0.30391570925712585,0.0005349216517060995 | 0,0
15790 | 526.3333607837558 | 136.6527099609375,188.7353515625,0.172702819108963 | -3.7512340545654297,2.419983386993408,0.00030632634297944605 | 302.8 | -2.19577956199646,1.0194709300994873,-25.115556716918945 | -1.0087250471115112,-1.1018370389938354,-0.0005389266298152506 | 0,0
15800 | 526.6666941344738 | 135.36619567871094,189.61956787109375,0.17182475328445435 | -3.5456786155700684,3.5258169174194336,-0.0001841428893385455 | 314.8 | 1.6528337001800537,-0.8933320045471191,-35.820560455322266 | 2.0931599140167236,3.58630633354187,-0.0010801422176882625 | 0,0
15810 | 527.0000274851918 | 134.34683227539062,190.86476135253906,0.17263148725032806 | -2.1622610092163086,4.480335712432861,-0.00015540393360424787 | 334.2 | -1.0054500102996826,1.060637354850769,-47.6146240234375 | 0.09501456469297409,1.1090468168258667,0.006361281964927912 | 0,0
15820 | 527.3333608359098 | 133.42367553710938,192.24569702148438,0.17256446182727814 | -2.266911029815674,4.4444122314453125,-0.005736892111599445 | 333.0 | 1.7750110626220703,-2.679621934890747,-23.120376586914062 | 6.072856903076172,2.3580262660980225,0.07661827653646469 | 0,0
15830 | 527.6666941866279 | 132.76834106445312,193.73760986328125,0.17217959463596344 | -1.7718464136123657,4.676991939544678,0.000557672989089042 | 339.3 | -1.071390986442566,2.4760329723358154,-16.10296058654785 | -0.7572376132011414,0.21160124242305756,0.0018645036034286022 | 0,0
15840 | 528.0000275373459 | 132.34768676757812,195.30224609375,0.17269161343574524 | -0.27011826634407043,4.8510003089904785,-0.00011653864203253761 | 356.8 | 0.05466831848025322,-0.2046431601047516,-37.338680267333984 | 2.9904768466949463,0.14734266698360443,0.003223835024982691 | 0,0
15850 | 528.3333608880639 | 132.14950561523438,196.906982421875,0.172383114695549 | -0.3361344337463379,4.87923526763916,0.00019049328693654388 | 356.1 | -0.08850511908531189,0.6116864085197449,-14.091758728027344 | 2.6163418292999268,-0.009255408309400082,-0.0018181634368374944 | 0,0
15860 | 528.6666942387819 | 132.04786682128906,198.39376831054688,0.17359787225723267 | -0.06076406314969063,4.045187473297119,-1.1442184586485382e-06 | 359.1 | -0.16463138163089752,0.35740941762924194,-9.592368125915527 | 0.37810593843460083,-0.7903861403465271,0.0001012633292702958 | 0,0
15870 | 529.0000275895 | 132.0074005126953,199.80178833007812,0.1720905303955078 | -0.014539060182869434,4.499812602996826,-2.116804125762428e-06 | 359.8 | 0.4893064498901367,0.3254764974117279,-6.295872688293457 | -0.6894441246986389,1.9502161741256714,-3.4326578770560445e-06 | 0,0
15880 | 529.333360940218 | 131.99891662597656,201.38905334472656,0.1713528335094452 | 0.04470055550336838,4.925346374511719,-6.674607675449806e-07 | 0.5 | -0.05092598497867584,0.2828478217124939,-3.8587863445281982 | -0.4793030023574829,0.619625985622406,6.979732279432938e-05 | 0,0
15890 | 529.666694290936 | 132.0148162841797,203.03843688964844,0.17190860211849213 | 0.09162402153015137,4.9300217628479,4.767576911035576e-07 | 1.1 | -0.17023953795433044,0.23393236100673676,-2.2942471504211426 | -0.44310829043388367,-0.25011059641838074,-3.833131631836295e-05 | 0,0
15900 | 530.000027641654 | 132.04293823242188,204.66629028320312,0.17225967347621918 | 0.09817853569984436,4.852801322937012,1.7735386563799693e-06 | 1.2 | -0.024606792256236076,0.15922240912914276,-0.9338399767875671 | -0.314245343208313,-0.08920668810606003,2.5172806999762543e-05 | 0,0
15910 | 530.333360992372 | 132.07595825195312,206.27877807617188,0.17225047945976257 | 0.10633379966020584,4.823799133300781,7.818825906724669e-07 | 1.3 | 0.00941808894276619,0.07003871351480484,-0.47382283210754395 | -0.17313545942306519,-0.08222579210996628,1.7735384972183965e-05 | 0,0
15920 | 530.6666943430901 | 132.113037109375,207.94036865234375,0.17241397500038147 | 0.1267421990633011,5.267977714538574,0.0015275697223842144 | 1.4 | 0.26184383034706116,-0.02156597375869751,-0.4010188579559326 | 0.06583235412836075,1.390156626701355,-0.061433080583810806 | 0,0
15930 | 531.0000276938081 | 132.15489196777344,209.7117919921875,0.17255893349647522 | 0.1261722445487976,5.247042655944824,-0.0008130244095809758 | 1.4 | -0.272449791431427,0.03412095084786415,-0.14461830258369446 | -0.03723576292395592,-0.5183886885643005,0.0030842397827655077 | 0,0
15940 | 531.3333610445261 | 132.19435119628906,211.44004821777344,0.17283694446086884 | 0.10796429216861725,5.132548809051514,-0.00017525612202007324 | 1.2 | -0.04213253781199455,0.044614214450120926,0.2951200604438782 | -0.07173388451337814,-0.19496439397335052,0.0009067931096069515 | 0,0
15950 | 531.6666943952441 | 132.2272491455078,213.1483612060547,0.17273147404193878 | 0.08175300061702728,5.11445951461792,-3.310605461592786e-05 | 0.9 | 0.010989449918270111,-0.008950942195951939,0.6472210884094238 | -0.026888025924563408,0.029883382841944695,0.00016934433369897306 | 0,0
15960 | 532.0000277459621 | 132.25100708007812,214.85964965820312,0.17262400686740875 | 0.044670429080724716,5.138978958129883,-6.1597093008458614e-06 | 0.5 | -0.005135254934430122,0.03283414617180824,1.013716697692871 | -0.18033753335475922,0.08779048174619675,1.6019052054616623e-05 | 0,0
15970 | 532.3333610966802 | 132.26454162597656,216.579833984375,0.17259544134140015 | 0.013400173746049404,5.163844585418701,-1.9642416191345546e-06 | 0.1 | -0.023553702980279922,0.018299465999007225,1.0602368116378784 | -0.1856502890586853,0.059866901487112045,-5.721088655263884e-06 | 1,3
15980 | 532.6666944473982 | 132.26597595214844,217.950927734375,0.17619377374649048 | -0.04470035061240196,1.9119065999984741,-0.00043867426575161517 | 358.7 | -2.5207931995391846,0.22254128754138947,1.398645043373108 | -0.9725288152694702,-16.49789810180664,0.030000833794474602 | 1,3
15990 | 533.0000277981162 | 132.26522827148438,218.05088806152344,0.17706264555454254 | 9.886683983495459e-05,-0.0027154316194355488,0.0008312937570735812 | 0 | 1.6522868871688843,0.011851220391690731,0.0008616558043286204 | 0.0027043672744184732,-0.002271174220368266,-0.0021368281450122595 | 1,3
16000 | 533.3333611488342 | 132.26516723632812,218.05319213867188,0.17322880029678345 | 0.00010939343337668106,-0.00102965475525707,0.0001735397963784635 | 0 | 0.5674005746841431,0.017823942005634308,0.00016288676124531776 | -0.00018345037824474275,0.005007156636565924,-0.0011425018310546875 | 1,3
16010 | 533.6666944995522 | 132.26513671875,218.0536651611328,0.17246390879154205 | 4.96445682074409e-06,-0.00016764452448114753,2.175922054448165e-05 | 0 | 0.09034712612628937,0.0033113528043031693,-1.8104061382473446e-05 | 1.2239569286975893e-06,1.281208733416861e-05,1.1442169807196478e-06 | 1,3
16020 | 534.0000278502703 | 132.26513671875,218.05380249023438,0.17227962613105774 | 9.719010449771304e-07,-3.1296283850679174e-05,3.7377801618276862e-06 | 0 | 0.01674949750304222,0.000630633847322315,-3.183061153322342e-06 | 5.497408892551903e-06,-0.00021231845312286168,1.8307493519387208e-05 | 1,3
16030 | 534.3333612009883 | 132.26513671875,218.05384826660156,0.17222580313682556 | 5.970595111648436e-07,-1.7087984815589152e-05,1.926101049321005e-06 | 0 | 0.009170188568532467,0.00041140508255921304,-1.849717023105768e-06 | -2.3094110019883374e-06,7.813390402588993e-05,-1.8307493519387208e-05 | 1,3
16040 | 534.6666945517063 | 132.26513671875,218.05386352539062,0.17221499979496002 | 1.7335177915356326e-07,-5.17148419021396e-06,8.390935590796289e-07 | 0 | 0.0027732797898352146,0.00012456589320208877,-5.560848421737319e-07 | -1.647802264415077e-06,1.8188919057138264e-05,5.721119009649556e-07 | 1,3
16050 | 535.0000279024243 | 132.26513671875,218.05386352539062,0.17221061885356903 | 7.472740648495346e-09,-1.441634594812058e-06,8.96304470643372e-07 | 0 | 0.0007729714852757752,1.2108904229535256e-05,-1.5549737497622118e-07 | -3.83567339667934e-06,4.645513399736956e-06,-2.860544327631942e-06 | 1,3
16060 | 535.3333612531424 | 132.26513671875,218.05386352539062,0.17220935225486755 | 6.715470135532087e-08,-3.6874482134408026e-07,2.8605461466213455e-07 | 0 | 0.00019738210539799184,3.069273952860385e-05,-3.4737581700028386e-08 | 1.7137639360953472e-06,-4.920573246636195e-07,-2.288436689923401e-06 | 1,3
16070 | 535.6666946038604 | 132.26513671875,218.05386352539062,0.17220935225486755 | 5.060430741110622e-09,-5.432038818753426e-08,4.767576911035576e-07 | 0 | 2.925588341895491e-05,2.165052819691482e-06,-6.157936827122512e-09 | 8.312069894600427e-07,2.7931170620831836e-07,1.8879603885579854e-05 | 1,3
16080 | 536.0000279545784 | 132.26513671875,218.05386352539062,0.1722082793712616 | -4.802882092036498e-09,-4.5048434316186103e-08,6.293201408880122e-07 | 0 | 2.4050432330113836e-05,-3.4451097690180177e-06,-4.447098245208281e-09 | 4.1010844142874703e-07,-3.7075480463499844e-07,1.1442186860222137e-06 | 1,3
16090 | 536.3333613052964 | 132.26513671875,218.05386352539062,0.1722082793712616 | -7.874359830850608e-09,1.5039777423453415e-08,7.246716791087238e-07 | 0 | -7.642354830750264e-06,-5.705817784473766e-06,6.249801787205911e-10 | -1.8492020359417438e-08,-4.910477002795233e-08,5.721084903598239e-07 | 1,3
16100 | 536.6666946560144 | 132.26513671875,218.05386352539062,0.1722082793712616 | -1.138536598332962e-09,-2.867268422690472e-09,2.6698430133365036e-07 | 0 | 1.5326062339227065e-06,-8.992747666525247e-07,-2.8806967922179183e-10 | 7.458619499800534e-09,-1.5645897022409372e-08,1.1442183449617005e-06 | 1,3
16110 | 537.0000280067325 | 132.26513671875,218.05386352539062,0.1722082793712616 | -1.224246481967839e-09,3.0075832935239077e-09,1.7163276311293885e-07 | 0 | -1.6052704268076923e-06,-9.704847343527945e-07,3.0603344858270987e-10 | 1.0781974424389773e-08,2.34087131900651e-08,1.1442183449617005e-06 | 1,3
16120 | 537.3333613574505 | 132.26513671875,218.05386352539062,0.1722082793712616 | -3.801626125010671e-09,9.057915008325867e-12,7.628123199765469e-08 | 0 | -3.961238892458141e-09,-2.5445879145991057e-06,-3.725461605874614e-11 | -5.139188630209901e-08,1.4106092682819593e-10,1.1442184586485382e-06 | 1,3
16130 | 537.6666947081685 | 132.26513671875,218.05386352539062,0.1722082793712616 | 6.639697236465736e-09,-1.8363237597185389e-09,4.576873777750734e-07 | 0 | 9.83282006927766e-07,4.554354291030904e-06,-1.4393687630676055e-10 | 6.950359932034189e-08,7.62129648279597e-09,1.1442178902143496e-06 | 1,3
16140 | 538.0000280588865 | 132.26513671875,218.05386352539062,0.1722082793712616 | 5.6516398672101786e-08,-2.942132226735339e-08,9.535153111528416e-08 | 0 | 1.531437737867236e-05,2.9385735615505837e-05,3.5821612343056586e-10 | 9.353509540233063e-07,-5.880827984583448e-07,-4.576873379846802e-06 | 1,3
16150 | 538.3333614096045 | 132.26513671875,218.05386352539062,0.1722082793712616 | 1.1631983376503285e-08,-9.688530866469591e-09,2.0977338976990723e-07 | 0 | 5.172399596631294e-06,7.99850658950163e-06,-9.195644801174296e-10 | -1.3017817934724008e-07,-4.7689049154087115e-08,5.721097977584577e-07 | 1,3
16160 | 538.6666947603226 | 132.26513671875,218.05386352539062,0.1722082793712616 | 3.5426539479743724e-09,-1.317671305400836e-09,1.7163276311293885e-07 | 0 | 7.013123308752256e-07,2.6006121061072918e-06,-1.1873173277887616e-10 | 6.9566614691041195e-09,-1.5650055473770408e-08,1.1442183449617005e-06 | 1,3
16170 | 539.0000281110406 | 132.26513671875,218.05386352539062,0.1722082793712616 | 5.522327595208765e-10,-1.0489912272149127e-09,7.628123199765469e-08 | 0 | 5.583838742495573e-07,3.6799445979340817e-07,-9.466503969601803e-11 | 7.482869435193606e-09,-1.5645884587911496e-08,1.1442184586485382e-06 | 1,3
16180 | 539.3333614617586 | 132.26513671875,218.05386352539062,0.1722082793712616 | 7.985371808238995e-10,5.194360497284833e-10,4.576873777750734e-07 | 0 | -2.7825180382023973e-07,4.502814192619553e-07,7.202448359944214e-11 | 2.5610384923879792e-08,-7.065847212883725e-11,1.1442178902143496e-06 | 1,3
16190 | 539.6666948124766 | 132.26513671875,218.05386352539062,0.1722082793712616 | -7.784620059680947e-09,6.705847432897372e-09,4.767576911035576e-07 | 0 | -3.1780255085323006e-06,-4.787640591530362e-06,-7.649630928696638e-11 | -1.8058611885862774e-06,1.0207494369751657e-06,1.144218367699068e-05 | 1,3
16200 | 540.0000281631947 | 132.26513671875,218.05386352539062,0.1722082793712616 | 1.9351967139868975e-08,-8.890484792800635e-09,2.0977338976990723e-07 | 0 | 4.543306204141118e-06,7.692978215345647e-06,8.051368460826325e-10 | 1.1877275483129779e-06,-5.776460056949873e-07,-4.576873379846802e-06 | 1,3
16210 | 540.3333615139127 | 132.26513671875,218.05386352539062,0.1722082793712616 | 1.1564996738044897e-09,-1.0396034033632873e-09,1.7163276311293885e-07 | 0 | 5.594055210167426e-07,1.009261154649721e-06,-1.473573624233282e-10 | -1.5304086886658297e-08,7.991866723955354e-09,1.1442183449617005e-06 | 1,3
16220 | 540.6666948646307 | 132.26513671875,218.05386352539062,0.1722082793712616 | 5.349557463674159e-10,2.6422006249582353e-10,7.628123199765469e-08 | 0 | -1.385930090691545e-07,5.482522169586446e-07,-1.1320684840943063e-11 | -1.5279679743684937e-08,7.991832084996986e-09,1.1442184586485382e-06 | 1,3
16230 | 541.0000282153487 | 132.26513671875,218.05386352539062,0.1722082793712616 | -3.75376574268671e-09,3.2707778707674606e-09,4.576873777750734e-07 | 0 | -1.7472899571657763e-06,-2.606264843052486e-06,3.070690646200802e-10 | -3.3019130540878905e-08,1.5717025902972637e-08,1.1442178902143496e-06 | 1,3
16240 | 541.3333615660667 | 132.26513671875,218.05386352539062,0.1722082793712616 | -1.5461745217493217e-09,3.9994102474238957e-10,3.623358395543619e-07 | 0 | -2.1068447608740826e-07,-9.54174993239576e-07,1.56353055502656e-11 | -6.346762670972339e-09,1.5625280624931293e-08,1.1442178902143496e-06 | 1,3
16250 | 541.6666949167848 | 132.26513671875,218.05386352539062,0.1722082793712616 | -2.096747886426442e-09,2.0942743095275773e-09,2.6698430133365036e-07 | 0 | -1.1178001386724645e-06,-1.371579969600134e-06,1.858863202253147e-10 | -3.306877971454014e-08,1.571701346847476e-08,1.1442183449617005e-06 | 1,3
16260 | 542.0000282675028 | 132.26513671875,218.05386352539062,0.1722082793712616 | -1.2254542935963286e-09,-2.3677769814267613e-12,1.7163276311293885e-07 | 0 | -1.5169558942318417e-09,-9.571766668159398e-07,1.266254202186845e-11 | 7.421279590857921e-09,-1.564604978909756e-08,1.1442183449617005e-06 | 1,3
16270 | 542.3333616182208 | 132.26513671875,218.05386352539062,0.1722082793712616 | -2.4530635300834547e-09,1.0535422534374561e-09,7.628123199765469e-08 | 0 | -5.603761792372097e-07,-1.640300638428016e-06,7.602753843150012e-11 | -3.317903107813436e-08,1.5716786094799318e-08,1.1442184586485382e-06 | 1,3
16280 | 542.6666949689388 | 132.26513671875,218.05386352539062,0.1722082793712616 | 5.4520474940256136e-11,2.6538438113732354e-10,4.576873777750734e-07 | 0 | -1.3911432006352697e-07,2.3024257700399176e-07,-3.3766834814374924e-12 | -3.416835880898361e-08,1.5719281876158675e-08,1.1442178902143496e-06 | 1,3
16290 | 543.0000283196568 | 132.26513671875,218.05386352539062,0.1722082793712616 | -8.707493615034423e-10,-1.227743046117169e-10,3.623358395543619e-07 | 0 | 6.901435511963427e-08,-4.5099713474883174e-07,-3.828056968635529e-11 | -6.346922543087885e-09,1.5625275295860774e-08,1.1442178902143496e-06 | 1,3
16300 | 543.3333616703749 | 132.26513671875,218.05386352539062,0.1722082793712616 | 1.2791954162594266e-09,1.299339191795923e-09,2.6698430133365036e-07 | 0 | -6.960417522350326e-07,8.112630780487962e-07,1.5470097425307472e-10 | 2.5805984904536672e-08,-7.0210497138401e-11,1.1442183449617005e-06 | 1,3
16310 | 543.6666950210929 | 132.26513671875,218.05386352539062,0.1722082793712616 | 5.81226844431626e-09,-4.658344376906598e-09,1.7163276311293885e-07 | 0 | 2.4804569420666667e-06,3.278633812442422e-06,-4.373238715604799e-10 | 1.0053620371763827e-06,-5.763221793131379e-07,-4.576873834594153e-06 | 1,3
16320 | 544.0000283718109 | 132.26513671875,218.05386352539062,0.1722082793712616 | -2.4530635300834547e-09,1.0535421424151536e-09,7.628123199765469e-08 | 0 | -5.603761792372097e-07,-1.640300638428016e-06,7.603334628569769e-11 | -3.317903107813436e-08,1.5716784318442478e-08,1.1442184586485382e-06 | 1,3
16330 | 544.3333617225289 | 132.26513671875,218.05386352539062,0.1722082793712616 | -3.4398606185703784e-09,2.0980053250241326e-09,4.576873777750734e-07 | 0 | -1.119374246627558e-06,-2.373442157477257e-06,1.854829900782562e-10 | -2.978912228002173e-08,1.5724165081110186e-08,1.1442178902143496e-06 | 1,3
16340 | 544.666695073247 | 132.26513671875,218.05386352539062,0.1722082793712616 | -1.011543626638911e-09,1.9609860402169943e-09,3.623358395543619e-07 | 0 | -1.0467919082657318e-06,-5.510402161235106e-07,1.8035160864737776e-10 | -6.346886127772677e-09,1.5625177596234607e-08,1.1442178902143496e-06 | 1,3
16350 | 545.000028423965 | 132.26513671875,218.05386352539062,0.1722082793712616 | 1.0373952363806893e-08,-7.92716203790178e-09,2.288436888875367e-07 | 0 | 4.2296060200897045e-06,7.080426257743966e-06,-7.337274676721961e-10 | -1.4015508043030422e-07,-3.7881068948308894e-08,5.721089451071748e-07 | 1,3
16360 | 545.333361774683 | 132.26513671875,218.05386352539062,0.1722082793712616 | -1.900764212692252e-09,5.203524833241602e-10,1.7163276311293885e-07 | 0 | -2.8121823447690986e-07,-1.4603725730921724e-06,6.649939626734991e-11 | 7.1532975098875795e-09,-1.564951190857755e-08,1.1442183449617005e-06 | 1,3
16370 | 545.666695125401 | 132.26513671875,218.05386352539062,0.1722082793712616 | -2.4530635300834547e-09,1.0535422534374561e-09,7.628123199765469e-08 | 0 | -5.603761792372097e-07,-1.640300638428016e-06,7.603050827809099e-11 | -3.317903107813436e-08,1.5716784318442478e-08,1.1442184586485382e-06 | 1,3
16380 | 546.000028476119 | 132.26513671875,218.05386352539062,0.1722082793712616 | -2.3960924355748148e-09,2.68051625340604e-09,4.576873777750734e-07 | 0 | -1.4318004559754627e-06,-1.5090372471604496e-06,2.790664921370478e-10 | 1.8561927106475196e-07,4.484878690647065e-09,1.1442178902143496e-06 | 0,0
16390 | 546.3333618268371 | 132.2650146484375,218.0697021484375,0.1720215529203415 | -0.002323338994756341,0.2006921023130417,7.437419640154985e-07 | 0 | 0.3302830159664154,0.023841317743062973,0.07834400236606598 | -0.067104272544384,4.151951789855957,1.0297964763594791e-05 | 0,0
16400 | 546.6666951775551 | 132.26295471191406,218.31703186035156,0.170460507273674 | -0.01854710839688778,1.354738712310791,-9.21095852390863e-06 | 359.2 | 0.514881432056427,0.05152632296085358,0.6750794053077698 | -0.10086027532815933,4.991258144378662,-8.524427539668977e-05 | 0,0
16410 | 547.0000285282731 | 132.256103515625,218.994384765625,0.1697099208831787 | -0.04076021537184715,2.5608184337615967,-2.307507202203851e-06 | 359.1 | -0.046226128935813904,0.03795097768306732,0.9193049073219299 | -0.2075389325618744,2.9827091693878174,-2.8605460101971403e-05 | 0,0
16420 | 547.3333618789911 | 132.2435760498047,220.01004028320312,0.17009292542934418 | -0.05797456577420235,3.4713191986083984,2.5935619305528235e-06 | 359.0 | -0.10144097357988358,0.04859495162963867,0.8455860018730164 | -0.207411527633667,2.610161066055298,-3.375443702680059e-05 | 0,0
16430 | 547.6666952297091 | 132.22543334960938,221.28517150878906,0.1708202362060547 | -0.06764541566371918,3.9424452781677246,7.246716904774075e-06 | 359.0 | -0.45322901010513306,0.018405910581350327,0.5664314031600952 | -0.1990763396024704,-0.07339238375425339,5.148983473191038e-05 | 0,0
16440 | 548.0000285804272 | 132.204833984375,222.59439086914062,0.17193084955215454 | -0.06667359173297882,3.9193601608276367,6.674607675449806e-07 | 359.0 | -0.15969863533973694,-0.0007965107215568423,0.28769156336784363 | -0.032919641584157944,-0.06972312182188034,-3.37544443027582e-05 | 0,0
16450 | 548.3333619311452 | 132.18072509765625,224.09259033203125,0.17069175839424133 | -0.08239822834730148,4.942577838897705,-4.920139417663449e-06 | 359.0 | 0.18378426134586334,0.0189526230096817,0.15071119368076324 | -0.10071425884962082,2.1775529384613037,6.178778858156875e-05 | 0,0
16460 | 548.6666952818632 | 132.15306091308594,225.8128204345703,0.17200294137001038 | -0.08412112295627594,5.2354888916015625,-0.0011967190075665712 | 359.1 | -0.3569367825984955,-0.0008028401643969119,-0.035535238683223724 | 0.0038710979279130697,-0.4524993598461151,-0.0019589029252529144 | 0,0
