Simulation Frame | Timestamp | Position | Velocity | Heading | Angular Velocity | Acceleration | Stopped at Red Light + Light ID 
1410 | 47.000002451241016 | 98.83029174804688,191.568115234375,0.2186504304409027 | 2.4890336990356445,0.0049370406195521355,0.000715994683559984 | 89.9 | 0.0028597433120012283,0.9989185333251953,0.06038062274456024 | -6.655246734619141,-0.0012758792145177722,-0.0026460059452801943 | 0,0
1420 | 47.33333580195904 | 99.57611846923828,191.56956481933594,0.21585917472839355 | 2.3781890869140625,0.005147180985659361,0.0002574110112618655 | 89.9 | -0.002887929091230035,-1.548436164855957,0.0196290984749794 | 1.9566892385482788,0.008748820051550865,-0.0010543970856815577 | 0,0
1430 | 47.66666915267706 | 100.49503326416016,191.5714569091797,0.21213163435459137 | 3.0768229961395264,0.0066175442188978195,1.9070308553637005e-05 | 89.9 | -0.0022822946775704622,-0.4778447449207306,0.01881367154419422 | 1.7111276388168335,0.0014787771506235003,-0.0002099640405504033 | 0,0
1440 | 48.00000250339508 | 101.33940124511719,191.57321166992188,0.21597373485565186 | 1.7047498226165771,0.003838157281279564,-2.5592353267711587e-05 | 89.9 | 0.0032422728836536407,1.5158923864364624,0.02949552610516548 | -5.45314884185791,-0.011578969657421112,-0.00033582813921384513 | 0,0
1450 | 48.3333358541131 | 101.7906494140625,191.57421875,0.2151949405670166 | 1.5616973638534546,0.00372979324311018,4.437660754774697e-05 | 89.9 | -0.0019032476702705026,-1.3977391719818115,0.028122318908572197 | 2.604464054107666,0.007853451184928417,0.00015275318583007902 | 0,0
1460 | 48.66666920483112 | 102.498291015625,191.5758514404297,0.21124625205993652 | 2.573441505432129,0.006045569200068712,-1.6381394743802957e-05 | 89.9 | -0.0030430499464273453,-0.4759698212146759,0.005495498888194561 | 2.5524256229400635,0.003584520658478141,-9.725898962642532e-06 | 0,0
1470 | 49.000002555549145 | 103.48633575439453,191.57809448242188,0.21107551455497742 | 3.158644676208496,0.007443265523761511,7.437419753841823e-06 | 89.9 | -0.0002536376123316586,0.5939613580703735,0.018107548356056213 | -1.148607611656189,-0.0025095415767282248,0.00017392118752468377 | 0,0
1480 | 49.333335906267166 | 104.26506805419922,191.57986450195312,0.21656711399555206 | 1.6151822805404663,0.003945479169487953,-3.552798443706706e-05 | 89.9 | 0.004095214884728193,0.7652693390846252,0.01280177105218172 | -2.2917864322662354,-0.0054077100940048695,-0.0001310130610363558 | 0,0
1490 | 49.66666925698519 | 104.48186492919922,191.58035278320312,0.21896976232528687 | -0.0021351417526602745,-1.3602872968476731e-05,-1.1365903446858283e-05 | 0 | 0.0025774554815143347,-0.873475968837738,5.8980818721465766e-05 | -0.03165827691555023,0.0005586840561591089,0.0012740871170535684 | 0,0
1500 | 50.00000260770321 | 104.48396301269531,191.58035278320312,0.21503286063671112 | -0.001832681824453175,3.0762821552343667e-05,3.3048843761207536e-05 | 0 | -0.0023601350840181112,-0.7085133194923401,5.365790275391191e-05 | 0.007357972674071789,-8.079957478912547e-05,-0.0003261021920479834 | 0,0
1510 | 50.33333595842123 | 104.4845962524414,191.58035278320312,0.21386447548866272 | -0.00020207554916851223,5.700105702999281e-07,-2.707983639993472e-06 | 0 | 3.555455987225287e-05,-0.0764470174908638,-2.1904306777287275e-06 | -0.0012590696569532156,2.969893330373452e-06,-2.288436735398136e-05 | 0,0
1520 | 50.66666930913925 | 104.48477935791016,191.58035278320312,0.2136133462190628 | -0.0001065363030647859,1.7734478774400486e-07,-1.6400463209720328e-06 | 0 | -0.0001055922984960489,-0.040251560509204865,5.929384769842727e-07 | 0.00048257014714181423,2.3776681246090448e-06,1.3730625141761266e-05 | 0,0
1530 | 51.00000265985727 | 104.48482513427734,191.58035278320312,0.21355853974819183 | -3.247893982916139e-05,3.865201136932228e-08,-2.002382188948104e-06 | 0 | -2.2520871425513178e-05,-0.012258403934538364,1.3200400417190394e-07 | 0.00012039795547025278,2.1836760879523354e-06,-1.2586400771397166e-05 | 0,0
1540 | 51.333336010575294 | 104.4848403930664,191.58035278320312,0.21353991329669952 | -9.278064680984244e-06,3.008932480952353e-08,-8.581638439864037e-07 | 0 | -1.088314729713602e-05,-0.0034995796158909798,1.851873321356834e-08 | 2.3215741748572327e-05,2.2661017951008944e-08,-4.576873379846802e-06 | 0,0
1550 | 51.666669361293316 | 104.4848403930664,191.58035278320312,0.21353480219841003 | -2.3612969926034566e-06,3.859627284441558e-08,-5.911795142310439e-07 | 0 | -1.4286675650510006e-05,-0.0008899879176169634,-4.601403702508833e-09 | -3.692457255510817e-07,-1.3111606449456303e-06,5.72109183849534e-06 | 0,0
1560 | 52.00000271201134 | 104.4848403930664,191.58035278320312,0.2135324776172638 | -4.2628138885447697e-07,6.295294951996766e-09,-2.8605461466213455e-07 | 0 | -6.19625916442601e-06,-0.0001606167061254382,9.158017122423701e-10 | -2.284054744450259e-06,1.3254324358058511e-06,-1.0870074220292736e-05 | 0,0
1570 | 52.33333606272936 | 104.48484802246094,191.58035278320312,0.21353159844875336 | -2.4674042720107536e-07,1.2039814123454562e-07,-1.4684136431242223e-06 | 0 | -4.642018393496983e-05,-9.322048572357744e-05,-2.013888167340383e-09 | 8.028760021261405e-07,4.283822818251792e-06,1.1442169807196478e-06 | 0,0
1580 | 52.66666941344738 | 104.48484802246094,191.58035278320312,0.21353159844875336 | -7.694299597460486e-08,-8.291966224760472e-09,-9.7258566711389e-07 | 0 | 3.906884558091406e-06,-2.921713348769117e-05,2.481362892936545e-09 | 7.999313993423129e-07,-6.443165556646591e-09,7.437420663336525e-06 | 0,0
1590 | 53.0000027641654 | 104.48484802246094,191.58035278320312,0.21353159844875336 | -3.3486241335367595e-08,1.0863419053208645e-09,-6.483904826382059e-07 | 0 | -1.0502873237783206e-06,-1.260810768144438e-05,-1.8963142167649494e-10 | 5.725730147787544e-07,-1.450556851523288e-06,1.7163272332254564e-06 | 0,0
1600 | 53.33333611488342 | 104.48484802246094,191.58035278320312,0.21353159844875336 | -2.1676049843932788e-09,-6.843853039839587e-09,-6.674607675449806e-07 | 0 | 3.1641768600820797e-06,-8.142183673953696e-07,1.7560907589198038e-11 | -1.4430735717496646e-08,-4.417872290218838e-08,-4.576873379846802e-06 | 0,0
1610 | 53.666669465601444 | 104.48484802246094,191.58035278320312,0.21353159844875336 | -9.65040158895647e-10,-3.162196282602281e-09,-2.8605461466213455e-07 | 0 | 1.403732653670886e-06,-3.6187412888466497e-07,1.8373332369425732e-11 | -1.4430789008201828e-08,-4.428293820524232e-08,-4.576873834594153e-06 | 0,0
1620 | 54.000002816319466 | 104.48484802246094,191.58035278320312,0.21353159844875336 | 2.9029816328574043e-09,1.8822658987005525e-09,-1.7735386563799693e-06 | 0 | -8.346711979356769e-07,1.092033130589698e-06,3.527849236698022e-12 | 1.929742943218571e-08,2.6440675426897542e-08,-4.576878382067662e-06 | 0,0
1630 | 54.33333616703749 | 104.48484802246094,191.58035278320312,0.21353159844875336 | 1.1369957197970848e-09,-9.109663579032201e-10,-1.4302730733106728e-06 | 0 | 5.005364300814108e-07,4.261983121978119e-07,1.4065765913118256e-11 | 2.8969411758339447e-08,2.6401075103876792e-08,-4.576874744088855e-06 | 0,0
1640 | 54.66666951775551 | 104.48484802246094,191.58035278320312,0.21353159844875336 | -2.7269655422657024e-09,-9.64458291008441e-09,-1.0107263506142772e-06 | 0 | 4.503503078012727e-06,-1.02435285498359e-06,1.7226581272566932e-11 | -1.4430682426791464e-08,-4.417727339500743e-08,-4.576874744088855e-06 | 0,0
1650 | 55.00000286847353 | 104.48484802246094,191.58035278320312,0.21353159844875336 | 3.767732792425704e-09,8.510068205680454e-09,-6.674607675449806e-07 | 0 | -4.1552675611455925e-06,1.4199401903169928e-06,2.209497515504033e-11 | -2.6939115382873524e-09,-1.807543270615497e-08,-4.576873379846802e-06 | 0,0
1660 | 55.33333621919155 | 104.48484802246094,191.58035278320312,0.21353159844875336 | -9.65040158895647e-10,-3.162196504646886e-09,-2.8605461466213455e-07 | 0 | 1.403732653670886e-06,-3.6187412888466497e-07,1.837195846843276e-11 | -1.4430789008201828e-08,-4.4282945310669675e-08,-4.576873834594153e-06 | 0,0
1670 | 55.66666956990957 | 104.48484802246094,191.58035278320312,0.21353159844875336 | 2.4966393397107822e-09,6.364670124270333e-09,-1.8116792261935188e-06 | 0 | -2.8050042146787746e-06,9.364221114083193e-07,-3.187382302538566e-11 | 3.85183085427343e-08,9.715341775518027e-08,-4.5768715608573984e-06 | 0,0
1680 | 56.000002920627594 | 104.48484802246094,191.58035278320312,0.21353159844875336 | -1.9338759482678824e-09,-3.598719544584128e-09,-1.4302730733106728e-06 | 0 | 1.6124471358125447e-06,-7.260105121531524e-07,5.932030908151198e-12 | -2.410261146224002e-08,-4.411857901231997e-08,-4.576874744088855e-06 | 0,0
1690 | 56.333336271345615 | 104.48484802246094,191.58035278320312,0.21353159844875336 | -5.660025226283949e-10,-2.2790351827950417e-09,-1.0488669204278267e-06 | 0 | 9.816478723223554e-07,-2.1077769929433998e-07,6.874302776321839e-12 | -2.4102773110712405e-08,-4.411948850702174e-08,-4.576873379846802e-06 | 0,0
1700 | 56.66666962206364 | 104.48484802246094,191.58035278320312,0.21353159844875336 | 2.412139377128142e-09,1.3965540945903854e-09,-6.674607675449806e-07 | 0 | -7.729154276603367e-07,9.098797022488725e-07,2.353279897338023e-11 | -1.472551325321092e-08,-5.4398398674493365e-08,-4.576873379846802e-06 | 0,0
1710 | 57.00000297278166 | 104.48484802246094,191.58035278320312,0.21353159844875336 | 1.2909338042987883e-09,1.8923329569986436e-09,-2.8605461466213455e-07 | 0 | -8.399147191084921e-07,4.844415002480673e-07,2.369903752408309e-12 | 1.9297552000807627e-08,2.6501949079715814e-08,-4.576873834594153e-06 | 0,0
1720 | 57.33333632349968 | 104.48484802246094,191.58035278320312,0.21353159844875336 | -7.954129022103018e-10,-3.4070699594934695e-09,-1.8116792261935188e-06 | 0 | 1.6940025489020627e-06,-3.0060536460041476e-07,9.71974237207185e-13 | 1.9296457764994557e-08,2.6608161007857234e-08,-4.5768715608573984e-06 | 0,0
1730 | 57.6666696742177 | 104.48484802246094,191.58035278320312,0.21353159844875336 | 1.5230588346071272e-08,7.104375043809341e-08,-1.2967809652764117e-06 | 0 | -2.3422788217430934e-05,5.60469425181509e-06,-2.8550732888987795e-09 | 8.228840897572809e-07,3.2261409614875447e-06,-1.5446950783370994e-05 | 0,0
1740 | 58.00000302493572 | 104.48484802246094,191.58035278320312,0.21353159844875336 | 1.2030266560714153e-08,4.327048230834407e-08,-9.535153822071152e-07 | 0 | -1.8793938579619862e-05,4.521206392382737e-06,1.8087535635924468e-10 | 8.076392532530008e-07,3.298880983493291e-06,-1.4302730050985701e-05 | 0,0
1750 | 58.333336375653744 | 104.48484802246094,191.58035278320312,0.21353159844875336 | 4.500734451795552e-09,2.718807046164784e-08,-6.483904826382059e-07 | 0 | -3.7520374007726787e-06,1.5711324294898077e-06,-3.3480413996755942e-09 | 4.094793482067871e-08,6.245824692996393e-07,-4.004764832643559e-06 | 0,0
1760 | 58.666669726371765 | 104.48484802246094,191.58035278320312,0.21353159844875336 | 5.80056758181513e-09,1.3268968146462612e-08,-3.0512492799061874e-07 | 0 | -5.889960903004976e-06,2.176007228626986e-06,-4.4350995098696444e-11 | 8.672314777413703e-08,1.8582163363589643e-07,-4.576873834594153e-06 | 0,0
1770 | 59.00000307708979 | 104.48484802246094,191.58035278320312,0.21353159844875336 | 1.3568785206530265e-08,3.683893368133795e-08,-1.620976036065258e-06 | 0 | -1.582926051924005e-05,5.103971943754004e-06,3.513274393629473e-10 | 7.886346224950103e-07,2.805325493682176e-06,-1.3730617865803652e-05 | 0,0
1780 | 59.33333642780781 | 104.48484802246094,191.58035278320312,0.21353159844875336 | 1.3384995334320138e-08,5.4549090577893367e-08,-1.2777105666827993e-06 | 0 | -2.459442475810647e-05,5.026746293879114e-06,4.996190128281341e-10 | 8.228266779042315e-07,2.6443028673384106e-06,-1.4874838598188944e-05 | 0,0
1790 | 59.66666977852583 | 104.48484802246094,191.58035278320312,0.21353159844875336 | 3.0506701609311904e-09,3.606402732003744e-09,-1.0488669204278267e-06 | 0 | -1.8294091432835557e-06,1.15091518182453e-06,1.2204815283411996e-11 | -2.439746182858471e-08,-5.433783911712453e-08,-4.576873379846802e-06 | 0,0
1800 | 60.00000312924385 | 104.48484802246094,191.58035278320312,0.21353159844875336 | -2.164278090077687e-09,-4.141635923105014e-09,-6.674607675449806e-07 | 0 | 2.042236246779794e-06,-8.163591473930865e-07,-2.8065520827486035e-12 | 1.9592206967899983e-08,3.665928716145572e-08,-4.576873379846802e-06 | 0,0
1810 | 60.33333647996187 | 104.48484802246094,191.58035278320312,0.21353159844875336 | 1.2909339153210908e-09,1.8923331790432485e-09,-2.8605461466213455e-07 | 0 | -8.399147191084921e-07,4.844415002480673e-07,2.3696055968108753e-12 | 1.9297553777164467e-08,2.6501956185143172e-08,-4.576873834594153e-06 | 0,0
1820 | 60.66666983067989 | 104.48484802246094,191.58035278320312,0.21353159844875336 | 4.900747585523391e-10,-1.0539298322953528e-09,-1.8116792261935188e-06 | 0 | 5.689689146493038e-07,1.8332080742311518e-07,1.893188080262509e-12 | 1.9297676345786385e-08,2.6442233291845696e-08,-4.5768715608573984e-06 | 0,0
1830 | 61.000003181397915 | 104.48484802246094,191.58035278320312,0.21353159844875336 | -1.1180649739372939e-09,-3.26298987829432e-09,-1.4302730733106728e-06 | 0 | 1.6222845715674339e-06,-4.222528957598115e-07,-2.0984880499952396e-12 | 1.9592109268273816e-08,3.665891412651945e-08,-4.576874744088855e-06 | 0,0
1840 | 61.333336532115936 | 104.48484802246094,191.58035278320312,0.21353159844875336 | -5.660025226283949e-10,-2.2790351827950417e-09,-1.0488669204278267e-06 | 0 | 9.816478723223554e-07,-2.1077769929433998e-07,6.873189951212e-12 | -2.4102774887069245e-08,-4.411948850702174e-08,-4.576873379846802e-06 | 0,0
1850 | 61.66666988283396 | 104.48484802246094,191.58035278320312,0.21353159844875336 | 2.649639618823585e-09,2.6142885634072854e-09,-6.674607675449806e-07 | 0 | -1.3359267541090958e-06,9.999642998081981e-07,2.2294876014794518e-11 | 2.0712362935881856e-09,-1.7928185158666565e-08,-4.576873379846802e-06 | 0,0
1860 | 62.00000323355198 | 104.48484802246094,191.58035278320312,0.21353159844875336 | 2.3546894989401324e-10,1.7604523394609828e-09,-2.479139880051662e-07 | 0 | -9.200987847179931e-07,8.941092488612412e-08,3.232253700802268e-11 | -2.5653077440068728e-09,-7.94552690308592e-09,-4.0047639231488574e-06 | 0,0
1870 | 62.33333658427 | 104.48484802246094,191.58035278320312,0.21353159844875336 | -9.67655622297059e-10,-3.014572369508528e-09,-1.735397972879582e-06 | 0 | 1.333321165475354e-06,-3.619812787292176e-07,6.603094373364149e-12 | -2.410272692543458e-08,-4.4119037312384535e-08,-4.576874744088855e-06 | 0,0
1880 | 62.66666993498802 | 104.48484802246094,191.58035278320312,0.21353159844875336 | 1.051966624920908e-09,2.7068230989968356e-10,-1.4302730733106728e-06 | 0 | -6.439324096163546e-08,3.947738207443763e-07,2.2591223596685195e-12 | 1.929760529151281e-08,2.6444011425041936e-08,-4.576874744088855e-06 | 0,0
1890 | 63.00000328570604 | 104.48484802246094,191.58035278320312,0.21353159844875336 | 1.0418951257307185e-09,7.763183845765909e-11,-1.0488669204278267e-06 | 0 | -1.42265179192691e-07,3.9466806356358575e-07,1.094714943694619e-11 | -2.446791924626268e-08,-5.432504579516717e-08,-4.576873379846802e-06 | 0,0
1900 | 63.333336636424065 | 104.48484802246094,191.58035278320312,0.21353159844875336 | 2.3859312962837276e-12,-3.315991925489925e-09,-6.674607675449806e-07 | 0 | 1.4775065437788726e-06,2.7917161915524957e-09,1.9016579977382264e-11 | -1.4430992401059939e-08,-4.418285826091051e-08,-4.576873379846802e-06 | 0,0
1910 | 63.666669987142086 | 104.48484802246094,191.58035278320312,0.21353159844875336 | 1.9381167781773456e-09,1.8877963636754203e-09,-2.8605461466213455e-07 | 0 | -8.377987796848174e-07,7.274541644619603e-07,1.4548985280415927e-11 | 2.8969290966074368e-08,2.6440227784974013e-08,-4.576873834594153e-06 | 0,0
1920 | 64.00000333786011 | 104.48484802246094,191.58035278320312,0.21353159844875336 | -8.077733620881489e-11,-1.83970427780622e-09,-1.659116833252483e-06 | 0 | 7.714448884144076e-07,-2.8917350292090305e-08,1.8942446569636395e-11 | -1.4430968420242607e-08,-4.4201613036420895e-08,-4.576878382067662e-06 | 0,0
1930 | 64.33333668857813 | 104.48484802246094,191.58035278320312,0.21353159844875336 | -1.92433136092518e-09,-7.73135511167311e-09,-1.353991819996736e-06 | 0 | 3.5886921523342608e-06,-7.223081297524914e-07,1.7735157092912957e-11 | -1.4430772132811853e-08,-4.417620758090379e-08,-4.5768715608573984e-06 | 0,0
1940 | 64.66667003929615 | 104.48484802246094,191.58035278320312,0.21353159844875336 | -1.4413598092843927e-09,-1.3429974909939801e-09,-1.0107263506142772e-06 | 0 | 7.037360774120316e-07,-5.454929805637221e-07,9.277983763211761e-12 | 2.9335861739809843e-08,3.658388081362318e-08,-4.576874744088855e-06 | 0,0
1950 | 65.00000339001417 | 104.48484802246094,191.58035278320312,0.21353159844875336 | 8.140935148226447e-10,-6.19216788955157e-10,-6.674607675449806e-07 | 0 | 3.5819874710796284e-07,3.044203253921296e-07,1.0913476719554005e-11 | 2.933569120955326e-08,3.643808454967257e-08,-4.576873379846802e-06 | 0,0
1960 | 65.3333367407322 | 104.48484802246094,191.58035278320312,0.21353159844875336 | -1.612225242197951e-09,-3.1576570247437985e-09,-2.8605461466213455e-07 | 0 | 1.4016154636919964e-06,-6.04887588906422e-07,6.194489365896061e-12 | -2.410258481688743e-08,-4.4221188488791086e-08,-4.576873834594153e-06 | 0,0
1970 | 65.66667009145021 | 104.48484802246094,191.58035278320312,0.21353159844875336 | -7.931454382159586e-10,-3.451104957363782e-09,-1.8116792261935188e-06 | 0 | 1.6930172250795295e-06,-3.006124984494818e-07,-4.919966886153537e-13 | 2.7952555825550007e-09,1.8819611147247173e-10,-4.5768715608573984e-06 | 0,0
1980 | 66.00000344216824 | 104.48484802246094,191.58035278320312,0.21353159844875336 | 1.7687058484483487e-09,1.7255353812473118e-09,-1.3921323898102855e-06 | 0 | -6.943978974049969e-07,6.670004495390458e-07,-4.721542601338058e-11 | 2.2160371315749217e-09,5.3621270978965185e-08,-4.004763013654156e-06 | 0,0
1990 | 66.33333679288626 | 104.48484802246094,191.58035278320312,0.21353159844875336 | -2.6422886989507788e-08,4.5597882802894674e-08,-1.1251480600549257e-06 | 0 | -1.7030490198521875e-05,-9.811820746108424e-06,-3.839330187105361e-09 | -7.998741011761012e-07,1.3877427136321785e-06,-9.153746759693604e-06 | 0,0
2000 | 66.66667014360428 | 104.48484802246094,191.58035278320312,0.21353159844875336 | 7.290611447885453e-10,5.678381653773101e-10,-6.674607675449806e-07 | 0 | -2.0659287258695258e-07,2.7299580551698455e-07,2.0270844464792548e-12 | 1.9297669240359028e-08,2.6443805367648565e-08,-4.576873379846802e-06 | 0,0
2010 | 67.0000034943223 | 104.48484802246094,191.58035278320312,0.21353159844875336 | 1.2909338042987883e-09,1.8923329569986436e-09,-2.8605461466213455e-07 | 0 | -8.39914775951911e-07,4.844415002480673e-07,2.3698376160757872e-12 | 1.9297552000807627e-08,2.6501949079715814e-08,-4.576873834594153e-06 | 0,0
2020 | 67.33333684504032 | 104.48484802246094,191.58035278320312,0.21353159844875336 | 1.6871821717501234e-09,-2.2160188961617422e-10,-1.8116792261935188e-06 | 0 | 1.0099453495726607e-09,6.379539172485238e-07,1.1412772636665292e-11 | -2.4469244408464874e-08,-5.432329075460984e-08,-4.5768715608573984e-06 | 0,0
2030 | 67.66667019575834 | 104.48484802246094,191.58035278320312,0.21353159844875336 | -1.698940210737021e-09,-1.1076023431755289e-09,-1.2777105666827993e-06 | 0 | 4.865647156293562e-07,-6.369825769070303e-07,-2.7607775440752214e-11 | -3.38206227468163e-08,-1.7493745119168125e-08,-3.432654466450913e-06 | 0,0
2040 | 68.00000354647636 | 104.48484802246094,191.58035278320312,0.21353159844875336 | -2.6371158590166033e-09,-9.047044002841176e-09,-1.0488669204278267e-06 | 0 | 4.368816462374525e-06,-9.942492624759325e-07,-6.785017426375051e-13 | 7.560691628327731e-09,1.7119637651941133e-10,-4.576873379846802e-06 | 0,0
2050 | 68.33333689719439 | 104.48484802246094,191.58035278320312,0.21353159844875336 | 1.4225803868228581e-10,7.609288310561624e-09,-5.911795142310439e-07 | 0 | -3.7445640828082105e-06,5.373119549290095e-08,1.0179090209616604e-11 | -2.4469043680142022e-08,-5.4331255938677714e-08,-4.576873379846802e-06 | 0,0
2060 | 68.6666702479124 | 104.48484802246094,191.58035278320312,0.21353159844875336 | 1.2909339153210908e-09,1.8923329569986436e-09,-2.8605461466213455e-07 | 0 | -8.399147191084921e-07,4.844415002480673e-07,2.3691333183445407e-12 | 1.9297553777164467e-08,2.6501945527002135e-08,-4.576873834594153e-06 | 0,0
2070 | 69.00000359863043 | 104.48484802246094,191.58035278320312,0.21353159844875336 | 4.900747585523391e-10,-1.0539298322953528e-09,-1.8116792261935188e-06 | 0 | 5.689689146493038e-07,1.8332080742311518e-07,1.8939468049428143e-12 | 1.9297676345786385e-08,2.6442233291845696e-08,-4.5768715608573984e-06 | 0,0
2080 | 69.33333694934845 | 104.48484802246094,191.58035278320312,0.21353159844875336 | -1.8512282817795267e-09,-4.7796206992245516e-09,-1.4302730733106728e-06 | 0 | 2.177242549805669e-06,-6.945686550352548e-07,6.033628024287863e-12 | -2.4102625673094735e-08,-4.411809939597333e-08,-4.576874744088855e-06 | 0,0
2090 | 69.66667030006647 | 104.48484802246094,191.58035278320312,0.21353159844875336 | 1.5732992686423586e-10,-1.103072078123546e-09,-1.0488669204278267e-06 | 0 | 4.194203313545586e-07,6.155978837796283e-08,7.361448256526515e-12 | -2.4102854823127018e-08,-4.4122295150827995e-08,-4.576873379846802e-06 | 0,0
2100 | 70.00000365078449 | 104.48448181152344,191.58035278320312,0.21352340281009674 | 0.006875554099678993,1.596013316884637e-05,-1.1251480600549257e-06 | 0 | -7.087115227477625e-05,-0.02841924875974655,0.0016550993314012885 | 0.206232488155365,0.0005459414678625762,-6.2931985667091794e-06 | 0,0
2110 | 70.33333700150251 | 104.54872131347656,191.5811309814453,0.21231728792190552 | 0.5818594098091125,0.001149565214291215,-9.420731657883152e-06 | 0 | -0.0010022780625149608,-0.8070622682571411,0.011763585731387138 | 3.988492727279663,0.006394295021891594,-0.00010812864638864994 | 0,0
2120 | 70.66667035222054 | 104.94963836669922,191.581787109375,0.20974278450012207 | 1.8744155168533325,0.003042797325178981,-3.394514715182595e-05 | 89.9 | -0.0011417282512411475,-0.4378901720046997,-0.0019572346936911345 | 3.408043146133423,0.004930381663143635,5.148976561031304e-05 | 0,0
2130 | 71.00000370293856 | 105.73458862304688,191.58306884765625,0.21008309721946716 | 2.7457666397094727,0.004346467088907957,1.6171621609828435e-05 | 89.9 | 0.0012496666749939322,0.2587435245513916,0.0008769159321673214 | 2.3226211071014404,0.002895123092457652,8.867695578373969e-05 | 0,0
2140 | 71.33333705365658 | 106.7451171875,191.58460998535156,0.21176950633525848 | 2.9327430725097656,0.004668906331062317,2.8300335543463007e-05 | 89.9 | 0.0028038276359438896,1.385287880897522,0.023328833281993866 | -4.004337310791016,-0.0060965209268033504,0.00019222867558710277 | 0,0
2150 | 71.6666704043746 | 107.42530059814453,191.5856475830078,0.21672487258911133 | 1.5615100860595703,0.0026801307685673237,-2.4238361220341176e-05 | 89.9 | 0.0032791204284876585,-0.1088378056883812,0.005456232000142336 | -0.4084896743297577,0.0011323251528665423,0.00026030969456769526 | 0,0
2160 | 72.00000375509262 | 108.03108215332031,191.586669921875,0.21312332153320312 | 2.209533452987671,0.0038103563711047173,1.2872457773482893e-05 | 89.9 | -0.004348553251475096,-1.1274493932724,-0.004492022097110748 | 2.901499032974243,0.003730526426807046,-8.867689757607877e-05 | 0,0
2170 | 72.33333710581064 | 108.91666412353516,191.5881805419922,0.21110671758651733 | 3.024526834487915,0.005088813602924347,-1.2529191735666245e-05 | 89.9 | -0.001231153728440404,-0.16342508792877197,-0.002896528458222747 | 2.255429983139038,0.002648066496476531,-2.9749669920420274e-05 | 0,0
2180 | 72.66667045652866 | 110.05171966552734,191.59007263183594,0.21101047098636627 | 3.7380013465881348,0.006139066535979509,-4.958279760103323e-07 | 89.9 | -8.094654185697436e-05,0.038337405771017075,-0.0038809641264379025 | 2.039944887161255,0.0027195082511752844,-1.0297964763594791e-05 | 0,0
2190 | 73.00000380724669 | 111.41057586669922,191.59231567382812,0.21123771369457245 | 4.367108345031738,0.006985858548432589,1.1823590284620877e-06 | 89.9 | -7.870450644986704e-05,0.08580275624990463,-0.004881529603153467 | 1.6910361051559448,0.0014568445039913058,-8.924903522711247e-05 | 0,0
2200 | 73.3333371579647 | 112.93489074707031,191.5946807861328,0.21201379597187042 | 4.688990592956543,0.007379407063126564,7.494630608562147e-06 | 89.9 | 0.0007855977746658027,0.3222750425338745,0.0006333201890811324 | 0.3504895865917206,-0.0003203283704351634,2.059593316516839e-05 | 0,0
2210 | 73.66667050868273 | 114.48291015625,191.5970001220703,0.2136155664920807 | 4.389883995056152,0.006952433381229639,2.2502961201098515e-06 | 89.9 | 0.0022984473034739494,0.943284809589386,0.019535882398486137 | -3.908858060836792,-0.005364235956221819,-6.293201295193285e-05 | 0,0
2220 | 74.00000385940075 | 115.67918395996094,191.5989532470703,0.21655970811843872 | 3.2503767013549805,0.005519925616681576,-3.089389792876318e-06 | 89.9 | 0.0007696258835494518,-0.4738108813762665,0.001183333806693554 | 0.09026526659727097,0.000851741002406925,0.0004119186196476221 | 0,0
2230 | 74.33333721011877 | 116.83443450927734,191.6009063720703,0.21330542862415314 | 3.718153238296509,0.006262671202421188,8.69605992193101e-06 | 89.9 | -0.0036260823253542185,-0.7671759128570557,-0.008295787498354912 | 1.8304966688156128,0.002246559364721179,-0.00017277695587836206 | 0,0
2240 | 74.66667056083679 | 118.18011474609375,191.6032257080078,0.211829274892807 | 4.289608478546143,0.006963611580431461,-5.8545838328427635e-06 | 89.9 | -0.0009950054809451103,-0.08824306726455688,-0.007588582579046488 | 1.3590716123580933,0.0012591852573677897,5.8927256759488955e-05 | 0,0
2250 | 75.00000391155481 | 119.66033172607422,191.60556030273438,0.2123667597770691 | 4.517249584197998,0.007178304251283407,2.9368272862484446e-06 | 89.9 | 0.0009870156645774841,0.27441343665122986,-0.0017372056609019637 | 0.2014016956090927,-0.00011289025860605761,-8.581634574511554e-06 | 0,0
2260 | 75.33333726227283 | 121.2177963256836,191.60800170898438,0.2150018811225891 | 3.766692638397217,0.006116997916251421,-1.1423113392083906e-05 | 89.9 | 0.003804282983765006,0.7556959986686707,0.013055605813860893 | -2.307286024093628,-0.002686804858967662,-9.03932232176885e-05 | 0,0
2270 | 75.66667061299086 | 122.33844757080078,191.60975646972656,0.2142345905303955 | 3.857264995574951,0.006352583412081003,1.0412387382530142e-05 | 89.9 | -0.0023323120549321175,-0.7106930613517761,-0.007346679922193289 | 1.387581706047058,0.001964731840416789,2.2884340069140308e-05 | 0,0
2280 | 76.00000396370888 | 123.71295928955078,191.61209106445312,0.21238988637924194 | 4.3300299644470215,0.006868686527013779,-5.663880983775016e-06 | 89.9 | -0.0017012234311550856,-0.19025596976280212,-0.00835173949599266 | 1.0957573652267456,0.0006131501286290586,-5.549458001041785e-05 | 0,0
2290 | 76.3333373144269 | 125.1959228515625,191.6144561767578,0.21263283491134644 | 4.50720739364624,0.0069100805558264256,4.290819106245181e-06 | 89.9 | 0.0004970330046489835,0.20283447206020355,-0.004724279977381229 | 0.1476430743932724,-0.0007099750800989568,9.668644634075463e-05 | 0,0
2300 | 76.66667066514492 | 126.69740295410156,191.61712646484375,0.21330420672893524 | 4.4924235343933105,0.018850436434149742,9.344450404569216e-07 | 89.8 | 0.15797099471092224,0.1314568966627121,0.32397985458374023 | -0.12072085589170456,0.3250143229961395,-2.974967719637789e-05 | 0,0
2310 | 77.00000401586294 | 128.17662048339844,191.69552612304688,0.2138235867023468 | 4.302292346954346,0.8881897330284119,-0.00017533240315970033 | 78.3 | 3.9059536457061768,0.4277626574039459,21.84740447998047 | -1.8429564237594604,5.919035911560059,-0.0018839555559679866 | 0,0
2320 | 77.33333736658096 | 129.3029327392578,192.18603515625,0.2178514301776886 | 2.1842401027679443,2.4774441719055176,-0.00019419293676037341 | 41.4 | -1.4525108337402344,0.6593543291091919,52.628326416015625 | -4.76486873626709,1.4340161085128784,0.0063612814992666245 | 0,0
2330 | 77.66667071729898 | 130.0924072265625,192.90826416015625,0.21500341594219208 | 2.541485071182251,2.598788022994995,0.0005168625502847135 | 44.4 | -3.9925594329833984,-4.134479999542236,26.901996612548828 | 6.045054912567139,-3.0584475994110107,-0.0006470549269579351 | 0,0
2340 | 78.000004068017 | 130.86550903320312,193.78546142578125,0.21511906385421753 | 1.3615458011627197,2.844029188156128,-0.00011510837794048712 | 25.6 | -1.0699002742767334,0.8660658597946167,35.91917037963867 | -6.396113395690918,-2.8448007106781006,0.0015509879449382424 | 0,0
2350 | 78.33333741873503 | 131.26405334472656,194.49346923828125,0.21644893288612366 | 0.8200869560241699,2.262991428375244,3.957088847528212e-05 | 19.9 | 0.8835909962654114,-0.2847895920276642,23.241437911987305 | -0.222768172621727,1.2801860570907593,-0.00035184717853553593 | 0,0
2360 | 78.66667076945305 | 131.58474731445312,195.31033325195312,0.21313811838626862 | 0.6987478733062744,2.956315517425537,-2.4085798941086978e-05 | 13.3 | 0.04989244416356087,-1.5896714925765991,26.574623107910156 | 3.4331986904144287,1.956717848777771,0.0011728237150236964 | 0,0
2370 | 79.00000412017107 | 131.86981201171875,196.3515167236328,0.21264466643333435 | 0.4688880741596222,3.1801116466522217,3.7663856346625835e-05 | 8.4 | -1.354426383972168,-0.7162908911705017,22.154064178466797 | -0.8381240963935852,-3.651931047439575,0.0005005955463275313 | 0,0
2380 | 79.33333747088909 | 132.00454711914062,197.0765838623047,0.21760240197181702 | 0.14773644506931305,1.511172890663147,-4.784739940077998e-05 | 5.6 | -0.3983854353427887,-0.36063283681869507,8.44723129272461 | -0.3664532005786896,-0.6115328669548035,-1.4302712770586368e-05 | 0,0
2390 | 79.66667082160711 | 132.0879669189453,197.64419555664062,0.21374301612377167 | 0.1667351871728897,2.1017892360687256,2.582119486760348e-05 | 4.5 | 1.4367903470993042,0.3473297655582428,9.986245155334473 | 0.03986075147986412,3.064180374145508,-0.00033468392211943865 | 0,0
2400 | 80.00000417232513 | 132.18173217773438,198.4916534423828,0.21123923361301422 | 0.1571299284696579,2.9427244663238525,-1.8364706193096936e-05 | 3.1 | 0.23314276337623596,0.020609185099601746,10.849356651306152 | -0.0752788707613945,2.3004767894744873,1.7163255279228906e-06 | 0,0
2410 | 80.33333752304316 | 132.2478485107422,199.35690307617188,0.2150285542011261 | 0.045681748539209366,1.9421546459197998,-1.3730621049035108e-06 | 1.3 | -1.4710835218429565,-0.23226921260356903,5.7458577156066895 | -0.4236975908279419,-3.650800943374634,-0.0004679853154812008 | 0,0
2420 | 80.66667087376118 | 132.28102111816406,200.0115203857422,0.2139464169740677 | 0.03385823965072632,2.2362077236175537,1.0755653420346789e-05 | 0.9 | 1.0577586889266968,0.22680015861988068,5.359874248504639 | -0.36500415205955505,2.509474515914917,-9.210954885929823e-05 | 0,0
2430 | 81.0000042244792 | 132.309814453125,200.895263671875,0.21152861416339874 | 0.006727947853505611,3.011943817138672,-1.1060777978855185e-05 | 0.1 | 0.3129429519176483,0.21732409298419952,5.609777927398682 | -0.5239469408988953,2.2111127376556396,1.4302740055427421e-05 | 0,0
2440 | 81.33333757519722 | 132.32362365722656,201.84207153320312,0.21456879377365112 | -0.018631620332598686,2.1676793098449707,7.017873031145427e-06 | 359.5 | -1.817954421043396,-0.23972734808921814,2.9771549701690674 | -0.0006035528494976461,-6.015393257141113,-0.00020481509272940457 | 0,0
2450 | 81.66667092591524 | 132.32650756835938,202.36663818359375,0.2159368097782135 | -0.008126773871481419,1.5630929470062256,2.688913264137227e-05 | 359.7 | 1.1075037717819214,0.0030916358809918165,1.4648289680480957 | 0.13233742117881775,1.7549155950546265,0.00035699611180461943 | 0,0
2460 | 82.00000427663326 | 132.3268585205078,202.58119201660156,0.21795654296875 | 0.0005747071700170636,-0.0013543093809857965,-2.5840265152510256e-05 | 0 | 0.5410704016685486,0.0669281855225563,0.00037541420897468925 | 0.008231941610574722,-0.032408371567726135,0.0007591888424940407 | 0,0
2470 | 82.33333762735128 | 132.32688903808594,202.58287048339844,0.214816153049469 | 0.0002529300400055945,-0.0015572516713291407,2.6698431611293927e-05 | 0 | 0.5990296006202698,0.030673600733280182,0.0003148825780954212 | -0.0013276995159685612,0.006069032009691,-0.00016877212328836322 | 0,0
2480 | 82.6666709780693 | 132.3268280029297,202.5834197998047,0.21378691494464874 | 3.493963595246896e-05,-0.00011498900130391121,-1.2395699968692497e-06 | 0 | 0.04327475279569626,0.005308886989951134,8.537019311916083e-06 | 0.0010481890058144927,-0.0034496698062866926,-3.7187099223956466e-05 | 0,0
2490 | 83.00000432878733 | 132.3268280029297,202.58355712890625,0.2136002629995346 | 5.807266006740974e-06,-8.734056609682739e-05,-1.0488669204278267e-06 | 0 | 0.03298254311084747,0.0027601434849202633,-1.5982748664100654e-05 | -1.989832890103571e-05,0.00037023454206064343,1.6591164239798672e-05 | 0,0
2500 | 83.33333767950535 | 132.32681274414062,202.58358764648438,0.21355384588241577 | 1.915655957418494e-06,-2.597995990072377e-05,-1.8688900809138431e-06 | 0 | 0.009802001528441906,0.0009115810389630497,-4.6745371946599334e-06 | -6.341965217870893e-06,8.467718726024032e-05,-1.2014292224193923e-05 | 0,0
2510 | 83.66667103022337 | 132.32681274414062,202.58360290527344,0.2135382741689682 | 6.896519266774703e-07,-7.1832523644843604e-06,-9.344450404569216e-07 | 0 | 0.002708367072045803,0.0003276964125689119,-1.2601785783772357e-06 | 1.6058816072472837e-06,1.0518728231545538e-05,-8.009527846297715e-06 | 0,0
2520 | 84.00000438094139 | 132.32681274414062,202.58360290527344,0.21353396773338318 | 1.3618726768527267e-07,-1.648362513151369e-06,-1.5256246399530937e-07 | 0 | 0.0006211451254785061,6.925722118467093e-05,-2.8255348638595024e-07 | -1.809280320230755e-06,-1.667819901740586e-06,-1.3158511137589812e-05 | 0,0
2530 | 84.33333773165941 | 132.32681274414062,202.58360290527344,0.2135317623615265 | 1.0347424961310026e-07,-2.443318578571052e-07,-3.2419524131910293e-07 | 0 | 9.173624130198732e-05,4.052217263961211e-05,-3.084667810071551e-08 | 3.1042272894410416e-06,-7.3299552241223864e-06,-9.725856216391549e-06 | 0,0
2540 | 84.66667108237743 | 132.32681274414062,202.58360290527344,0.2135317623615265 | -9.143138868239475e-08,-2.0621847340862587e-07,-1.220499711962475e-06 | 0 | 7.793062832206488e-05,-2.917990059358999e-05,-4.320200730489887e-08 | -5.192705884837778e-06,5.501881332747871e-07,-4.004766196885612e-06 | 0,0
2550 | 85.00000443309546 | 132.32681274414062,202.58297729492188,0.21355438232421875 | 0.001417189254425466,-0.011318117380142212,3.623358395543619e-07 | 0 | -0.025576885789632797,-0.03807350620627403,-0.03725098818540573 | 0.04049213230609894,0.20096611976623535,-1.9451712432783097e-05 | 0,0
2560 | 85.33333778381348 | 132.32716369628906,202.60232543945312,0.2130681872367859 | -0.0019229386234655976,0.2698758840560913,1.907030799941367e-08 | 0 | 0.6170138716697693,0.04648827761411667,0.9743646383285522 | -0.0380251370370388,3.6943554878234863,-2.8605460101971403e-05 | 0,0
2570 | 85.6666711345315 | 132.32748413085938,202.89292907714844,0.2102137953042984 | -0.018722333014011383,1.5641778707504272,-3.455539626884274e-05 | 359.3 | 0.8134625554084778,0.07001335918903351,1.2694708108901978 | -0.09421071410179138,4.256833553314209,-0.0001361619943054393 | 0,0
2580 | 86.00000448524952 | 132.3231964111328,203.59432983398438,0.209917351603508 | -0.04371098428964615,2.517709493637085,9.24909909372218e-06 | 359.0 | -0.24677583575248718,0.04442862793803215,1.7878618240356445 | -0.24329589307308197,2.396092176437378,5.549459456233308e-05 | 0,0
2590 | 86.33333783596754 | 132.3126678466797,204.5640411376953,0.21076923608779907 | -0.05817565694451332,3.1972415447235107,1.1728238860087004e-05 | 359.0 | -0.3907657265663147,-0.036943670362234116,1.4992661476135254 | -0.013754143379628658,0.4875611960887909,3.661497248685919e-05 | 0,0
2600 | 86.66667118668556 | 132.3004608154297,205.39361572265625,0.2162436991930008 | -0.03347565606236458,1.6885868310928345,-3.2476731576025486e-05 | 358.9 | -1.2441946268081665,-0.061192836612463,0.5473042726516724 | 0.08294250071048737,-3.6588046550750732,-0.00036042873398400843 | 0,0
2610 | 87.00000453740358 | 132.2912139892578,205.94921875,0.21444566547870636 | -0.0400700643658638,1.9121819734573364,2.620260238472838e-05 | 358.8 | 1.2209086418151855,0.05763861536979675,0.5273605585098267 | -0.0934867113828659,2.616712808609009,-4.119186633033678e-05 | 0,0
2620 | 87.3333378881216 | 132.27706909179688,206.75181579589844,0.2113674134016037 | -0.057731498032808304,2.7976653575897217,-1.6019057511584833e-05 | 358.8 | 0.34816256165504456,0.05098695680499077,0.5094020366668701 | -0.22230695188045502,2.3377702236175537,-4.4624517613556236e-05 | 0,0
2630 | 87.66667123883963 | 132.25906372070312,207.72337341308594,0.213133305311203 | -0.04854752495884895,2.5002195835113525,2.14922347367974e-05 | 358.9 | -1.728055715560913,-0.07776269316673279,0.2353135049343109 | 0.18454423546791077,-5.348667621612549,-3.318234666949138e-05 | 0,0
2640 | 88.00000458955765 | 132.2472381591797,208.34405517578125,0.21571289002895355 | -0.03611806780099869,1.7759469747543335,7.685333912377246e-06 | 358.8 | 0.7826840281486511,0.025595800951123238,0.14140082895755768 | -0.016907190904021263,1.2273036241531372,0.00023456476628780365 | 0,0
2650 | 88.33333794027567 | 132.2332763671875,209.07479858398438,0.21211449801921844 | -0.05075930058956146,2.588082790374756,-7.5518414632824715e-06 | 358.9 | 0.6695773601531982,0.008092638105154037,0.10241326689720154 | -0.02092357538640499,2.416276693344116,-0.000140166754135862 | 0,0
2660 | 88.66667129099369 | 132.2150115966797,210.03720092773438,0.21207451820373535 | -0.05317407101392746,2.7868919372558594,1.4798558368056547e-05 | 358.9 | -1.2047654390335083,-0.014354412443935871,0.05528658255934715 | 0.07366105169057846,-4.022004127502441,0.00024143006885424256 | 0,0
2670 | 89.00000464171171 | 132.2009735107422,210.7802276611328,0.21488888561725616 | -0.04155648499727249,2.187781810760498,4.729436113848351e-06 | 358.9 | 0.5725929737091064,0.014572192914783955,0.009368392638862133 | -0.04072531685233116,1.4629982709884644,0.00022827157226856798 | 0,0
2680 | 89.33333799242973 | 132.1848602294922,211.63348388671875,0.21216462552547455 | -0.05444767326116562,2.898320436477661,-1.0393318007118069e-05 | 358.9 | 0.5191409587860107,0.006594263948500156,-0.008000975474715233 | -0.04035405442118645,2.192673444747925,-0.00014302732597570866 | 0,0
2690 | 89.66667134314775 | 132.1643524169922,212.72634887695312,0.21123580634593964 | -0.06731211394071579,3.6120970249176025,-6.35041260466096e-06 | 358.9 | 0.08452456444501877,-0.00044938523205928504,-0.017649510875344276 | -0.0357229970395565,2.0745561122894287,4.462450306164101e-05 | 0,0
2700 | 90.00000469386578 | 132.13999938964844,214.04550170898438,0.21124546229839325 | -0.0764160007238388,4.249868869781494,2.040522986135329e-06 | 359.0 | -0.07250796258449554,-0.007690703496336937,-0.07406643033027649 | -0.019585711881518364,1.6827391386032104,6.293201295193285e-05 | 0,0
2710 | 90.3333380445838 | 132.11415100097656,215.53013610839844,0.2120106965303421 | -0.0745539739727974,4.573841094970703,1.012633310892852e-05 | 359.1 | -0.3069104850292206,-0.002635086653754115,-0.19512701034545898 | -0.006082355510443449,0.42719361186027527,2.2884339614392957e-06 | 0,0
2720 | 90.66667139530182 | 132.09034729003906,217.0623016357422,0.2130519449710846 | -0.0610412061214447,4.594676494598389,2.4600697088317247e-06 | 359.2 | -0.2235545665025711,-0.028978243470191956,-0.38824018836021423 | 0.058593299239873886,-0.1270294040441513,2.631702591315843e-05 | 0,0
2730 | 91.00000474601984 | 132.07110595703125,218.5848388671875,0.2135249674320221 | -0.04452481493353844,4.548007011413574,5.14898317760526e-07 | 359.4 | -0.0493897907435894,-0.002826435025781393,-0.5182142853736877 | 0.016471555456519127,-0.09620188921689987,-1.4874840417178348e-05 | 0,0
2740 | 91.33333809673786 | 132.05735778808594,220.0990447998047,0.21351797878742218 | -0.026540540158748627,4.545151710510254,7.628123199765469e-08 | 359.7 | 0.028250837698578835,0.0038401552010327578,-0.6093141436576843 | 0.03611264377832413,0.050096508115530014,7.437419299094472e-06 | 0,0
2750 | 91.66667144745588 | 132.0490264892578,221.61825561523438,0.2134229987859726 | -0.01009575929492712,4.569726943969727,-1.8498197960070684e-06 | 359.9 | 0.017067981883883476,-0.0026195012032985687,-0.6298723220825195 | 0.03947607800364494,0.07796286791563034,-3.089389792876318e-05 | 0,0
2760 | 92.0000047981739 | 132.0453643798828,223.14544677734375,0.21340472996234894 | -0.0011948361061513424,4.589981555938721,8.200231604860164e-07 | 360.0 | -0.0037514474242925644,0.002195117063820362,-0.4467279314994812 | 0.07945416122674942,0.04454612359404564,5.148980108060641e-06 | 0,0
2770 | 92.33333814889193 | 132.0458221435547,224.67776489257812,0.21342334151268005 | 0.012518723495304585,4.602753639221191,7.05601394201949e-07 | 0.2 | -0.004099335055798292,0.0002744430967140943,-0.47599858045578003 | 0.05025886744260788,0.03603458032011986,3.261022357037291e-05 | 0,0
2780 | 92.66667149960995 | 132.04942321777344,226.21409606933594,0.21343162655830383 | 0.017477214336395264,4.614805698394775,8.772341288931784e-07 | 0.2 | -0.0010209543397650123,0.016122739762067795,-0.3070155680179596 | 0.013777556829154491,0.03539085015654564,3.489866139716469e-05 | 0,0
4680 | 156.000008136034 | 98.16793060302734,191.61798095703125,0.2113567292690277 | 1.0504612922668457,-0.01692468486726284,-1.5389738109661266e-05 | 90.9 | -0.024762189015746117,-0.6773919463157654,-0.3740333318710327 | 5.585218906402588,-0.08768630027770996,-0.00017964228754863143 | 0,0
4690 | 156.33334148675203 | 98.75991821289062,191.60833740234375,0.20968228578567505 | 2.3014698028564453,-0.03699976205825806,-9.458872227696702e-06 | 90.9 | 0.0021152887493371964,0.0014806535327807069,0.018876634538173676 | 2.8888962268829346,-0.047874968498945236,0.00014131097123026848 | 0,0
4700 | 156.66667483747005 | 99.67317962646484,191.5938262939453,0.2103736698627472 | 3.1107823848724365,-0.04795631393790245,1.3177582331991289e-05 | 90.9 | 0.010071168653666973,0.2130008488893509,0.06944393366575241 | 2.234480142593384,-0.025888120755553246,1.3158522961020935e-05 | 0,0
4710 | 157.00000818818808 | 100.59337615966797,191.579833984375,0.2150474339723587 | 1.9861658811569214,-0.027784105390310287,-3.089389792876318e-06 | 90.8 | 0.032919302582740784,1.8870259523391724,0.1205611303448677 | -6.238070487976074,0.09831368178129196,-0.0004994513583369553 | 0,0
4720 | 157.3333415389061 | 101.1403579711914,191.5721435546875,0.21530446410179138 | 1.7400414943695068,-0.02239706553518772,2.5497001843177713e-05 | 90.7 | -0.019060099497437477,-1.121966004371643,0.10210622847080231 | 1.9508026838302612,-0.02861553616821766,0.00011728240497177467 | 0,0
4730 | 157.66667488962412 | 101.88129425048828,191.56259155273438,0.21166178584098816 | 2.6346287727355957,-0.030033623799681664,-1.43790111906128e-05 | 90.7 | 0.0019359097350388765,-0.5312612652778625,0.20618689060211182 | 2.4342939853668213,-0.00301960832439363,-0.00016762796440161765 | 0,0
4740 | 158.00000824034214 | 102.8343734741211,191.55172729492188,0.21252083778381348 | 2.598135232925415,-0.02427741512656212,2.3265773052116856e-05 | 90.5 | 0.012840140610933304,1.5359898805618286,0.28008314967155457 | -4.874023914337158,0.058600954711437225,0.0002723239012993872 | 0,0
4750 | 158.33334159106016 | 103.5549087524414,191.54481506347656,0.214621439576149 | 2.225193500518799,-0.01725379377603531,5.644811153615592e-06 | 90.4 | -0.008496287278831005,-0.7308475971221924,0.22646093368530273 | 1.9180153608322144,-0.008175204508006573,5.778303602710366e-05 | 0,0
4760 | 158.66667494177818 | 104.42515563964844,191.53805541992188,0.21197400987148285 | 2.9530556201934814,-0.0169681366533041,-1.1575676580832805e-05 | 90.3 | -0.0023858952336013317,-0.4531719386577606,0.3356383740901947 | 2.196542978286743,0.00028822568128816783,-0.0001676279935054481 | 0,0
4770 | 159.0000082924962 | 105.5338134765625,191.53163146972656,0.21128062903881073 | 3.597126007080078,-0.012306741438806057,-5.339686026673007e-07 | 90.2 | 0.008390617556869984,0.1723424643278122,0.433599591255188 | 0.4616045653820038,0.02859497256577015,0.0001807864900911227 | 0,0
4780 | 159.33334164321423 | 106.53519439697266,191.5280303955078,0.2153346836566925 | 2.5845980644226074,-0.003380285343155265,-9.24909909372218e-06 | 90.1 | -0.002379894722253084,0.2951478362083435,0.29677119851112366 | -0.19461391866207123,0.033593177795410156,1.4302740055427421e-05 | 0,0
4790 | 159.66667499393225 | 107.47036743164062,191.5265350341797,0.21312598884105682 | 3.0818593502044678,0.0024519264698028564,4.901069132756675e-06 | 90.0 | 0.02285473607480526,-0.7192357182502747,0.37263211607933044 | 1.9986318349838257,0.06282402575016022,4.004764195997268e-05 | 0,0
4800 | 160.00000834465027 | 108.61845397949219,191.52667236328125,0.21155883371829987 | 3.763906717300415,0.007446600124239922,-7.036943316052202e-06 | 89.9 | 0.006889494135975838,-0.1955336183309555,0.3635091185569763 | 2.0064423084259033,0.02663993649184704,8.009518751350697e-06 | 0,0
4810 | 160.3333416953683 | 109.75496673583984,191.5286865234375,0.21527372300624847 | 2.6498303413391113,0.00979579333215952,-9.420731657883152e-06 | 89.8 | -0.008469946682453156,1.6840652227401733,0.26314643025398254 | -5.669910430908203,-0.0036062297876924276,-0.00032553012715652585 | 0,0
4820 | 160.6666750460863 | 110.57548522949219,191.53131103515625,0.21478639543056488 | 2.6191155910491943,0.012482396326959133,2.5115594326052815e-05 | 89.7 | 0.014659417793154716,-1.0430922508239746,0.21399617195129395 | 1.792681097984314,0.04829411953687668,0.0001109891600208357 | 0,0
4830 | 161.00000839680433 | 111.56840515136719,191.53538513183594,0.212001770734787 | 3.303964376449585,0.017019664868712425,-7.208576334960526e-06 | 89.7 | -0.0002043479325948283,-0.43080952763557434,0.1979316771030426 | 2.113351583480835,0.01749889738857746,2.6317033189116046e-05 | 0,0
4840 | 161.33334174752235 | 112.79052734375,191.5413360595703,0.21130263805389404 | 3.9691085815429688,0.02294391766190529,-4.081045972270658e-06 | 89.7 | 0.003756091929972172,0.007280225865542889,0.18704821169376373 | 1.5395807027816772,0.018107814714312553,-8.009532393771224e-06 | 0,0
4850 | 161.66667509824038 | 113.93171691894531,191.5475616455078,0.21590949594974518 | 2.5583999156951904,0.01562007050961256,-2.482953823346179e-05 | 89.7 | -0.017443561926484108,1.7400504350662231,0.11128116399049759 | -6.5818257331848145,-0.06057754531502724,-0.0004576872743200511 | 0,0
4860 | 162.0000084489584 | 114.53826141357422,191.55120849609375,0.21694791316986084 | 1.6837607622146606,0.010693449527025223,4.206909579806961e-05 | 89.6 | 0.002002064371481538,-1.2043414115905762,0.03931429237127304 | 1.0462831258773804,-0.003022793447598815,0.0005343499360606074 | 0,0
4870 | 162.33334179967642 | 115.2363052368164,191.5555419921875,0.21235772967338562 | 2.5024454593658447,0.01618366874754429,-2.4028588541114004e-06 | 89.6 | -0.002453792840242386,-0.8404058814048767,0.045087024569511414 | 2.5060484409332275,0.005612186621874571,-0.0002231225953437388 | 0,0
4880 | 162.66667515039444 | 116.2078857421875,191.56167602539062,0.21106570959091187 | 3.267207145690918,0.021077198907732964,-7.322998044401174e-06 | 89.6 | 0.0008241856703534722,-0.08351876586675644,0.03631306067109108 | 2.184176206588745,0.01497002225369215,7.780684973113239e-05 | 0,0
4890 | 163.00000850111246 | 117.18067169189453,191.56784057617188,0.2151593565940857 | 2.142207384109497,0.014035996980965137,-6.255060725379735e-06 | 89.6 | -0.006299656815826893,1.8240516185760498,0.045301973819732666 | -6.266319274902344,-0.045041970908641815,-0.00038846212555654347 | 0,0
4900 | 163.33334185183048 | 117.7800064086914,191.57177734375,0.21529905498027802 | 1.9010796546936035,0.012517147697508335,2.8204984118929133e-05 | 89.6 | 0.002725315047428012,-1.133371114730835,0.005242602434009314 | 1.9637309312820435,0.009513906203210354,0.00015847422764636576 | 0,0
4910 | 163.6666752025485 | 118.56694030761719,191.576904296875,0.21178200840950012 | 2.7447357177734375,0.01801304705440998,-1.148032424680423e-05 | 89.6 | 0.00016568441060371697,-0.5072528719902039,0.003957364242523909 | 2.336625814437866,0.0166736152023077,-3.8331298128468916e-05 | 0,0
4920 | 164.00000855326653 | 119.55413818359375,191.58328247070312,0.21259130537509918 | 2.6989729404449463,0.01746837981045246,1.8955885025206953e-05 | 89.6 | -0.004691587761044502,1.5070375204086304,0.022934382781386375 | -4.864418029785156,-0.0318790003657341,0.0001859354815678671 | 0,0
4930 | 164.33334190398455 | 120.15138244628906,191.587158203125,0.2169853001832962 | 1.3652942180633545,0.008910881355404854,-2.0672212485806085e-05 | 89.6 | 0.004429843742400408,-0.403019517660141,0.0009868007618933916 | 0.39403435587882996,0.003273105015978217,0.0003398328262846917 | 0,0
4940 | 164.66667525470257 | 120.7276611328125,191.59097290039062,0.21271932125091553 | 2.179323434829712,0.01420626975595951,8.314654223795515e-06 | 89.6 | 0.0011668006191030145,-1.1369341611862183,-0.009579927660524845 | 3.0945966243743896,0.020091168582439423,-0.00015790213365107775 | 0,0
4950 | 165.0000086054206 | 121.60791015625,191.59669494628906,0.210916668176651 | 3.015096426010132,0.019414788112044334,-8.581638212490361e-06 | 89.6 | -0.0004522443050518632,-0.09891238063573837,-0.009167063049972057 | 2.2728464603424072,0.013759843073785305,7.15136484359391e-05 | 0,0
4960 | 165.3333419561386 | 122.74021911621094,191.60397338867188,0.21096496284008026 | 3.7309482097625732,0.023661760613322258,2.040522986135329e-06 | 89.6 | -0.0006376924575306475,0.05841490253806114,-0.013386598788201809 | 2.0436856746673584,0.011684427969157696,8.581640940974467e-06 | 0,0
4970 | 165.66667530685663 | 124.09683990478516,191.612548828125,0.2112290859222412 | 4.360382080078125,0.02688859961926937,2.898686716434895e-06 | 89.6 | -0.001556199393235147,0.09077420830726624,-0.023343773558735847 | 1.6939257383346558,0.007098242174834013,-3.7187099223956466e-05 | 0,0
4980 | 166.00000865757465 | 125.62129974365234,191.62181091308594,0.2119757980108261 | 4.698087215423584,0.027382979169487953,6.579256023542257e-06 | 89.7 | -0.003563441801816225,0.31205934286117554,-0.04070854187011719 | 0.4024600684642792,-0.005488525610417128,8.009532393771224e-06 | 0,0
4990 | 166.33334200829268 | 127.18849182128906,191.6307373046875,0.21313472092151642 | 4.677821159362793,0.024895627051591873,3.2800926419440657e-06 | 89.7 | -0.001307136146351695,0.2564775049686432,-0.06552992016077042 | -0.2664184272289276,-0.007026940118521452,3.7187088310020044e-05 | 0,0
5000 | 166.6666753590107 | 128.73301696777344,191.63873291015625,0.21362513303756714 | 4.604655742645264,0.0212935172021389,1.0679372053346015e-06 | 89.7 | -0.005358307156711817,0.033431846648454666,-0.09836504608392715 | -0.1275300830602646,-0.018349716439843178,2.8605460101971403e-05 | 0,0
5010 | 167.00000870972872 | 130.26611328125,191.64561462402344,0.21353957056999207 | 4.604419231414795,0.017305325716733932,-9.344450404569216e-07 | 89.8 | -0.007133534178137779,-0.047966036945581436,-0.13352008163928986 | 0.07591723650693893,-0.01869879476726055,-6.63646642351523e-05 | 0,0
5020 | 167.33334206044674 | 131.80661010742188,191.65126037597656,0.2134048044681549 | 4.636767864227295,0.013087392784655094,1.4493433582174475e-06 | 89.8 | -0.004980618134140968,-0.020001716911792755,-0.15311630070209503 | 0.09286879748106003,-0.02546123042702675,4.4052405428374186e-05 | 0,0
5030 | 167.66667541116476 | 133.3566131591797,191.65548706054688,0.21339133381843567 | 4.659523963928223,0.008917538449168205,-1.5256246399530937e-07 | 89.9 | 0.0031290899496525526,0.006746197585016489,-0.1552186757326126 | 0.04797935113310814,-0.002065580105409026,-3.947553341276944e-05 | 0,0
5040 | 168.00000876188278 | 134.9120330810547,191.6582794189453,0.21342170238494873 | 4.671468257904053,0.004134172573685646,1.029796635521052e-06 | 89.9 | -0.008524736389517784,0.0069416421465575695,-0.1681816130876541 | 0.030999181792140007,-0.03471321612596512,6.579256296390668e-05 | 0,0
5050 | 168.3333421126008 | 136.4711456298828,191.6596221923828,0.21343258023262024 | 4.683156967163086,-0.00012580065231304616,3.8140612446113664e-07 | 90.0 | -0.015023895539343357,-0.00012564915232360363,-0.16955989599227905 | 0.03921031579375267,-0.04783550649881363,-9.72585712588625e-06 | 0,0
5060 | 168.66667546331882 | 138.0346221923828,191.65960693359375,0.21342810988426208 | 4.697205066680908,-0.003664997173473239,-1.7163276311293885e-07 | 90.0 | -0.00411924347281456,-0.0014988096663728356,-0.15305054187774658 | 0.043916698545217514,-0.018815437331795692,5.148982381797396e-06 | 0,0
5070 | 169.00000881403685 | 139.6029510498047,191.6584014892578,0.2134241759777069 | 4.712000846862793,-0.006190226413309574,-1.9070306223056832e-07 | 90.1 | 0.006756086368113756,-0.000438086804933846,-0.11850101500749588 | 0.04364490136504173,0.006897481624037027,-2.0595929527189583e-05 | 0,0
5080 | 169.33334216475487 | 141.17613220214844,191.65631103515625,0.21342463791370392 | 4.726108074188232,-0.008693499490618706,3.2419524131910293e-07 | 90.1 | -0.00127193343359977,0.0007663709111511707,-0.10094252973794937 | 0.04012584313750267,-0.015929609537124634,1.3158512047084514e-05 | 0,0
5090 | 169.6666755154729 | 142.75389099121094,191.65341186523438,0.21342666447162628 | 4.739620208740234,-0.010063260793685913,-1.411202788403898e-06 | 90.1 | 0.003549175104126334,0.0003509147500153631,-0.07169070094823837 | 0.03978252038359642,0.003334879642352462,4.004763013654156e-06 | 0,0
5100 | 170.0000088661909 | 144.33596801757812,191.6500701904297,0.2134292870759964 | 4.752135276794434,-0.011244729161262512,6.865310524517554e-07 | 90.1 | 0.0005507558234967291,0.0007074714521877468,-0.05358538776636124 | 0.037093158811330795,-0.006796158384531736,1.9451712432783097e-05 | 0,0
5110 | 170.33334221690893 | 145.92225646972656,191.6463165283203,0.213428795337677 | 4.765273571014404,-0.011995188891887665,4.958279760103323e-07 | 90.1 | 0.0023749510291963816,-0.0007423026254400611,-0.03653455153107643 | 0.04078387841582298,0.0025612579192966223,8.58163730299566e-06 | 0,0
5120 | 170.66667556762695 | 147.5130157470703,191.64231872558594,0.2134276181459427 | 4.778557777404785,-0.012558081187307835,1.1442184444376835e-07 | 90.2 | 5.9129051805939525e-05,4.4291929953033105e-05,-0.025675419718027115 | 0.039038654416799545,-0.0015154479769989848,-2.1168038074392825e-05 | 0,0
5130 | 171.00000891834497 | 149.1082305908203,191.6381072998047,0.21342700719833374 | 4.792115211486816,-0.012670351192355156,-2.002382188948104e-06 | 90.2 | 0.00032563938293606043,-0.0004223387222737074,-0.012742140330374241 | 0.04129886254668236,-0.0019380635349079967,-5.148980108060641e-06 | 0,0
5140 | 171.333342269063 | 150.7079315185547,191.63381958007812,0.21342723071575165 | 4.805262565612793,-0.012728103436529636,-3.8140612446113664e-07 | 90.2 | 0.00018147742957808077,0.00045847767614759505,-0.006168870255351067 | 0.03825187310576439,-0.0005597713752649724,-7.437419299094472e-06 | 0,0
5150 | 171.66667561978102 | 152.3118896484375,191.62954711914062,0.21342913806438446 | 4.817662239074707,-0.012750613503158092,5.14898317760526e-07 | 90.2 | -3.967078373534605e-05,0.0007689462509006262,-0.0024565940257161856 | 0.03541946038603783,-0.0003332644409965724,6.293201295193285e-06 | 0,0
5160 | 172.00000897049904 | 153.9197540283203,191.625244140625,0.2134326547384262 | 4.828831195831299,-0.012808558531105518,6.674607675449806e-07 | 90.2 | 0.00013813789701089263,0.0007674701046198606,-0.0014331379206851125 | 0.0334167443215847,0.00012762843107338995,2.86054591924767e-06 | 0,0
5170 | 172.33334232121706 | 155.53134155273438,191.62095642089844,0.213433638215065 | 4.840002536773682,-0.012640691362321377,1.2967809652764117e-06 | 90.1 | 0.0011336829047650099,0.00028715954977087677,0.004122061654925346 | 0.032057758420705795,0.0020380315836519003,3.4326578770560445e-06 | 0,0
5180 | 172.66667567193508 | 157.14654541015625,191.61666870117188,0.21343505382537842 | 4.8506317138671875,-0.012194558046758175,4.0047643778962083e-07 | 90.1 | 0.0016105821123346686,0.000187084122444503,0.012688248418271542 | 0.03197192773222923,0.0036050283815711737,-2.4600696633569896e-05 | 0,0
5190 | 173.0000090226531 | 158.76516723632812,191.6127166748047,0.21343711018562317 | 4.860420227050781,-0.011401692405343056,1.5637651813449338e-06 | 90.1 | 0.001754628960043192,0.001014687935821712,0.02414008229970932 | 0.02726554684340954,0.0032206063624471426,-1.9451710613793693e-05 | 0,0
5200 | 173.33334237337112 | 160.38693237304688,191.60899353027344,0.21343864500522614 | 4.869998455047607,-0.010282845236361027,1.8307495111002936e-06 | 90.1 | 0.0004579393134918064,-0.00041394977597519755,0.034482549875974655 | 0.030641553923487663,0.0017241573659703135,7.437419844791293e-05 | 0,0
5210 | 173.66667572408915 | 162.01202392578125,191.60569763183594,0.2134374976158142 | 4.880054950714111,-0.008689705282449722,1.6400463209720328e-06 | 90.1 | 0.0003743585548363626,-0.0002924547588918358,0.047720372676849365 | 0.03081321530044079,0.002560587367042899,-8.009532393771224e-06 | 0,0
5220 | 174.00000907480717 | 163.64051818847656,191.60292053222656,0.21343673765659332 | 4.890295505523682,-0.006695071700960398,7.628123199765469e-08 | 90.1 | 0.0027930098585784435,0.00013462311471812427,0.06232364475727081 | 0.02943992428481579,0.011423303745687008,1.830749533837661e-05 | 0,0
5230 | 174.3333424255252 | 165.27224731445312,191.6007843017578,0.21343916654586792 | 4.8993024826049805,-0.0046667964197695255,-5.721092293242691e-07 | 90.1 | 0.001774415373802185,0.001245372579433024,0.06983067840337753 | 0.024318693205714226,0.010584275238215923,-3.2610227208351716e-05 | 0,0
5240 | 174.6666757762432 | 166.90679931640625,191.59927368164062,0.21344134211540222 | 4.907961845397949,-0.0024497241247445345,-5.911795142310439e-07 | 90.0 | 0.002771420869976282,-0.000587172107771039,0.07401695847511292 | 0.029153821989893913,0.017202205955982208,-4.576873379846802e-06 | 0,0
5250 | 175.00000912696123 | 168.5446014404297,191.5985565185547,0.21343661844730377 | 4.918635845184326,0.00012566265650093555,1.1823590284620877e-06 | 90.0 | 0.0072257728315889835,-0.0014232887187972665,0.0868605524301529 | 0.03340243920683861,0.02783459611237049,2.6889130822382867e-05 | 0,0
