Simulation Frame | Timestamp | Position | Velocity | Heading | Angular Velocity | Acceleration | Stopped at Red Light + Light ID 
14000 | 466.66669100522995 | 98.9954833984375,191.5957794189453,0.21032370626926422 | 5.476823806762695,0.015305869281291962,2.784264779620571e-06 | 89.8 | 0.005761288572102785,0.003194274380803108,2.921792507171631 | 0.014634131453931332,-0.00016344709729310125,8.696059376234189e-05 | 0,0
14010 | 467.00002435594797 | 101.00481414794922,191.60137939453125,0.2103237807750702 | 5.482128620147705,0.01498493179678917,4.1954677953981445e-07 | 89.8 | 0.004701708909124136,0.0032377371098846197,2.912675619125366 | 0.014276503585278988,-0.0018576252041384578,-4.576873379846802e-06 | 0,0
14020 | 467.333357706666 | 102.65023803710938,191.60595703125,0.21032404899597168 | 5.486422538757324,0.01458554808050394,3.432655262258777e-07 | 89.8 | 0.0049455976113677025,0.0033878011163324118,2.9044182300567627 | 0.013804434798657894,-0.0015362071571871638,4.0047639231488574e-06 | 0,0
14030 | 467.666691057384 | 104.48001098632812,191.61073303222656,0.21032416820526123 | 5.4911394119262695,0.013939007185399532,-1.029796635521052e-06 | 89.9 | 0.004605288151651621,0.0031422204338014126,2.8941102027893066 | 0.014176367782056332,-0.0025183705147355795,-5.148983291292097e-06 | 0,0
14040 | 468.00002440810204 | 106.31132507324219,191.61538696289062,0.21032412350177765 | 5.495871543884277,0.013139207847416401,1.3921323898102855e-06 | 89.9 | 0.004706719424575567,0.0029017121996730566,2.8846261501312256 | 0.0147056570276618,-0.0032606718596071005,2.059592770820018e-05 | 0,0
14050 | 468.33335775882006 | 108.14425659179688,191.61973571777344,0.21032309532165527 | 5.5009074211120605,0.01211160235106945,-2.288436888875367e-07 | 89.9 | 0.004893927834928036,0.002810533856973052,2.873445510864258 | 0.01557826902717352,-0.0031576023902744055,-2.5744913727976382e-05 | 0,0
14060 | 468.6666911095381 | 110.16240692138672,191.62405395507812,0.21032367646694183 | 5.506075382232666,0.010753272101283073,-5.14898317760526e-07 | 89.9 | 0.004996985197067261,0.003888549283146858,2.862464189529419 | 0.012574194930493832,-0.002874852856621146,4.576873379846802e-06 | 0,0
14070 | 469.0000244602561 | 111.81494140625,191.6272430419922,0.2103251963853836 | 5.50993013381958,0.00954371690750122,1.4493433582174475e-06 | 89.9 | 0.005170312710106373,0.00308781024068594,2.8553898334503174 | 0.013489722274243832,-0.003677615663036704,5.721084903598239e-07 | 1,5
14080 | 469.3333578109741 | 113.43533325195312,191.62771606445312,0.22037731111049652 | 1.8262428045272827,0.001751266187056899,-0.0019075836753472686 | 89.9 | 0.026084672659635544,6.082696437835693,0.5572710037231445 | -18.89150047302246,-0.0041871690191328526,0.04056254401803017 | 1,5
14090 | 469.66669116169214 | 113.51284790039062,191.62747192382812,0.22193942964076996 | -0.006517017260193825,0.00010467831452842802,0.0014283087803050876 | 0 | 0.004968919325619936,-3.619809150695801,0.0011396651389077306 | -0.010374839417636395,-0.0007226383313536644,0.001770107657648623 | 1,5
14100 | 470.00002451241016 | 113.51811218261719,191.62750244140625,0.21291331946849823 | -0.003072863444685936,-8.666610483487602e-06,0.00035180902341380715 | 0 | 0.006389855407178402,-1.420935869216919,0.00017762838979251683 | 0.012784630060195923,9.50008961808635e-06,-0.002730678068473935 | 1,5
14110 | 470.3333578631282 | 113.51949310302734,191.6275177001953,0.2104663848876953 | -0.0006216578767634928,-1.5432812006110908e-06,1.4989261217124294e-05 | 0 | 0.0004407005908433348,-0.27453866600990295,1.2974481251148973e-05 | 0.0036186000797897577,1.7586862668395042e-05,-0.00024314642359968275 | 1,5
14120 | 470.6666912138462 | 113.51969146728516,191.6275177001953,0.2101007103919983 | -0.00010650136391632259,5.765315904682211e-07,-2.4600697088317247e-06 | 0 | -0.00041806508670561016,-0.0466512069106102,1.0665916079233284e-06 | 0.00010235678200842813,-1.7378549728164217e-06,-9.725858035380952e-06 | 1,5
14130 | 471.0000245645642 | 113.51976013183594,191.62750244140625,0.21000483632087708 | -2.3857221094658598e-05,1.5998161018160317e-07,-1.735397972879582e-06 | 0 | -0.00012471653462853283,-0.0104252053424716,1.1536364752373629e-07 | -3.7968162359902635e-05,-4.628094757208601e-06,-1.0870075129787438e-05 | 1,5
14140 | 471.33335791528225 | 113.51978302001953,191.62750244140625,0.2099800407886505 | -3.6713968256663065e-06,-5.0228997849899315e-08,1.9070306223056832e-07 | 0 | 1.2293901818338782e-05,-0.0015977806178852916,-5.184480755815457e-08 | -0.00011014189658453688,-1.506869807599287e-06,5.721091383747989e-06 | 1,5
14150 | 471.66669126600027 | 113.51979064941406,191.62750244140625,0.20997309684753418 | -2.801706386890146e-06,2.164767209933416e-08,-2.326577487110626e-06 | 0 | -1.4759221812710166e-05,-0.0012255869805812836,3.2027504204279467e-08 | 1.1362525583535898e-05,-2.861546136045945e-06,-1.5446947145392187e-05 | 1,5
14160 | 472.0000246167183 | 113.51979064941406,191.62750244140625,0.20997196435928345 | -9.599191344022984e-07,-9.479721541083563e-08,-7.05601394201949e-07 | 0 | 3.783175998250954e-05,-0.0004195312212686986,1.5786552509666762e-08 | 3.125154307781486e-06,-3.045809080504114e-06,-1.3730621503782459e-05 | 1,5
14170 | 472.3333579674363 | 113.51979064941406,191.62750244140625,0.20997092127799988 | -2.481433227785601e-07,1.2485499745196194e-08,-4.0047643778962083e-07 | 0 | -6.9956631705281325e-06,-0.00010840883624041453,1.0065143163373591e-09 | -1.0665814187404976e-07,7.208622321286384e-08,1.2586400771397166e-05 | 1,5
14180 | 472.66669131815434 | 113.51979064941406,191.62750244140625,0.20997092127799988 | -3.796813174972158e-08,-1.497872048616955e-08,5.7210922221884175e-08 | 0 | 3.33429215970682e-06,-1.6689142285031267e-05,4.100794814831943e-09 | 6.034524062670243e-07,-3.479415227047866e-07,5.72109183849534e-06 | 1,5
14190 | 473.00002466887236 | 113.51979064941406,191.62750244140625,0.20997092127799988 | 0.0,0.0,0.0 | 0 | 0.0,0.0,0.0 | 1.6744978381666442e-07,-7.323336603803909e-07,2.460069299559109e-05 | 1,5
14200 | 473.3333580195904 | 113.51979064941406,191.62750244140625,0.20997092127799988 | -7.843508953442324e-09,1.7390409112749694e-08,-5.530388875740755e-07 | 0 | -1.004176101560006e-05,-3.433270194364013e-06,-2.9847385674131033e-10 | -4.876669379427767e-08,-6.689517562108449e-08,-2.2884357804286992e-06 | 1,5
14210 | 473.6666913703084 | 113.51979064941406,191.62750244140625,0.20997092127799988 | -1.1446697811834383e-08,7.0196657375731775e-09,-5.530388875740755e-07 | 0 | -3.627646719905897e-06,-4.999947122996673e-06,5.8168515143508515e-11 | -1.0060298372138732e-08,-6.39469760699285e-07,-2.2884357804286992e-06 | 1,5
14220 | 474.0000247210264 | 113.51979064941406,191.62750244140625,0.20997092127799988 | 6.318895184875828e-09,6.357070425622169e-09,-2.479139880051662e-07 | 0 | -3.4686795515881386e-06,2.7605165087152272e-06,-2.548950217562407e-10 | -2.8827951581433808e-08,7.026527981679465e-08,-1.7163276879728073e-06 | 1,5
14230 | 474.33335807174444 | 113.51979064941406,191.62750244140625,0.20997092127799988 | -4.140702447585909e-09,2.236141050104834e-09,-1.7163276311293885e-07 | 0 | -1.213825498780352e-06,-1.8036437268165173e-06,-1.1323132015350623e-10 | -4.950075904730511e-08,2.4947631516170077e-08,-2.2884369172970764e-06 | 1,5
14240 | 474.66669142246246 | 113.51979064941406,191.62750244140625,0.20997092127799988 | 2.368330864754853e-09,1.31979904782753e-09,-3.814061599882734e-08 | 0 | -6.452792717936973e-07,1.024968696583528e-06,2.9197456952179124e-11 | 7.104991794903981e-08,3.959396721597841e-08,-1.1442184586485382e-06 | 1,5
14250 | 475.0000247731805 | 113.51979064941406,191.62750244140625,0.20997092127799988 | 2.8571715660064e-08,-1.0699095298605243e-07,-9.535153822071152e-07 | 0 | 4.5533310185419396e-05,1.2263674761925358e-05,1.0615717194184526e-08 | 7.982851570886851e-07,-3.3872886433528038e-06,-1.4302730050985701e-05 | 1,5
14260 | 475.3333581238985 | 113.51979064941406,191.62750244140625,0.20997092127799988 | 2.212902927567484e-08,-1.0730894217658715e-07,-8.772341288931784e-07 | 0 | 4.557929787551984e-05,9.437383596377913e-06,1.082217693237908e-08 | 8.831263471620332e-07,-3.4234060422022594e-06,-1.3158511137589812e-05 | 1,5
14270 | 475.6666914746165 | 113.51979064941406,191.62750244140625,0.20997092127799988 | 2.5681967663615524e-09,8.051991962076954e-09,-1.9070306223056832e-07 | 0 | -4.742853434436256e-06,1.110619336941454e-06,-8.468753476265078e-11 | 3.533825676527158e-08,-1.1085238504904282e-08,-1.1442178902143496e-06 | 1,5
14280 | 476.00002482533455 | 113.51979064941406,191.62750244140625,0.20997092127799988 | -4.140702447585909e-09,2.236141050104834e-09,-1.7163276311293885e-07 | 0 | -1.213825498780352e-06,-1.8036437268165173e-06,-1.1323355447734329e-10 | -4.950075904730511e-08,2.4947635068883756e-08,-2.2884369172970764e-06 | 1,5
14290 | 476.33335817605257 | 113.51979064941406,191.62750244140625,0.20997092127799988 | 2.368330864754853e-09,1.3197988257829252e-09,-3.814061599882734e-08 | 0 | -6.452792717936973e-07,1.024968696583528e-06,2.919930269795756e-11 | 7.104991794903981e-08,3.959396366326473e-08,-1.1442184586485382e-06 | 1,5
14300 | 476.6666915267706 | 113.51979064941406,191.62750244140625,0.20997092127799988 | 1.3657542874412343e-09,7.950520242161474e-09,-5.530388875740755e-07 | 0 | -4.307632480049506e-06,5.985848474665545e-07,-1.7229441831578818e-11 | -3.123703962160107e-08,-6.855134984107281e-07,-2.2884357804286992e-06 | 1,5
14310 | 477.0000248774886 | 113.51979064941406,191.62750244140625,0.20997092127799988 | -1.0743856471151503e-08,7.928655954003716e-09,-5.530388875740755e-07 | 0 | -4.393666131363716e-06,-4.694829840445891e-06,-1.7337777047377045e-10 | -2.8414575581336976e-08,5.2207141720828076e-08,-2.2884357804286992e-06 | 1,5
14320 | 477.33335822820663 | 113.51979064941406,191.62750244140625,0.20997092127799988 | 5.7334759162586124e-09,5.630342858609083e-09,-2.479139880051662e-07 | 0 | -3.04440163745312e-06,2.505350039427867e-06,-2.394608122902042e-10 | -2.882773841861308e-08,7.026539350363237e-08,-1.7163276879728073e-06 | 1,5
14330 | 477.66669157892466 | 113.51979064941406,191.62750244140625,0.20997092127799988 | -5.790726120835643e-09,3.0673921180834895e-09,-2.479139880051662e-07 | 0 | -1.7008451322908513e-06,-2.525146783227683e-06,-1.1747629258263004e-10 | -4.950070575659993e-08,2.4937531151181247e-08,-2.288436689923401e-06 | 1,5
14340 | 478.0000249296427 | 113.51979064941406,191.62750244140625,0.20997092127799988 | 2.368330864754853e-09,1.31979904782753e-09,-3.814061599882734e-08 | 0 | -6.452792717936973e-07,1.024968696583528e-06,2.919636754583621e-11 | 7.104991794903981e-08,3.959396721597841e-08,-1.1442184586485382e-06 | 1,5
14350 | 478.3333582803607 | 113.51979064941406,191.62750244140625,0.20997092127799988 | 5.269362168824898e-10,3.025056471983589e-08,-5.530388875740755e-07 | 0 | -2.929541096818866e-06,5.054844791629876e-07,-1.03536148543526e-08 | -6.061981849825315e-08,7.081599733282928e-07,-2.2884357804286992e-06 | 1,5
14360 | 478.6666916310787 | 113.51979064941406,191.62750244140625,0.20997092127799988 | -1.01619814785181e-08,9.595701122577793e-09,-5.911795142310439e-07 | 0 | -5.340427833289141e-06,-4.441843429958681e-06,-1.675237587539513e-10 | -2.7741940300529677e-08,-2.7343086017594942e-08,-2.2884357804286992e-06 | 1,5
14370 | 479.00002498179674 | 113.51979064941406,191.62750244140625,0.20997092127799988 | 5.743437725413969e-09,5.9046811884400086e-09,-1.9070306223056832e-07 | 0 | -3.3350968351442134e-06,2.5040769742190605e-06,-1.5235472605734657e-10 | 6.947109110200245e-09,2.923958142275751e-08,-1.1442178902143496e-06 | 1,5
14380 | 479.33335833251476 | 113.51979064941406,191.62750244140625,0.20997092127799988 | -4.140702447585909e-09,2.236141050104834e-09,-1.7163276311293885e-07 | 0 | -1.213825498780352e-06,-1.8036437268165173e-06,-1.1322879439612521e-10 | -4.950076615273247e-08,2.4947635068883756e-08,-2.2884369172970764e-06 | 1,5
14390 | 479.6666916832328 | 113.51979064941406,191.62750244140625,0.20997092127799988 | 1.6285016668504682e-09,8.084088065629658e-09,-5.7210922221884175e-08 | 0 | -3.956029559049057e-06,7.028077675386157e-07,-3.0771327153011896e-10 | 4.885504623075576e-08,2.42522617099894e-07,-1.7163275742859696e-06 | 1,5
14400 | 480.0000250339508 | 113.51979064941406,191.62750244140625,0.20997092127799988 | 2.7603510588392055e-08,-9.981525295188476e-08,-9.535153822071152e-07 | 0 | 4.1338989831274375e-05,1.1834952601930127e-05,1.0502649416821441e-08 | 7.982852707755228e-07,-3.3873136544571025e-06,-1.4302730050985701e-05 | 1,5
14410 | 480.3333583846688 | 113.51979064941406,191.62750244140625,0.20997092127799988 | -1.0743846701188886e-08,7.922391631609571e-09,-5.530388875740755e-07 | 0 | -4.393913968669949e-06,-4.694837116403505e-06,-1.8025556047795988e-10 | -2.8472156188286135e-08,6.373518601776595e-08,-2.2884357804286992e-06 | 1,5
14420 | 480.66669173538685 | 113.51979064941406,191.62750244140625,0.20997092127799988 | 7.758089282106084e-09,2.0248420717905447e-09,-1.9070306223056832e-07 | 0 | -1.0855197842829512e-06,3.3871483537950553e-06,-1.0631433233765364e-10 | 2.0851386395293048e-08,1.6029973792797136e-08,-1.1442178902143496e-06 | 1,5
14430 | 481.00002508610487 | 113.51979064941406,191.62750244140625,0.20997092127799988 | -4.140702447585909e-09,2.236141050104834e-09,-1.7163276311293885e-07 | 0 | -1.213825498780352e-06,-1.8036437268165173e-06,-1.1323245119321257e-10 | -4.950076615273247e-08,2.4947635068883756e-08,-2.2884369172970764e-06 | 1,5
14440 | 481.3333584368229 | 113.51979064941406,191.62750244140625,0.20997092127799988 | 0.0,0.0,0.0 | 0 | 0.0,0.0,0.0 | 1.9518010674346442e-07,-1.048250965141051e-06,2.174014844058547e-05 | 1,5
14450 | 481.6666917875409 | 113.51979064941406,191.62750244140625,0.20997092127799988 | 1.0019218787959971e-09,1.098356783302279e-08,-4.386170644465892e-07 | 0 | -6.318170107988408e-06,4.359976344403549e-07,-2.807342414090641e-10 | -4.9443013239169886e-08,1.3218572014750407e-08,-2.288436689923401e-06 | 1,5
14460 | 482.00002513825893 | 113.51979064941406,191.62750244140625,0.20997092127799988 | -6.193138446519697e-09,-1.1994300663786817e-08,-5.721092293242691e-07 | 0 | 6.949942871870007e-06,-2.6944046567223268e-06,2.2926219256369507e-10 | -1.4061537711995697e-08,-1.4275779669503663e-08,-2.2884373720444273e-06 | 1,5
14470 | 482.33335848897696 | 113.51979064941406,191.62750244140625,0.20997092127799988 | 7.579456173800736e-09,1.8099683529726462e-08,-2.8605461466213455e-07 | 0 | -1.0460619705554564e-05,3.296400791441556e-06,-3.6486974552829565e-10 | 6.94792179345427e-09,2.8974048049690282e-08,-1.1442186860222137e-06 | 1,5
14480 | 482.666691839695 | 113.51979064941406,191.62750244140625,0.20997092127799988 | -4.140702003496699e-09,2.236141050104834e-09,-1.7163276311293885e-07 | 0 | -1.213825498780352e-06,-1.8036437268165173e-06,-1.1322490861553902e-10 | -4.950075194187775e-08,2.4947635068883756e-08,-2.2884369172970764e-06 | 1,5
14490 | 483.000025190413 | 113.51979064941406,191.62750244140625,0.20997092127799988 | 2.368330864754853e-09,1.31979904782753e-09,-3.814061599882734e-08 | 0 | -6.452792717936973e-07,1.024968696583528e-06,2.9198206352720746e-11 | 7.104991794903981e-08,3.959396721597841e-08,-1.1442184586485382e-06 | 1,5
14500 | 483.333358541131 | 113.51979064941406,191.62750244140625,0.20997092127799988 | -1.6886310405528349e-10,9.492990393766831e-09,-5.530388875740755e-07 | 0 | -5.420867637440097e-06,-7.416172564944645e-08,-2.123468900716574e-10 | -4.8769795313319264e-08,-6.631905336007549e-08,-2.2884357804286992e-06 | 1,5
14510 | 483.66669189184904 | 113.51979064941406,191.62750244140625,0.20997092127799988 | -1.0042925602249397e-08,9.218095620155964e-09,-5.530388875740755e-07 | 0 | -5.1506490308383945e-06,-4.389667537907371e-06,-2.058393733239683e-10 | -2.8472076252228362e-08,6.378489558755973e-08,-2.2884357804286992e-06 | 1,5
14520 | 484.00002524256706 | 113.51979064941406,191.62750244140625,0.20997092127799988 | 6.193905388585108e-09,-1.2746313338141135e-08,-2.6698430133365036e-07 | 0 | 5.235722710494883e-06,2.693981059564976e-06,-1.2601993060190608e-10 | 8.913551710065803e-07,-3.5616301374830073e-06,-1.3158511137589812e-05 | 1,5
14530 | 484.3333585932851 | 113.51979064941406,191.62750244140625,0.20997092127799988 | -2.5772064482509904e-09,-3.9217264991009415e-09,-1.9070306223056832e-07 | 0 | 2.2159488253237214e-06,-1.1212439403607277e-06,6.238091293520043e-11 | -2.4425903077940347e-08,-2.7603931584962993e-08,-2.2884364625497255e-06 | 1,5
14540 | 484.6666919440031 | 113.51979064941406,191.62750244140625,0.20997092127799988 | 0.0,0.0,0.0 | 0 | 0.0,0.0,0.0 | -1.7615954561733815e-07,-5.322416640751726e-08,-1.1442184586485382e-06 | 1,5
14550 | 485.0000252947211 | 113.51979064941406,191.62750244140625,0.20997092127799988 | -2.0201914807671528e-08,9.564549685592283e-08,-1.3349215066682518e-07 | 0 | -3.900970477843657e-05,-8.587556294514798e-06,-1.057924503555796e-08 | -8.832872140374093e-07,3.3770768368412973e-06,1.0297964763594791e-05 | 1,5
14560 | 485.33335864543915 | 113.51979064941406,191.62750244140625,0.20997092127799988 | 5.408327674594204e-10,-1.6536503721908957e-08,-5.14898317760526e-07 | 0 | 9.216548278345726e-06,2.442592972329294e-07,1.2720115238895602e-10 | 1.7019790021777226e-08,6.464119337579177e-07,-1.1442186860222137e-06 | 1,5
14570 | 485.66669199615717 | 113.51979064941406,191.62750244140625,0.20997092127799988 | 7.834080939517207e-09,-1.4366891676331761e-08,-2.6698430133365036e-07 | 0 | 8.032645382627379e-06,3.4253523608640535e-06,3.1805633127213184e-10 | 4.90094862470869e-08,2.6855049295448907e-09,-1.1442183449617005e-06 | 1,5
14580 | 486.0000253468752 | 113.51979064941406,191.62750244140625,0.20997092127799988 | -1.975760888228706e-09,-7.428808679321719e-09,-2.6698430133365036e-07 | 0 | 4.265963070793077e-06,-8.556845614293707e-07,1.1693203350038317e-10 | -2.4426482170269992e-08,-2.7474500896573772e-08,-2.2884369172970764e-06 | 1,5
14590 | 486.3333586975932 | 113.51979064941406,191.62750244140625,0.20997092127799988 | 2.2000627708518294e-10,4.242914464214209e-09,-3.814061599882734e-08 | 0 | -2.0764828150277026e-06,9.407962409113679e-08,-1.8550459779387296e-10 | 6.600187951733005e-09,1.272874214919284e-07,-1.1442184586485382e-06 | 1,5
14600 | 486.66669204831123 | 113.51979064941406,191.62750244140625,0.20997092127799988 | 1.0001828254502243e-09,1.146678751950958e-08,-4.767576911035576e-07 | 0 | -6.604007467103656e-06,4.3483666445354174e-07,-2.946633770317675e-10 | -4.9494790488324725e-08,2.331686665968391e-08,-2.2884373720444273e-06 | 1,5
14610 | 487.00002539902925 | 113.51979064941406,191.62750244140625,0.20997092127799988 | 2.0014287116509877e-08,-1.0801606009636089e-07,-8.96304470643372e-07 | 0 | 4.599335079547018e-05,8.514109140378423e-06,1.0847665876667634e-08 | 8.834209666019888e-07,-3.4303795928281033e-06,-1.3158512047084514e-05 | 1,5
14620 | 487.3333587497473 | 113.51979064941406,191.62750244140625,0.20997092127799988 | 4.312690649044271e-09,1.0968157937440992e-08,-2.288436888875367e-07 | 0 | -6.295354523899732e-06,1.8749781247606734e-06,-2.2799732934952743e-10 | 6.947055819495063e-09,2.9235119214376937e-08,-1.1442186860222137e-06 | 1,5
14630 | 487.6666921004653 | 113.51979064941406,191.62750244140625,0.20997092127799988 | -4.140702447585909e-09,2.236141050104834e-09,-1.7163276311293885e-07 | 0 | -1.213825498780352e-06,-1.8036437268165173e-06,-1.132335683551311e-10 | -4.950075904730511e-08,2.4947635068883756e-08,-2.2884369172970764e-06 | 1,5
14640 | 488.0000254511833 | 113.51979064941406,191.62750244140625,0.20997092127799988 | 0.0,0.0,0.0 | 0 | 0.0,0.0,0.0 | 2.1243610603960406e-07,-3.4382750868644507e-07,2.174014844058547e-05 | 1,5
14650 | 488.33335880190134 | 113.51979064941406,191.62750244140625,0.20997092127799988 | 1.4781412760456192e-09,9.33353128118597e-09,-5.530388875740755e-07 | 0 | -5.115803560329368e-06,6.465749606832105e-07,-4.078218318603888e-11 | -3.123715330843879e-08,-6.855136120975658e-07,-2.2884357804286992e-06 | 1,5
14660 | 488.66669215261936 | 113.51979064941406,191.62750244140625,0.20997092127799988 | -1.1441557035141159e-08,8.635477222185273e-09,-6.102498559812375e-07 | 0 | -4.926730980514549e-06,-5.005457751394715e-06,-9.386478400097431e-11 | -1.0417879003910002e-08,4.0820239632921584e-08,-1.7163289385280223e-06 | 1,5
14670 | 489.0000255033374 | 113.51979064941406,191.62750244140625,0.20997092127799988 | 7.870197826775893e-09,3.4355740474723007e-09,-1.9070306223056832e-07 | 0 | -1.8930204532807693e-06,3.435148755670525e-06,-1.2613719790888211e-10 | 6.651958539549696e-09,3.653240199241736e-08,-1.1442178902143496e-06 | 1,5
14680 | 489.3333588540554 | 113.51979064941406,191.62750244140625,0.20997092127799988 | -4.140702447585909e-09,2.236141050104834e-09,-1.7163276311293885e-07 | 0 | -1.213825498780352e-06,-1.8036437268165173e-06,-1.1322981441352908e-10 | -4.950076615273247e-08,2.4947635068883756e-08,-2.2884369172970764e-06 | 1,5
14690 | 489.6666922047734 | 113.51979064941406,191.62750244140625,0.20997092127799988 | 0.0,0.0,0.0 | 0 | 0.0,0.0,0.0 | 2.1243610603960406e-07,-3.4383018032713153e-07,2.174014844058547e-05 | 1,5
14700 | 490.00002555549145 | 113.52305603027344,191.627197265625,0.20980167388916016 | 0.10890115797519684,-0.001744608860462904,-2.1740149804827524e-06 | 0 | -0.04964348301291466,-0.5038424134254456,1.5828226804733276 | 3.4092509746551514,-0.05260834842920303,-4.061975050717592e-05 | 0,0
14710 | 490.33335890620947 | 113.76661682128906,191.62857055664062,0.2050078958272934 | 1.6410943269729614,0.008746091276407242,-0.00010120612569153309 | 89.7 | 0.014513971284031868,-1.3719847202301025,-0.02203802391886711 | 5.038904666900635,0.026547301560640335,-0.000187079916941002 | 0,0
14720 | 490.6666922569275 | 114.46961975097656,191.63241577148438,0.20635230839252472 | 2.191837787628174,0.010994074866175652,8.869600424077362e-05 | 89.7 | -0.015625428408384323,1.3239905834197998,-0.0583779513835907 | -0.043001171201467514,-0.009912745095789433,0.00012700851948466152 | 0,0
14730 | 491.0000256076455 | 115.20333862304688,191.6361083984375,0.20884452760219574 | 2.4146928787231445,0.011089534498751163,6.598326763196383e-06 | 89.7 | 0.0009331434848718345,-0.6787242293357849,-0.05001304671168327 | 5.1717634201049805,0.02161896601319313,-0.0003066505305469036 | 0,0
14740 | 491.33335895836353 | 116.27423858642578,191.64097595214844,0.20515723526477814 | 3.8807456493377686,0.015620863996446133,-5.6409968237858266e-05 | 89.8 | -0.004241660237312317,-0.5834754109382629,-0.10515620559453964 | 4.160406112670898,-0.0049137226305902,0.00014817631745245308 | 0,0
14750 | 491.66669230908155 | 117.79984283447266,191.64707946777344,0.20501796901226044 | 5.129098892211914,0.01716546341776848,0.011653007008135319 | 89.8 | -0.0020323239732533693,0.2918950021266937,-0.1513349562883377 | 2.789654493331909,0.0025612858589738607,0.3497818410396576 | 0,0
14760 | 492.0000256597996 | 119.56839752197266,191.65335083007812,0.20862425863742828 | 5.24766206741333,0.015136439353227615,-0.0010554080363363028 | 89.8 | -0.0448133759200573,1.4832217693328857,-2.1704931259155273 | -1.1505316495895386,-0.013971150852739811,0.001892535830847919 | 0,0
14770 | 492.3333590105176 | 121.25897216796875,191.6575164794922,0.2107899785041809 | 4.993552207946777,0.00827882532030344,0.00018593549611978233 | 89.9 | 0.006762068718671799,0.2606210708618164,1.70621919631958 | -0.7762812972068787,-0.0033316665794700384,-0.0073035466484725475 | 0,0
14780 | 492.6666923612356 | 122.94520568847656,191.6604461669922,0.21044932305812836 | 5.055838108062744,0.004070583265274763,0.0017444563563913107 | 90.0 | -0.01641191728413105,-0.1626085489988327,-0.021044932305812836 | 0.6932401061058044,-0.02061966247856617,-0.029196444898843765 | 0,0
14790 | 493.00002571195364 | 124.63899230957031,191.66163635253906,0.21028880774974823 | 5.033371925354004,-0.0025234476197510958,0.00019037886522710323 | 90.0 | -0.08610886335372925,0.4870970547199249,-2.5700130462646484 | -1.0104559659957886,-0.14380550384521484,-0.005925906356424093 | 0,0
14800 | 493.33335906267166 | 126.32765197753906,191.6744842529297,0.21048609912395477 | 4.978774070739746,0.24816665053367615,-2.715611844905652e-05 | 87.1 | 2.3452980518341064,0.6038951873779297,8.94545841217041 | -0.8374785780906677,2.2030649185180664,-0.003013871144503355 | 0,0
14810 | 493.6666924133897 | 127.94058990478516,191.9835662841797,0.21086737513542175 | 4.255807399749756,2.389813184738159,-0.001900317962281406 | 60.7 | 4.434401035308838,1.7421716451644897,54.72797775268555 | -5.4651970863342285,8.039130210876465,0.03486032783985138 | 0,0
14820 | 494.0000257641077 | 129.47140502929688,192.799560546875,0.210473895072937 | 4.263583183288574,2.351210355758667,0.0014123850269243121 | 61.1 | -1.4454536437988281,-0.9702686667442322,12.437786102294922 | -1.462197184562683,2.301213502883911,-0.009918658062815666 | 0,0
14830 | 494.3333591148257 | 130.57186889648438,193.7720489501953,0.21349860727787018 | 1.6729536056518555,3.9548301696777344,-0.0010706642642617226 | 22.9 | 2.600299596786499,3.9495034217834473,68.2744369506836 | -10.969926834106445,3.3350226879119873,-0.00277244346216321 | 0,0
14840 | 494.66669246554375 | 131.08885192871094,194.97496032714844,0.21025657653808594 | 1.6357195377349854,4.8263349533081055,0.001590463682077825 | 18.7 | -2.4417715072631836,-7.859978199005127,39.10172653198242 | 6.68737268447876,0.8859156966209412,0.005013966932892799 | 0,0
14850 | 495.00002581626177 | 131.61215209960938,196.59884643554688,0.2102814018726349 | 0.39604777097702026,5.017064571380615,-0.006622450426220894 | 4.5 | -2.090432643890381,-2.407729387283325,44.65834045410156 | 0.7866373062133789,-4.315738201141357,0.10423856973648071 | 0,0
14860 | 495.3333591669798 | 131.84873962402344,197.71368408203125,0.21791976690292358 | 0.38170474767684937,2.372455596923828,0.0006484476616606116 | 9.1 | 2.5118165016174316,-0.1557677984237671,4.9644455909729 | 0.16250519454479218,2.6255533695220947,0.0021528461948037148 | 0,0
14870 | 495.6666925176978 | 131.98646545410156,198.5805206298828,0.2091163992881775 | 0.3582654893398285,3.361821413040161,0.00019571857410483062 | 6.1 | 2.0094850063323975,0.4312714636325836,9.026786804199219 | -0.7406141757965088,3.47428297996521,-0.002104789251461625 | 0,0
14880 | 496.00002586841583 | 132.08599853515625,199.39512634277344,0.21772773563861847 | 0.03271156921982765,0.4122280478477478,-0.00023883653921075165 | 0 | -5.699058532714844,-0.6287541389465332,2.3851401805877686 | -1.1317769289016724,-18.194053649902344,-0.0038748958613723516 | 0,0
14890 | 496.33335921913385 | 132.0867156982422,199.39984130859375,0.215508833527565 | 0.0009339056559838355,-0.0045160348527133465,0.00022691757476422936 | 0 | 2.116858959197998,-0.08895061910152435,0.0032350565306842327 | -0.0060255699791014194,0.007318029645830393,-5.492285345098935e-05 | 0,0
14900 | 496.6666925698519 | 132.09921264648438,199.53538513183594,0.2078213393688202 | 0.0749315470457077,1.1031841039657593,-2.9005936085013673e-05 | 3.9 | 2.24112868309021,0.03849005326628685,2.713494300842285 | 0.3291899561882019,5.2250285148620605,-0.0008730385452508926 | 0,0
14910 | 497.0000259205699 | 132.15223693847656,200.17193603515625,0.20426177978515625 | 0.14413820207118988,2.7392446994781494,-3.932297113351524e-05 | 3.1 | 0.1995362788438797,0.0731290727853775,5.456721782684326 | 0.10722755640745163,4.248353958129883,0.00030951114604249597 | 0,0
14920 | 497.3333592712879 | 132.20855712890625,201.0346221923828,0.21145033836364746 | 0.0489627867937088,1.4581223726272583,0.00011363995872670785 | 1.9 | -4.9738545417785645,-0.27524760365486145,2.882568836212158 | -0.44027185440063477,-10.825051307678223,-0.0013970904983580112 | 0,0
14930 | 497.66669262200594 | 132.2296905517578,201.4833221435547,0.2100084275007248 | 0.054742004722356796,1.9959057569503784,5.200472878641449e-05 | 1.6 | 2.5227620601654053,0.015105601400136948,3.0897138118743896 | 0.13778406381607056,4.3316850662231445,-0.0005497970269061625 | 0,0
14940 | 498.00002597272396 | 132.264892578125,202.5164794921875,0.20494979619979858 | 0.04938769340515137,3.4928817749023438,-5.2271712775109336e-05 | 0.8 | 0.14480926096439362,-0.010933373123407364,4.234560489654541 | -0.017026325687766075,2.4909207820892334,0.00029063146212138236 | 0,0
14950 | 498.333359323442 | 132.27871704101562,203.10374450683594,0.21961501240730286 | -0.0013032814022153616,0.004068359732627869,-0.0003627744736149907 | 0 | -2.109819173812866,-0.0631875991821289,-0.003186729969456792 | 0.026318762451410294,-0.2911907732486725,-0.0016236461233347654 | 0,0
14960 | 498.66669267416 | 132.2792510986328,203.1341552734375,0.21272341907024384 | 0.00532209686934948,0.5770049691200256,0.00020809519628528506 | 0 | 3.9334206581115723,0.1199963316321373,0.5783132314682007 | 0.06647102534770966,7.236095428466797,-5.8926958445226774e-05 | 0,0
14970 | 499.000026024878 | 132.28663635253906,203.62652587890625,0.20493564009666443 | 0.010496912524104118,2.178380012512207,-8.356608304893598e-05 | 0.3 | 0.756354808807373,-0.004704455379396677,1.772679328918457 | 0.1024700328707695,4.363245487213135,4.405257277539931e-05 | 0,0
14980 | 499.33335937559605 | 132.29476928710938,204.48155212402344,0.20415286719799042 | 0.003066332545131445,3.3949315547943115,-8.257442459580489e-06 | 0.1 | -0.2655075788497925,-0.09878100454807281,2.074934482574463 | 0.1653483659029007,2.660665273666382,0.00030836687074042857 | 0,0
14990 | 499.66669272631407 | 132.29698181152344,205.20684814453125,0.21685791015625 | -0.0038339828606694937,0.3777419626712799,-0.00019142773817293346 | 0 | -4.956920146942139,-0.20901088416576385,-0.04325263574719429 | 0.08746299892663956,-18.478567123413086,-0.0031488884706050158 | 0,0
15000 | 500.0000260770321 | 132.29701232910156,205.2108917236328,0.21490584313869476 | 0.00037018980947323143,-0.003933621104806662,0.000176343135535717 | 0 | 1.8845654726028442,0.03498785197734833,0.0010275277309119701 | -0.001402462599799037,0.0060751051642000675,6.636458419961855e-05 | 0,0
15010 | 500.3333594277501 | 132.29696655273438,205.21310424804688,0.21097354590892792 | 1.915042412292678e-05,-0.001157148159109056,1.3883183783036657e-05 | 0 | 0.5155196785926819,0.010262852534651756,-0.00013606323045678437 | -0.002075112657621503,0.005876443814486265,-0.00014359940541908145 | 0,0
15020 | 500.66669277846813 | 132.29696655273438,205.2135467529297,0.21023090183734894 | 4.6335303522937465e-06,-0.0002461776020936668,-5.644811153615592e-06 | 0 | 0.10811921954154968,0.002561118919402361,-2.9335231374716386e-05 | -1.3702036994800437e-05,0.0007061717915348709,3.8331312680384144e-05 | 0,0
15030 | 501.00002612918615 | 132.2969512939453,205.21368408203125,0.21006202697753906 | 1.5973616882547503e-06,-6.747234147042036e-05,-2.8414758617145708e-06 | 0 | 0.029516151174902916,0.000890041352249682,-7.86602686275728e-06 | -3.099441755693988e-06,-4.1192684875568375e-05,-5.034561036154628e-05 | 0,0
15040 | 501.3333594799042 | 132.2969512939453,205.21372985839844,0.20999640226364136 | 3.5222697647441237e-07,-1.2009488273179159e-05,-9.535153822071152e-07 | 0 | 0.005235214252024889,0.00019921991042792797,-1.3142167745172628e-06 | 7.520818599004997e-07,-0.00011406891280785203,-2.9177568649174646e-05 | 0,0
15050 | 501.6666928306222 | 132.2969512939453,205.2137451171875,0.20997732877731323 | 1.7929909290614887e-07,-7.417143024213146e-06,-1.7735386563799693e-06 | 0 | 0.00324445404112339,0.0001059468777384609,-8.935380719776731e-07 | 1.5852832291329833e-07,3.2323448976967484e-05,-2.86054591924767e-06 | 0,0
15060 | 502.0000261813402 | 132.2969512939453,205.2137451171875,0.2099735587835312 | 5.908835021273262e-08,-2.2547287699126173e-06,-4.767576911035576e-07 | 0 | 0.0009863702580332756,4.2051127820741385e-05,-2.7624770382317365e-07 | 1.8477926460036542e-06,9.882603080768604e-06,6.865310751891229e-06 | 0,0
15070 | 502.33335953205824 | 132.2969512939453,205.2137451171875,0.20997130870819092 | -7.665495616038243e-08,-6.450960654547089e-07,-1.0870074902413762e-06 | 0 | 0.00028231131727807224,-2.9567225283244625e-05,-8.513664084830452e-08 | -3.7434945170389256e-06,2.1070939055789495e-06,-2.86054591924767e-06 | 0,0
15080 | 502.66669288277626 | 132.2969512939453,205.2137451171875,0.20997130870819092 | -5.157212257245192e-08,-1.7306349775481067e-07,-5.530388875740755e-07 | 0 | 7.558576908195391e-05,-1.3666891391039826e-05,-2.683602673414498e-08 | -3.0432363473664736e-06,8.324774825041459e-08,-6.865308932901826e-06 | 0,0
15090 | 503.0000262334943 | 132.2969512939453,205.2137451171875,0.20997130870819092 | -1.377799652146905e-08,-5.2994462151900734e-08,-3.8140612446113664e-07 | 0 | 2.2895112124388106e-05,-2.6823247480933787e-06,-7.48724460208905e-09 | -2.945815538168972e-07,-5.972701160317229e-07,-4.576872925099451e-06 | 0,0
15100 | 503.3333595842123 | 132.2969512939453,205.2137451171875,0.20997130870819092 | 0.0,0.0,0.0 | 0 | 0.0,0.0,0.0 | 2.637547993344924e-07,9.920647698891116e-07,5.7210920203942806e-05 | 0,0
15110 | 503.6666929349303 | 132.2969512939453,205.2137451171875,0.20997130870819092 | -2.9363012021832446e-09,-1.2919729730498375e-09,-1.0679372053346015e-06 | 0 | 5.516939722838288e-07,-1.5463000408999505e-06,-1.9977565435258526e-10 | -7.431173543182013e-08,-8.443859655926644e-08,-3.432654466450913e-06 | 0,0
15120 | 504.00002628564835 | 132.2969512939453,205.2137451171875,0.20997130870819092 | 3.3078688232990316e-08,1.8663728340584385e-08,-5.339686026673007e-07 | 0 | -7.951623047119938e-06,1.3456005035550334e-05,3.788932279036317e-09 | 1.1723300303856377e-06,8.580657890888688e-07,1.7163272332254564e-06 | 0,0
15130 | 504.33335963636637 | 132.2969512939453,205.2137451171875,0.20997130870819092 | 6.256494433642956e-09,8.916270388681369e-09,-3.8140612446113664e-07 | 0 | -3.881146767525934e-06,2.892572865675902e-06,7.851136962777616e-10 | 1.218286683979386e-06,8.721800668354263e-07,1.7163281427201582e-06 | 0,0
15140 | 504.6666929870844 | 132.2969512939453,205.2137451171875,0.20997130870819092 | 1.847052844006214e-09,2.824004807777669e-09,-1.1442184444376835e-07 | 0 | -1.2252152146174922e-06,9.556163149682106e-07,3.5245592555632754e-10 | 3.358548283927121e-08,5.618679921326475e-08,-2.288436689923401e-06 | 0,0
15150 | 505.0000263378024 | 132.2969512939453,205.2137451171875,0.20997130870819092 | 0.0,0.0,0.0 | 0 | 0.0,0.0,0.0 | -7.072522976159235e-07,-4.138355507166125e-07,2.974967719637789e-05 | 0,0
15160 | 505.33335968852043 | 132.2969512939453,205.2137451171875,0.20997130870819092 | -2.3743798038822206e-08,-1.5542788389666384e-08,-1.0488669204278267e-06 | 0 | 6.60267551211291e-06,-8.91983654582873e-06,-3.5776737128401237e-09 | 8.141252294535661e-08,6.705568988962796e-09,-3.4326562854403164e-06 | 0,0
15170 | 505.66669303923845 | 132.2969512939453,205.2137451171875,0.20997130870819092 | 1.873740629321219e-08,7.483681230269212e-09,-5.721092293242691e-07 | 0 | -3.0831818094156915e-06,5.788110229332233e-06,2.671636245565878e-09 | 2.7759372756008815e-07,3.6280962234513936e-08,-2.86054591924767e-06 | 0,0
15180 | 506.0000263899565 | 132.2969512939453,205.2137451171875,0.20997130870819092 | 1.2945799987562623e-08,6.830580101535588e-09,-3.432655262258777e-07 | 0 | -2.8035294690198498e-06,2.4198948267439846e-06,2.483608430026152e-09 | 2.654779791555484e-07,5.3744873440564334e-08,-2.86054591924767e-06 | 0,0
15190 | 506.3333597406745 | 132.29696655273438,205.2136688232422,0.20998138189315796 | 0.0003617991751525551,-0.004744783043861389,3.2419524131910293e-07 | 0 | -0.0608445480465889,-0.013588797301054,-0.005741497501730919 | 0.01085395272821188,-0.14234350621700287,1.0870075129787438e-05 | 0,0
15200 | 506.6666930913925 | 132.29664611816406,205.42892456054688,0.20541442930698395 | -0.003793625393882394,1.507982850074768,-9.012627560878173e-05 | 359.9 | 1.4513670206069946,-0.04878051206469536,0.6003183126449585 | 0.16488996148109436,5.007415771484375,-0.00030150162638165057 | 0,0
15210 | 507.00002644211054 | 132.29470825195312,206.1912078857422,0.20644965767860413 | -0.01577383652329445,2.2041947841644287,8.690339018357918e-05 | 359.6 | -1.2936605215072632,-0.11256810277700424,0.7757052183151245 | 0.20308701694011688,-0.04106998071074486,0.0001407386880600825 | 0,0
15220 | 507.33335979282856 | 132.29031372070312,206.9290008544922,0.2088695913553238 | -0.02075674571096897,2.4250426292419434,7.036943316052202e-06 | 359.5 | 0.6821755766868591,-0.07924283295869827,0.6350277066230774 | 0.1679658442735672,5.133082389831543,-0.00024085796030703932 | 0,0
15230 | 507.6666931435466 | 132.28195190429688,207.86659240722656,0.20577949285507202 | -0.04916016012430191,3.522966146469116,-4.2297942854929715e-05 | 359.2 | -0.3963707387447357,0.04559217765927315,0.9856383204460144 | -0.19208191335201263,-0.9311484694480896,0.0004777111462317407 | 0,0
15240 | 508.0000264942646 | 132.27516174316406,208.43394470214844,0.2196643352508545 | -0.0036270958371460438,0.14461703598499298,-0.00024568274966441095 | 0 | 0.47878727316856384,0.10123106837272644,-1.5453321933746338 | -0.0870293378829956,3.5921833515167236,0.003477852325886488 | 0,0
15250 | 508.3333598449826 | 132.2721710205078,208.73500061035156,0.20865310728549957 | -0.024103114381432533,1.6911321878433228,7.868409011280164e-05 | 359.2 | 2.605837106704712,0.06757642328739166,0.3129384219646454 | -0.07638159394264221,4.517487049102783,-0.0016568282153457403 | 0,0
15260 | 508.66669319570065 | 132.2615966796875,209.5554656982422,0.20454250276088715 | -0.04668086767196655,3.126204252243042,-5.389268699218519e-05 | 359.1 | 0.352549284696579,-0.0017874020850285888,0.42858272790908813 | -0.027342772111296654,4.203807830810547,0.00025458860909566283 | 0,0
15270 | 509.00002654641867 | 132.2508087158203,210.3363037109375,0.2182925045490265 | -0.0005821737577207386,0.012499636970460415,-0.0002886672446038574 | 0 | -4.71795654296875,-0.11304333060979843,-0.038705434650182724 | 0.13193105161190033,-8.400622367858887,-0.003552226349711418 | 0,0
15280 | 509.3333598971367 | 132.250732421875,210.3384552001953,0.21441981196403503 | 0.00016282725846394897,-0.0034665369894355536,0.00016991642769426107 | 0 | 1.7760283946990967,0.038924507796764374,-0.007410879246890545 | -0.000826725852675736,0.01609947718679905,-0.00028204970294609666 | 0,0
15290 | 509.6666932478547 | 132.24697875976562,210.6057586669922,0.20616793632507324 | -0.024372488260269165,1.598240613937378,-7.33444030629471e-05 | 359.1 | 1.6152480840682983,0.043228570371866226,0.15100307762622833 | -0.08052504807710648,4.680926322937012,-0.000630464346613735 | 0,0
15300 | 510.00002659857273 | 132.23399353027344,211.50271606445312,0.20403456687927246 | -0.04953891783952713,3.1868057250976562,-1.662930844759103e-05 | 359.1 | 0.04741660878062248,0.01686863601207733,0.20647810399532318 | -0.10245836526155472,4.163445949554443,0.00018021433788817376 | 0,0
15310 | 510.33335994929075 | 132.2169647216797,212.65074157714844,0.20421363413333893 | -0.06716471165418625,4.37693452835083,1.0164474588236772e-05 | 359.1 | -0.1393509954214096,-0.002665112493559718,0.1415986865758896 | -0.05485474690794945,3.690476179122925,7.322999590542167e-05 | 0,0
15320 | 510.6666933000088 | 132.19247436523438,214.2661895751953,0.20719440281391144 | -0.07539642602205276,4.929464817047119,0.0025015666615217924 | 359.1 | -2.0853636264801025,-0.04889482259750366,0.020236771553754807 | 0.07459021359682083,-3.892664670944214,-0.0764126181602478 | 0,0
15330 | 511.0000266507268 | 132.17440795898438,215.45140075683594,0.2165910303592682 | -0.03762735053896904,2.5232412815093994,0.00024835261865518987 | 359.1 | 1.672982096672058,0.024838998913764954,0.00848083570599556 | -0.03382142260670662,2.3439786434173584,0.005261116195470095 | 0,0
15340 | 511.3333600014448 | 132.1628875732422,216.22628784179688,0.21178001165390015 | -0.038120336830616,2.564136505126953,0.00023559457622468472 | 359.1 | 0.8789998888969421,0.019359538331627846,-0.0025999736972153187 | 0.0018731876043602824,-0.049202438443899155,-0.0011854097247123718 | 0,0
15350 | 511.66669335216284 | 132.14976501464844,217.11184692382812,0.20905394852161407 | -0.04464036226272583,3.033252239227295,2.3094142306945287e-05 | 359.2 | 1.5452018976211548,0.028795162215828896,0.004586238879710436 | -0.061493437737226486,4.218284606933594,-0.0004319424042478204 | 0,0
15360 | 512.0000267028809 | 132.13143920898438,218.36805725097656,0.2051720768213272 | -0.06315965205430984,4.4087138175964355,-4.801903196494095e-05 | 359.2 | 0.5248627662658691,0.006557767745107412,-0.04189296066761017 | -0.05412239208817482,4.053511142730713,0.00011156137770740315 | 0,0
15370 | 512.3333600535989 | 132.1083984375,220.01815795898438,0.20670321583747864 | -0.06904298812150955,5.265758037567139,0.000860108993947506 | 359.2 | -0.7135668396949768,-0.027089161798357964,-0.1643797755241394 | 0.010851769708096981,1.1848067045211792,-0.048356957733631134 | 0,0
15380 | 512.6666934043169 | 132.08641052246094,221.7272186279297,0.20990103483200073 | -0.05431533232331276,4.969088554382324,-0.00963411945849657 | 359.4 | -0.6177309155464172,-0.03335962072014809,-0.27909934520721436 | 0.052917297929525375,-0.704770028591156,-0.33211082220077515 | 0,0
15390 | 513.0000267550349 | 132.06996154785156,223.36537170410156,0.20996348559856415 | -0.03833356872200966,4.915886878967285,0.0008635225822217762 | 359.6 | 0.14677153527736664,-0.002068217843770981,-0.42031094431877136 | 0.045958977192640305,0.17704008519649506,0.000387890002457425 | 0,0
15400 | 513.333360105753 | 132.05813598632812,225.0168914794922,0.20968860387802124 | -0.02364266663789749,4.982693195343018,0.0002778543857857585 | 359.7 | 0.05441226437687874,0.00721488893032074,-0.4882768988609314 | 0.021898726001381874,0.13429640233516693,-0.001445147441700101 | 0,0
15410 | 513.666693456471 | 132.0509490966797,226.68142700195312,0.20976592600345612 | -0.010206511244177818,4.997038841247559,4.8896268708631396e-05 | 359.9 | -0.036482684314250946,0.010432161390781403,-0.47045791149139404 | 0.02082371897995472,-0.0020599362906068563,-0.0002534442755859345 | 0,0
