Simulation Frame | Timestamp | Position | Velocity | Heading | Angular Velocity | Acceleration | Stopped at Red Light + Light ID 
8310 | 277.0000144466758 | 168.9458770751953,187.66217041015625,0.17813147604465485 | -3.1082277297973633,-0.05817827209830284,-3.808340261457488e-05 | 268.9 | -0.0011041810503229499,0.09851617366075516,-0.0036264800000935793 | -2.3016140460968018,-0.0413377545773983,0.00036557787097990513 | 0,0
8320 | 277.3333477973938 | 167.78106689453125,187.6405029296875,0.17844009399414062 | -3.8211567401885986,-0.0700148418545723,1.9089377019554377e-05 | 269.0 | 0.011594107374548912,-0.2543962597846985,-0.03821771591901779 | -1.5933607816696167,-0.020952073857188225,9.382585267303512e-05 | 0,0
8330 | 277.6666811481118 | 166.80873107910156,187.62294006347656,0.18774008750915527 | -2.3859641551971436,-0.04077639430761337,-7.618587551405653e-05 | 269.0 | 0.07279424369335175,-4.172482490539551,-0.08032029867172241 | 7.504584312438965,0.14245222508907318,-0.00284853158518672 | 0,0
8340 | 278.00001449882984 | 166.44140625,187.61676025390625,0.19523681700229645 | -0.697559118270874,-0.011647400446236134,0.0001193610587506555 | 0 | -0.016686517745256424,2.7244815826416016,0.7080984711647034 | -1.780239224433899,-0.03632540628314018,0.00834363978356123 | 0,0
8350 | 278.33334784954786 | 165.99427795410156,187.60951232910156,0.1812572479248047 | -1.8975940942764282,-0.03172038868069649,7.286764594027773e-05 | 269.0 | -0.04378702491521835,2.7248775959014893,-0.11017260700464249 | -3.1929478645324707,-0.05497114360332489,-0.003075087210163474 | 0,0
8360 | 278.6666812002659 | 165.10543823242188,187.5948944091797,0.1777133196592331 | -2.845038652420044,-0.04185108467936516,-4.1020233766175807e-05 | 269.2 | 0.022990956902503967,-0.020087851211428642,-0.23987990617752075 | -2.3444650173187256,-0.0007260962738655508,0.00041020213393494487 | 0,0
8370 | 279.0000145509839 | 164.18653869628906,187.58135986328125,0.180338516831398 | -2.879495143890381,-0.036329396069049835,0.00014830978761892766 | 269.3 | 0.03857801854610443,-2.9271633625030518,-0.29441773891448975 | 4.94647216796875,0.09204602986574173,0.0013267213944345713 | 0,0
8380 | 279.3333479017019 | 163.5935821533203,187.57383728027344,0.19292083382606506 | -0.962199330329895,-0.010136563330888748,-0.00020881985255982727 | 0 | -0.01621490716934204,0.6780638694763184,-0.04098110646009445 | -0.44973132014274597,-0.004322435241192579,0.003972154576331377 | 0,0
8390 | 279.66668125241995 | 163.11441040039062,187.56837463378906,0.18278510868549347 | -1.8784786462783813,-0.017757022753357887,0.00010231220221612602 | 269.5 | -0.023660259321331978,2.6240177154541016,-0.2348773330450058 | -3.4972784519195557,-0.0440322570502758,-0.0017987113678827882 | 0,0
8400 | 280.00001460313797 | 162.40077209472656,187.5614471435547,0.17810912430286407 | -2.8203539848327637,-0.01955828070640564,-7.837895827833563e-05 | 269.6 | 0.03185587376356125,0.2863730192184448,-0.4057657718658447 | -2.4234936237335205,0.04071682319045067,0.000438235787441954 | 0,0
8410 | 280.333347953856 | 161.57505798339844,187.55499267578125,0.18598632514476776 | -1.6595028638839722,-0.008179564028978348,4.327052738517523e-05 | 269.7 | -0.006456152070313692,-4.373157024383545,-0.22879686951637268 | 7.266776084899902,0.049569595605134964,-0.0023856949992477894 | 0,0
8420 | 280.666681304574 | 161.46435546875,187.5544891357422,0.19416838884353638 | 0.010687515139579773,-0.00014460526290349662,0.0001472036965424195 | 0 | -0.006283641327172518,2.2478039264678955,0.00012634681479539722 | 0.06145954504609108,-0.0012486535124480724,0.005670746322721243 | 0,0
8430 | 281.00001465529203 | 161.45928955078125,187.55447387695312,0.18602797389030457 | 0.005931755993515253,-1.8522219761507586e-05,0.0001289724896196276 | 0 | -0.003298624185845256,1.168062448501587,6.347314774757251e-05 | -0.025328252464532852,0.00013803645560983568,-0.001131631899625063 | 0,0
8440 | 281.33334800601006 | 161.4580841064453,187.55447387695312,0.1840776801109314 | 0.0012477122945711017,2.9559453196270624e-06,-1.4092956917011179e-05 | 0 | -0.0004690902424044907,0.24177221953868866,3.148414907627739e-05 | -0.00845434982329607,-2.8749782359227538e-05,-7.036943134153262e-05 | 0,0
8450 | 281.6666813567281 | 161.45790100097656,187.55447387695312,0.18381744623184204 | 0.00012111368414480239,-1.438340177628561e-06,-6.8462404669844545e-06 | 0 | 0.0003291971224825829,0.023407263681292534,2.1331738935259636e-06 | -0.00019404060731176287,2.531835207264521e-06,3.4326538298046216e-05 | 0,0
8460 | 282.0000147074461 | 161.45785522460938,187.55447387695312,0.18377067148685455 | 2.6607822292135097e-05,-5.4260698334474e-07,-1.8116792261935188e-06 | 0 | 0.00011861950042657554,0.0051396931521594524,3.6937851177754055e-07 | 1.7637737983022816e-05,-4.2223287977094515e-08,1.716328006295953e-05 | 0,0
8470 | 282.3333480581641 | 161.4578399658203,187.55447387695312,0.1837586909532547 | 5.132215392222861e-06,1.1598513260935306e-08,-7.818825906724669e-07 | 0 | 1.8849580101232277e-06,0.0009907279163599014,3.501244805192982e-08 | 3.6889199691358954e-05,3.448902361924411e-06,-2.288436735398136e-05 | 0,0
8480 | 282.66668140888214 | 161.4578399658203,187.55447387695312,0.18375495076179504 | 3.2595792163192527e-06,-1.5286644838852226e-07,-2.0214527012285544e-06 | 0 | 3.310417014290579e-05,0.0006297805230133235,6.354552084530951e-08 | -1.1772514881158713e-05,-1.637619220673514e-06,2.2884339614392957e-06 | 0,0
8490 | 283.00001475960016 | 161.4578399658203,187.55447387695312,0.18375495076179504 | 1.1419913334975718e-06,-1.7752778092017252e-07,-1.735397972879582e-06 | 0 | 3.344455762999132e-05,0.00022062676725909114,3.655341362929221e-09 | -1.6446618928966927e-06,-5.69161011299002e-06,-1.0297966582584195e-05 | 0,0
8500 | 283.3333481103182 | 161.4578399658203,187.55447387695312,0.18375380337238312 | 4.0435082837575465e-07,-2.6512569917258588e-08,1.9070306223056832e-07 | 0 | 5.809778031107271e-06,7.805372297298163e-05,1.3663467024471743e-09 | 3.4177928682765923e-06,-6.929917617526371e-08,-1.1442186860222137e-06 | 0,0
8510 | 283.6666814610362 | 161.4578399658203,187.55447387695312,0.18375380337238312 | 3.572764839532283e-08,-2.0912291631702828e-07,-3.8140612446113664e-07 | 0 | 4.1706804040586576e-05,6.924378794792574e-06,-1.1478774375461853e-08 | -3.4925093927995476e-07,-4.767018708662363e-06,-1.2586401680891868e-05 | 0,0
8520 | 284.0000148117542 | 161.4578399658203,187.55447387695312,0.18375380337238312 | -2.7247024192433855e-08,-4.8553463471989744e-08,-1.907030799941367e-08 | 0 | 8.563461051380727e-06,-5.238318408373743e-06,-3.3190359349788423e-09 | -2.3572549707751023e-06,-7.074304903653683e-06,-9.153747669188306e-06 | 0,0
8530 | 284.33334816247225 | 161.4578399658203,187.55447387695312,0.18375380337238312 | 3.0053058708290337e-08,2.6563435895354814e-08,-7.818825906724669e-07 | 0 | -5.72908402318717e-06,5.797551693831338e-06,4.792332086722695e-10 | 1.4104406886872312e-07,1.4879600485073752e-07,-2.2884357804286992e-06 | 0,0
8540 | 284.66668151319027 | 161.4578399658203,187.55447387695312,0.18375380337238312 | -1.556969486671278e-08,-4.507601047976095e-08,-3.2419524131910293e-07 | 0 | 8.341723514604382e-06,-2.9792981877108105e-06,-3.2720464115953973e-09 | 4.991814606114531e-08,3.3800372278847135e-08,-1.1442186860222137e-06 | 0,0
8550 | 285.0000148639083 | 161.4578399658203,187.55447387695312,0.18375380337238312 | -1.7370965776919434e-09,9.259800926031403e-09,-5.14898317760526e-07 | 0 | -2.025344656431116e-06,-3.3773176255635917e-07,-5.0335537821188936e-11 | 1.672525762330679e-08,-4.648015028418939e-10,-2.2884373720444273e-06 | 0,0
8560 | 285.3333482146263 | 161.4578399658203,187.55447387695312,0.18375380337238312 | 2.5097559586129137e-09,-6.023203463767501e-11,-3.2419524131910293e-07 | 0 | 1.3238033780282876e-08,4.845030616706936e-07,1.3401530753187618e-11 | 1.6723108231531114e-08,-3.9455780309616273e-10,-2.2884373720444273e-06 | 0,0
8570 | 285.66668156534433 | 161.4578399658203,187.55447387695312,0.18375380337238312 | -1.1438415770115284e-09,3.8291307902227345e-09,-1.3349215066682518e-07 | 0 | -8.088829872576753e-07,-2.2118861409126112e-07,9.333918360443505e-11 | -1.7120557416205884e-08,5.578724326937845e-08,-2.288436689923401e-06 | 0,0
8580 | 286.00001491606236 | 161.4578399658203,187.55447387695312,0.18375380337238312 | 4.434329792246672e-09,3.5812135479318385e-09,-8.96304470643372e-07 | 0 | -7.828033403711743e-07,8.554407031624578e-07,4.153757546254688e-11 | 1.6722342621733333e-08,-3.9944711427430946e-10,-2.288439191033831e-06 | 0,0
8590 | 286.3333482667804 | 161.4578399658203,187.55447387695312,0.18375380337238312 | -2.811595956053736e-10,1.1984248315943802e-10,-6.293201408880122e-07 | 0 | 2.2708555036388134e-09,-5.377699352493437e-08,1.0673511380288048e-10 | -1.7126422946489583e-08,5.634382560515405e-08,-2.2884373720444273e-06 | 0,0
8600 | 286.6666816174984 | 161.4578399658203,187.55447387695312,0.18375380337238312 | -2.972470047879483e-10,2.7728910279023467e-09,-5.14898317760526e-07 | 0 | -6.065873208171979e-07,-5.825094717692991e-08,-2.859708650437831e-11 | 1.6729007512594762e-08,-8.415001473416339e-10,-2.2884373720444273e-06 | 0,0
8610 | 287.0000149682164 | 161.4578399658203,187.55447387695312,0.18375380337238312 | 2.5995136598844226e-10,2.7741793307001217e-09,-2.479139880051662e-07 | 0 | -6.030927011124732e-07,4.940624620530798e-08,-1.5954196297407464e-11 | -9.213712431899168e-11,2.4731008352318895e-08,-2.288436689923401e-06 | 0,0
8620 | 287.33334831893444 | 161.4578399658203,187.55447387695312,0.18375380337238312 | -2.573863344679239e-10,-2.799347642579164e-09,-5.7210922221884175e-08 | 0 | 6.022748380019038e-07,-4.942372910932136e-08,-2.4339056811650828e-11 | -7.721589589948508e-09,-8.398042439239362e-08,-1.7163275742859696e-06 | 0,0
8630 | 287.66668166965246 | 161.4578399658203,187.55447387695312,0.18375380337238312 | 2.9998575845624487e-10,-2.774904084290597e-09,-8.200231604860164e-07 | 0 | 6.063963269298256e-07,5.828312055200513e-08,-1.8272499832661104e-11 | 1.6716763084900776e-08,8.804956208585679e-10,-2.2884357804286992e-06 | 0,0
8640 | 288.0000150203705 | 161.4578399658203,187.55447387695312,0.18375380337238312 | -2.809480703636069e-10,1.0528374699836363e-10,-6.293201408880122e-07 | 0 | 1.7726756729175008e-09,-5.377212630719441e-08,1.0222695606687537e-10 | -3.0464711309186043e-10,3.061559539219161e-08,-2.2884373720444273e-06 | 0,0
8650 | 288.3333483710885 | 161.4578399658203,187.55447387695312,0.18375380337238312 | 8.375040660979494e-10,-2.0598158595452887e-11,-4.386170644465892e-07 | 0 | 4.356294880381029e-09,1.6151304293998692e-07,-1.1343635232530236e-11 | 1.67238649595447e-08,-3.9479294833277834e-10,-2.288436689923401e-06 | 0,0
8660 | 288.6666817218065 | 161.4578399658203,187.55447387695312,0.18375380337238312 | 2.5995136598844226e-10,2.7741793307001217e-09,-2.479139880051662e-07 | 0 | -6.030927011124732e-07,4.940624620530798e-08,-1.5954034968124198e-11 | -9.213712431899168e-11,2.4731008352318895e-08,-2.288436689923401e-06 | 0,0
8670 | 289.00001507252455 | 161.4578399658203,187.55447387695312,0.18375380337238312 | 5.58694757124556e-10,-1.4156049596425468e-11,-5.7210922221884175e-08 | 0 | 2.9162707804175625e-09,1.0766216718138821e-07,-1.5278799059270654e-11 | 1.6760841603513654e-08,-4.246814566677415e-10,-1.7163275742859696e-06 | 0,0
8680 | 289.33334842324257 | 161.4578399658203,187.55447387695312,0.18375380337238312 | 5.522169943539268e-10,9.102142373151878e-10,-8.200231604860164e-07 | 0 | -1.9873866108355287e-07,1.062169019405701e-07,-1.6326075907846516e-11 | 1.683489614379141e-08,-3.72251873770324e-09,-2.2884357804286992e-06 | 0,0
8690 | 289.6666817739606 | 161.4578399658203,187.55447387695312,0.18375380337238312 | -2.775187857295691e-10,1.8920261191102128e-11,-6.293201408880122e-07 | 0 | -1.0890639501326405e-09,-5.381631851264501e-08,-2.3151380118546783e-11 | -1.9820976804307833e-10,2.7678645153628167e-08,-2.2884373720444273e-06 | 0,0
8700 | 290.0000151246786 | 161.4578399658203,187.55447387695312,0.18375380337238312 | -1.107122282739681e-09,-1.1881517991696455e-09,-4.386170644465892e-07 | 0 | 1.8623858011324046e-07,-2.1392384041973855e-07,-2.3614912803004984e-10 | -7.765552645366824e-09,-9.199479222843365e-08,-2.288436689923401e-06 | 0,0
8710 | 290.33334847539663 | 161.4578399658203,187.55447387695312,0.18375380337238312 | 7.92297737833847e-12,-9.239636278302044e-10,-2.479139880051662e-07 | 0 | 2.0162934788459097e-07,1.4784050650362701e-09,-2.288212674894652e-11 | 1.671763705246576e-08,7.23496207388763e-10,-2.288436689923401e-06 | 0,0
8720 | 290.66668182611465 | 161.4578399658203,187.55447387695312,0.18375380337238312 | 5.485176757247245e-10,1.0078864409734933e-09,-1.3349215066682518e-07 | 0 | -1.955034463207994e-07,1.0623946167243048e-07,1.1444840214425156e-10 | -3.0531241423936706e-10,3.0661272631959946e-08,-2.288436689923401e-06 | 0,0
8730 | 291.0000151768327 | 161.4578399658203,187.55447387695312,0.18375380337238312 | 1.1162687441057528e-09,-2.762853834603618e-11,-8.200231604860164e-07 | 0 | 5.929337909549304e-09,2.153556266648593e-07,-7.218495332722563e-12 | 1.67236215986577e-08,-3.9501996118573857e-10,-2.2884357804286992e-06 | 0,0
8740 | 291.3333485275507 | 161.4578399658203,187.55447387695312,0.18375380337238312 | 2.790194637836141e-11,-4.0196415085347326e-09,-7.437419640154985e-07 | 0 | 7.959069989738055e-07,5.839536854068683e-09,-2.1611273881561033e-10 | -3.22536379826488e-08,-1.7510797079012264e-07,-2.2884357804286992e-06 | 0,0
8750 | 291.6666818782687 | 161.4578399658203,187.55447387695312,0.18375380337238312 | -1.1137291089369228e-09,4.024075170305785e-11,-5.14898317760526e-07 | 0 | -5.445359274602879e-09,-2.1532488858611032e-07,-3.59356676360445e-11 | -9.190980615469968e-11,2.485079519942701e-08,-2.2884373720444273e-06 | 0,0
8760 | 292.00001522898674 | 161.4578399658203,187.55447387695312,0.18375380337238312 | 5.653842949371324e-10,-9.365787034809614e-10,-3.2419524131910293e-07 | 0 | 2.0460080918383028e-07,1.0915090342678013e-07,-1.5174878714718787e-11 | 1.6723125995099508e-08,-2.466443438375876e-10,-2.2884373720444273e-06 | 0,0
8770 | 292.33334857970476 | 161.4578399658203,187.55447387695312,0.18375380337238312 | 5.58694757124556e-10,-1.4156049596425468e-11,-5.7210922221884175e-08 | 0 | 2.9162707804175625e-09,1.0766216718138821e-07,-1.527881814122889e-11 | 1.6760841603513654e-08,-4.246814566677415e-10,-1.7163275742859696e-06 | 0,0
8780 | 292.6666819304228 | 161.4578399658203,187.55447387695312,0.18375380337238312 | -2.640395679875951e-10,-1.8389217926184642e-09,-8.200231604860164e-07 | 0 | 4.0183454075304326e-07,-5.085257370751606e-08,-2.747167944516793e-11 | 1.6724142071211645e-08,-3.934019499052255e-10,-2.2884357804286992e-06 | 0,0
8790 | 293.0000152811408 | 161.4578399658203,187.55447387695312,0.18375380337238312 | -1.6681064307633164e-09,-7.700386439601914e-10,-7.05601394201949e-07 | 0 | 1.9658691030599584e-07,-3.2146468242899573e-07,8.674239104777826e-11 | -1.7127398166394414e-08,5.70272113975534e-08,-2.2884373720444273e-06 | 0,0
8800 | 293.3333486318588 | 161.4578399658203,187.55447387695312,0.18375380337238312 | 2.694287848381549e-10,7.379767907877977e-10,-4.386170644465892e-07 | 0 | -2.0599438244062185e-07,5.2334769407025306e-08,-8.14001643867357e-11 | -4.161571354188709e-08,-3.5368039164040965e-08,-2.288436689923401e-06 | 0,0
8810 | 293.66668198257685 | 161.4578399658203,187.55447387695312,0.18375380337238312 | 1.9523189731529556e-09,-4.7080110643360484e-11,-2.479139880051662e-07 | 0 | 1.0290174046190259e-08,3.768359135847277e-07,5.151540218711892e-12 | 1.672335869784547e-08,-3.9499173376533747e-10,-2.288436689923401e-06 | 0,0
8820 | 294.00001533329487 | 161.4578399658203,187.55447387695312,0.18375380337238312 | 5.58694757124556e-10,-1.4156049596425468e-11,-5.7210922221884175e-08 | 0 | 2.9162707804175625e-09,1.0766216718138821e-07,-1.527880946761151e-11 | 1.6760841603513654e-08,-4.246814566677415e-10,-1.7163275742859696e-06 | 0,0
8830 | 294.3333486840129 | 161.4578399658203,187.55447387695312,0.18375380337238312 | -1.651148218151377e-09,-2.7268500790711414e-09,-8.96304470643372e-07 | 0 | 5.962914428891963e-07,-3.185679986472678e-07,-4.8489406934137946e-11 | 1.6835082661259548e-08,-3.5995471048266836e-09,-2.288439191033831e-06 | 0,0
8840 | 294.6666820347309 | 161.4578399658203,187.55447387695312,0.18375380337238312 | -2.8115254568916725e-10,1.2003681382211084e-10,-6.293201408880122e-07 | 0 | 2.249463060266521e-09,-5.377556888674917e-08,1.066261037796501e-10 | -1.7125470819223665e-08,5.6199247921995266e-08,-2.2884373720444273e-06 | 0,0
8850 | 295.00001538544893 | 161.4578399658203,187.55447387695312,0.18375380337238312 | -2.972814217017117e-10,2.7747368847030884e-09,-5.14898317760526e-07 | 0 | -6.065610591576842e-07,-5.825483384569452e-08,-2.910735541483689e-11 | 1.6835544514037792e-08,-3.782873569946332e-09,-2.2884373720444273e-06 | 0,0
8860 | 295.33334873616695 | 161.4578399658203,187.55447387695312,0.18375380337238312 | 1.3882633931316946e-09,8.882594104697716e-10,-2.479139880051662e-07 | 0 | -1.9431612940934428e-07,2.676934798273578e-07,-3.280671307531735e-12 | 1.6723376461413864e-08,-3.9682920838224334e-10,-2.288436689923401e-06 | 0,0
8870 | 295.666682086885 | 161.4578399658203,187.55447387695312,0.18375380337238312 | -8.284007924075354e-10,-8.937177109480388e-10,-1.3349215066682518e-07 | 0 | 1.975304684265211e-07,-1.6002465486053552e-07,-2.8479057653796325e-11 | -8.979483129278876e-11,3.3712197478052985e-08,-2.288436689923401e-06 | 0,0
8880 | 296.000015437603 | 161.4578399658203,187.55447387695312,0.18375380337238312 | -2.706445900724219e-10,-9.164218273127744e-10,-8.96304470643372e-07 | 0 | 2.001493015768574e-07,-5.232504562968643e-08,-2.775016154366039e-11 | 1.6728384011344133e-08,-6.815664144177447e-10,-2.288439191033831e-06 | 0,0
8890 | 296.333348788321 | 161.4578399658203,187.55447387695312,0.18375380337238312 | -2.876773541604649e-10,1.0408665040984033e-09,-7.05601394201949e-07 | 0 | -1.9953893115598476e-07,-5.523557788933431e-08,1.0693502333625204e-10 | -1.723190834468369e-08,5.911811484793361e-08,-2.2884373720444273e-06 | 0,0
8900 | 296.66668213903904 | 161.4578399658203,187.55447387695312,0.18375380337238312 | -1.6747334630196065e-09,1.5250634088914694e-10,-4.386170644465892e-07 | 0 | -5.1481854335122534e-09,-3.229416449812561e-07,8.655065553142549e-11 | -1.7127215201639956e-08,5.701350858089427e-08,-2.288436689923401e-06 | 0,0
8910 | 297.00001548975706 | 161.4578399658203,187.55447387695312,0.18375380337238312 | 5.653850720932496e-10,-9.37198652017912e-10,-3.2419524131910293e-07 | 0 | 2.045940021844217e-07,1.0915039894143774e-07,-1.4625991390238013e-11 | 1.6717514483843843e-08,7.307220939445358e-10,-2.2884373720444273e-06 | 0,0
8920 | 297.3333488404751 | 161.4578399658203,187.55447387695312,0.18375380337238312 | -5.523048598327085e-12,9.34339494662595e-10,-5.7210922221884175e-08 | 0 | -2.0128364042193425e-07,-1.4782748358754816e-09,-1.8849363042638956e-11 | -1.6569144667410995e-10,2.8030182619431798e-08,-1.7163275742859696e-06 | 0,0
8930 | 297.6666821911931 | 161.4578399658203,187.55447387695312,0.18375380337238312 | -1.3921975794417563e-09,3.21562637628503e-11,-8.200231604860164e-07 | 0 | -7.401298240949927e-09,-2.691461418180552e-07,-4.454693905420193e-11 | 1.672951377429399e-08,-8.378274740650227e-10,-2.2884357804286992e-06 | 0,0
8940 | 298.0000155419111 | 161.4578399658203,187.55447387695312,0.18375380337238312 | -1.916591996220518e-09,-4.57223769956272e-09,-7.05601394201949e-07 | 0 | 9.978932666854234e-07,-3.6945431247659144e-07,-4.786074314644395e-11 | 1.6724108320431696e-08,9.434945269504169e-09,-2.2884373720444273e-06 | 0,0
8950 | 298.33334889262915 | 161.4578399658203,187.55447387695312,0.18375380337238312 | 2.211193228518482e-09,2.712734925580662e-09,-5.14898317760526e-07 | 0 | -5.931750024501525e-07,4.2624591856110783e-07,8.72984583927261e-12 | 1.6723365803272827e-08,-3.988742391936029e-10,-2.2884373720444273e-06 | 0,0
8960 | 298.66668224334717 | 161.4578399658203,187.55447387695312,0.18375380337238312 | 2.5638619005619034e-10,2.8737718871241213e-09,-2.479139880051662e-07 | 0 | -5.998477945468039e-07,4.945742659856478e-08,1.1430965202174903e-10 | -1.712562891498237e-08,5.617408049829464e-08,-2.288436689923401e-06 | 0,0
8970 | 299.0000155940652 | 161.4578399658203,187.55447387695312,0.18375380337238312 | -2.573863344679239e-10,-2.799347642579164e-09,-5.7210922221884175e-08 | 0 | 6.022748380019038e-07,-4.942372910932136e-08,-2.4339143547824627e-11 | -7.721589589948508e-09,-8.398042439239362e-08,-1.7163275742859696e-06 | 0,0
8980 | 299.3333489447832 | 161.4578399658203,187.55447387695312,0.18375380337238312 | 2.8964139420217805e-10,-1.7389171214077237e-09,-8.96304470643372e-07 | 0 | 4.083972839907801e-07,5.686241166813488e-08,1.1573663555308755e-10 | -1.723225828698105e-08,5.9143339115053095e-08,-2.288439191033831e-06 | 0,0
8990 | 299.66668229550123 | 161.4578399658203,187.55447387695312,0.18375380337238312 | 8.508255211481242e-10,-1.8654044975363604e-09,-6.293201408880122e-07 | 0 | 4.0776865262159845e-07,1.644799851874268e-07,-1.0980407555427618e-11 | 1.67238649595447e-08,-3.9220957037677806e-10,-2.2884373720444273e-06 | 0,0
9000 | 300.00001564621925 | 161.4578399658203,187.55447387695312,0.18375380337238312 | -5.428267835227985e-10,-1.8334597173819134e-09,-4.386170644465892e-07 | 0 | 4.004190827799903e-07,-1.0470017031138923e-07,-3.08257447345639e-11 | 1.6717024209356168e-08,8.791200545310573e-10,-2.288436689923401e-06 | 0,0
9010 | 300.3333489969373 | 161.4578399658203,187.55447387695312,0.18375380337238312 | -1.1203936667314451e-09,6.561682863726048e-10,-2.479139880051662e-07 | 0 | -2.170673525370148e-07,-2.1688101980998908e-07,-2.3650881253445277e-10 | -7.765554421723664e-09,-7.53684119558784e-08,-2.2884373720444273e-06 | 0,0
9020 | 300.6666823476553 | 161.4578399658203,187.55447387695312,0.18375380337238312 | 5.520911505740855e-10,9.082788965386612e-10,-1.3349215066682518e-07 | 0 | -1.9874507017902943e-07,1.0618984447319235e-07,-1.5821581891839465e-11 | 1.672842486755144e-08,-7.818178882068594e-10,-2.288436689923401e-06 | 0,0
9030 | 301.0000156983733 | 161.4578399658203,187.55447387695312,0.18375380337238312 | 1.1162605284553706e-09,-2.7449724784855967e-11,-8.200231604860164e-07 | 0 | 5.8902482891198815e-09,2.1535399241656705e-07,-7.21863020747282e-12 | 1.67236215986577e-08,-3.950160754051524e-10,-2.2884357804286992e-06 | 0,0
9040 | 301.33334904909134 | 161.4578399658203,187.55447387695312,0.18375380337238312 | -2.8769306381626336e-10,1.0406995265554997e-09,-7.05601394201949e-07 | 0 | -1.995236402763112e-07,-5.523868651380326e-08,1.0704419295404222e-10 | -1.723264020370152e-08,5.926422375068796e-08,-2.2884373720444273e-06 | 0,0
9050 | 301.66668239980936 | 161.4578399658203,187.55447387695312,0.18375380337238312 | -5.43083522597243e-10,-2.1236077341058035e-09,-4.386170644465892e-07 | 0 | 3.90870212640948e-07,-1.0478461831553432e-07,-2.2772315977359625e-10 | -7.76586084327846e-09,-9.199010264637764e-08,-2.288436689923401e-06 | 0,0
9060 | 302.0000157505274 | 161.4578399658203,187.55447387695312,0.18375380337238312 | -1.1239513764138565e-09,1.0626405311242593e-09,-2.479139880051662e-07 | 0 | -2.0392239719058125e-07,-2.1675610639704246e-07,9.388469168758462e-11 | -1.7120667550329927e-08,5.579376960440641e-08,-2.288436689923401e-06 | 0,0
9070 | 302.3333491012454 | 161.4578399658203,187.55447387695312,0.18375380337238312 | 5.58694757124556e-10,-1.4156049596425468e-11,-5.7210922221884175e-08 | 0 | 2.9162707804175625e-09,1.0766216718138821e-07,-1.5278799059270654e-11 | 1.6760841603513654e-08,-4.246814566677415e-10,-1.7163275742859696e-06 | 0,0
9080 | 302.6666824519634 | 161.4578399658203,187.55447387695312,0.18375380337238312 | 5.486527343556702e-10,1.0079456158607059e-09,-8.200231604860164e-07 | 0 | -1.9551636398773553e-07,1.062655172745508e-07,1.1444584169240102e-10 | -3.0537403161723375e-10,3.066177001187498e-08,-2.2884357804286992e-06 | 0,0
9090 | 303.00001580268145 | 161.4578399658203,187.55447387695312,0.18375380337238312 | -2.8092561610293387e-10,1.0067430916693709e-10,-6.293201408880122e-07 | 0 | 1.5834898947630904e-09,-5.37742401718333e-08,1.0511667924983925e-10 | -2.941338561601725e-10,3.8818932068807044e-08,-2.2884373720444273e-06 | 0,0
9100 | 303.33334915339947 | 161.4578399658203,187.55447387695312,0.18375380337238312 | -5.532180824552313e-10,-1.100067259507398e-09,-5.14898317760526e-07 | 0 | 1.9249199567639153e-07,-1.0619649515319907e-07,-9.809365819624105e-11 | -2.4692916156254796e-08,-6.343676517417407e-08,-2.2884373720444273e-06 | 0,0
9110 | 303.6666825041175 | 161.4578399658203,187.55447387695312,0.18375380337238312 | 1.2893507875949561e-12,9.90745246259861e-13,-3.2419524131910293e-07 | 0 | 1.1222884600814442e-11,3.995571668663489e-12,-2.437593009385619e-11 | 1.683484107672939e-08,-3.7018672571775824e-09,-2.2884373720444273e-06 | 0,0
9120 | 304.0000158548355 | 161.4578399658203,187.55447387695312,0.18375380337238312 | 5.520911505740855e-10,9.082788965386612e-10,-1.3349215066682518e-07 | 0 | -1.9874507017902943e-07,1.0618984447319235e-07,-1.5821543727922993e-11 | 1.672842486755144e-08,-7.818178882068594e-10,-2.288436689923401e-06 | 0,0
9130 | 304.33334920555353 | 161.4578399658203,187.55447387695312,0.18375380337238312 | 5.52221601779479e-10,9.081214114026182e-10,-8.200231604860164e-07 | 0 | -1.9876574697264004e-07,1.0621474189065339e-07,-1.5655067520103927e-11 | 1.6723999962664493e-08,-4.036021239439691e-10,-2.2884357804286992e-06 | 0,0
9140 | 304.66668255627155 | 161.4578399658203,187.55447387695312,0.18375380337238312 | 1.667078697309421e-09,8.818985541836355e-10,-6.293201408880122e-07 | 0 | -1.9288943065021158e-07,3.2154576956600067e-07,8.463423646805357e-13 | 1.6723348039704433e-08,-3.9587996769618883e-10,-2.2884373720444273e-06 | 0,0
9150 | 305.0000159069896 | 161.4578399658203,187.55447387695312,0.18375380337238312 | 8.374955173806597e-10,-2.0717191850927463e-11,-4.386170644465892e-07 | 0 | 4.382670670821653e-09,1.6151142290254938e-07,-1.1343186806511696e-11 | 1.6723873841328896e-08,-3.950683391540366e-10,-2.288436689923401e-06 | 0,0
9160 | 305.3333492577076 | 161.4578399658203,187.55447387695312,0.18375380337238312 | 1.2980194176448467e-12,-7.187478151711446e-13,-3.2419524131910293e-07 | 0 | -3.720746974411604e-11,2.9280980851781324e-12,-2.3905100121623946e-11 | 1.6728819218769786e-08,-8.110841442920957e-10,-2.2884373720444273e-06 | 0,0
9170 | 305.6666826084256 | 161.4578399658203,187.55447387695312,0.18375380337238312 | 5.58694757124556e-10,-1.4156049596425468e-11,-5.7210922221884175e-08 | 0 | 2.9162707804175625e-09,1.0766216718138821e-07,-1.5278799059270654e-11 | 1.6760841603513654e-08,-4.246814566677415e-10,-1.7163275742859696e-06 | 0,0
9180 | 306.00001595914364 | 161.4578399658203,187.55447387695312,0.18375380337238312 | -2.7057681095676855e-10,-9.415550561442387e-10,-8.96304470643372e-07 | 0 | 1.9935787065605837e-07,-5.233188460351812e-08,-2.0193837921289592e-11 | -2.4680359089757076e-08,-5.5882953375885336e-08,-2.288439191033831e-06 | 0,0
9190 | 306.33334930986166 | 161.4578399658203,187.55447387695312,0.18375380337238312 | 2.8672833551901533e-10,-9.34774702088248e-10,-6.293201408880122e-07 | 0 | 2.0294673674925434e-07,5.532282543185829e-08,-1.6378011793993785e-11 | 1.67304925469125e-08,8.140903950959455e-09,-2.2884373720444273e-06 | 0,0
9200 | 306.6666826605797 | 161.4578399658203,187.55447387695312,0.18375380337238312 | -5.430834670860918e-10,-2.1236077341058035e-09,-4.386170644465892e-07 | 0 | 3.90870212640948e-07,-1.0478461831553432e-07,-2.2772221608402532e-10 | -7.765859066921621e-09,-9.199010264637764e-08,-2.288436689923401e-06 | 0,0
9210 | 307.0000160112977 | 161.4578399658203,187.55447387695312,0.18375380337238312 | -1.1239513764138565e-09,1.0626405311242593e-09,-2.479139880051662e-07 | 0 | -2.0392239719058125e-07,-2.1675610639704246e-07,9.388467087090291e-11 | -1.7120667550329927e-08,5.579376960440641e-08,-2.288436689923401e-06 | 0,0
9220 | 307.3333493620157 | 161.4578399658203,187.55447387695312,0.18375380337238312 | 5.58694757124556e-10,-1.4156049596425468e-11,-5.7210922221884175e-08 | 0 | -1.955034463207994e-07,1.0623946167243048e-07,1.1444849234987231e-10 | -3.0531241423936706e-10,3.0661272631959946e-08,-2.288436689923401e-06 | 0,0
9230 | 307.66668271273375 | 161.4578399658203,187.55447387695312,0.18375380337238312 | 5.486527343556702e-10,1.0079456158607059e-09,-8.200231604860164e-07 | 0 | -1.9551636398773553e-07,1.062655172745508e-07,1.1444584169240102e-10 | -3.0537403161723375e-10,3.066177001187498e-08,-2.2884357804286992e-06 | 0,0
9240 | 308.00001606345177 | 161.4578399658203,187.55447387695312,0.18375380337238312 | -2.8092561610293387e-10,1.0067430916693709e-10,-6.293201408880122e-07 | 0 | 1.5834898947630904e-09,-5.37742401718333e-08,1.0511665843315754e-10 | -2.941338561601725e-10,3.8818932068807044e-08,-2.2884373720444273e-06 | 0,0
9250 | 308.3333494141698 | 161.4578399658203,187.55447387695312,0.18375380337238312 | 2.7340990582658264e-10,9.166776226976481e-10,-4.386170644465892e-07 | 0 | -2.0018785562569974e-07,5.2366257108360514e-08,-2.045021443852768e-11 | 1.6834889038364054e-08,-3.7222889215371424e-09,-2.288436689923401e-06 | 0,0
9260 | 308.6666827648878 | 161.4578399658203,187.55447387695312,0.18375380337238312 | 5.682165293841024e-10,-2.0503816422490218e-09,-2.479139880051662e-07 | 0 | 4.000150966021465e-07,1.1059906057653279e-07,-8.092081865695988e-11 | -2.479971250579638e-08,-6.049403111774154e-08,-2.288436689923401e-06 | 0,0
9270 | 309.00001611560583 | 161.45733642578125,187.55447387695312,0.18369460105895996 | -0.016715966165065765,-0.00032209022901952267,-2.002382188948104e-06 | 0 | -0.00899549014866352,0.0768306776881218,0.001690653502009809 | -0.25283190608024597,-0.0011969750048592687,-1.1442169807196478e-06 | 0,0
9280 | 309.33334946632385 | 161.3623504638672,187.5546112060547,0.18093977868556976 | -0.6382889151573181,-0.0036611631512641907,-3.9837872463976964e-05 | 0 | 0.018997613340616226,1.0184673070907593,0.6313661932945251 | -2.8012845516204834,0.01682545430958271,-0.00012471976515371352 | 0,0
9290 | 309.6666828170419 | 160.99180603027344,187.55172729492188,0.17674705386161804 | -1.7985577583312988,-0.007273018825799227,-0.00015401181008201092 | 269.8 | 0.010251173749566078,0.9688085913658142,-0.43534213304519653 | -3.545222043991089,0.0008835782646201551,-5.14919474881026e-06 | 0,0
9300 | 310.0000161677599 | 160.12001037597656,187.54757690429688,0.17662963271141052 | -2.83638334274292,-0.005701087415218353,6.497253343695775e-05 | 269.9 | 0.04042131453752518,-0.44305574893951416,-0.4265883266925812 | -2.3972795009613037,0.05366605520248413,0.00044109599548392 | 0,0
9310 | 310.3333495184779 | 159.15365600585938,187.5448455810547,0.18278273940086365 | -2.3837294578552246,-0.0006311249453574419,0.00019363989122211933 | 270.0 | -0.020621007308363914,-4.1244306564331055,-0.3136276304721832 | 6.493269920349121,0.019909275695681572,-0.0003976165025960654 | 0,0
9320 | 310.66668286919594 | 158.70687866210938,187.5443115234375,0.19103454053401947 | -1.267626404762268,0.0011432121973484755,-6.922521424712613e-05 | 270.1 | 0.0075006247498095036,1.2149232625961304,-0.17798350751399994 | -1.0973666906356812,0.023356376215815544,0.0032204026356339455 | 0,0
9330 | 311.00001621991396 | 158.13058471679688,187.54417419433594,0.18175430595874786 | -2.189234972000122,0.003770509036257863,1.4054817256692331e-05 | 270.1 | 0.024017995223402977,2.26607346534729,-0.2819320559501648 | -3.0754849910736084,0.01777055487036705,-0.0015927519416436553 | 0,0
9340 | 311.333349570632 | 157.24285888671875,187.54501342773438,0.17819656431674957 | -3.0378215312957764,0.007584712468087673,-4.878184699919075e-05 | 270.1 | 0.0002387854765402153,0.18021880090236664,-0.3045335114002228 | -2.3264262676239014,0.014337090775370598,0.0004113464674446732 | 0,0
9350 | 311.66668292135 | 156.09991455078125,187.5475311279297,0.17837294936180115 | -3.77392578125,0.01419953815639019,1.5389738109661266e-05 | 270.2 | 0.007277762982994318,-0.12929284572601318,-0.3169120252132416 | -2.122506856918335,0.02821454592049122,2.0023824617965147e-05 | 0,0
9360 | 312.000016272068 | 154.72564697265625,187.55239868164062,0.17897339165210724 | -4.412536144256592,0.02048339508473873,1.889867417048663e-05 | 270.3 | -0.022391824051737785,-0.26141321659088135,-0.26562222838401794 | -1.577539324760437,-0.018375085666775703,-4.576867922878591e-06 | 0,0
9370 | 312.33334962278605 | 153.03671264648438,187.5602569580078,0.18099723756313324 | -4.71616792678833,0.026307936757802963,3.5089364246232435e-05 | 270.3 | -0.020917706191539764,-0.6537631154060364,-0.1947433054447174 | -0.25284287333488464,-0.012608169578015804,-0.0001538973010610789 | 0,0
9380 | 312.66668297350407 | 151.46633911132812,187.56886291503906,0.18307121098041534 | -4.700560092926025,0.028077920898795128,9.21095852390863e-06 | 270.3 | -0.016224751248955727,-0.40325185656547546,-0.11675527691841125 | 0.1572561115026474,-0.01283951010555029,7.837895100237802e-05 | 0,0
9390 | 313.0000163242221 | 150.063232421875,187.5770721435547,0.18376822769641876 | -4.666356563568115,0.028587980195879936,1.106077775148151e-06 | 270.4 | -0.009284772910177708,-0.06559541076421738,-0.06686318665742874 | 0.05933761224150658,-0.009501668624579906,-2.3456475901184604e-05 | 0,0
9400 | 313.3333496749401 | 148.35293579101562,187.58737182617188,0.18369674682617188 | -4.66821813583374,0.028776656836271286,-1.2014294270557002e-06 | 270.4 | 0.0005843197577632964,0.04945024102926254,-0.028796743601560593 | -0.04305839166045189,0.00537676690146327,1.601905569259543e-05 | 0,0
9410 | 313.66668302565813 | 146.949951171875,187.59591674804688,0.18356895446777344 | -4.683533191680908,0.02866009809076786,-1.5256246399530937e-07 | 270.4 | -0.00207271846011281,0.024191899225115776,-0.009560022503137589 | -0.05152701959013939,-0.0011317803291603923,-7.437419299094472e-06 | 0,0
9420 | 314.00001637637615 | 145.29458618164062,187.60597229003906,0.18502692878246307 | -4.375445365905762,0.026533979922533035,-6.293201295193285e-06 | 270.3 | -0.0004310745862312615,-0.13992272317409515,0.0008134255185723305 | 0.4131030738353729,-0.002612024312838912,-3.089388701482676e-05 | 0,0
9430 | 314.3333497270942 | 143.9842987060547,187.61398315429688,0.18427406251430511 | -4.382819652557373,0.026386171579360962,7.761615052004345e-06 | 270.3 | 0.0026549389585852623,0.3697248697280884,0.004825218115001917 | -0.22673605382442474,0.0024250519927591085,5.435037746792659e-05 | 0,0
9440 | 314.6666830778122 | 142.5081024169922,187.62261962890625,0.18335318565368652 | -4.460188388824463,0.025810858234763145,-1.6972574030660326e-06 | 270.3 | -0.00404379004612565,0.10891382396221161,0.025064583867788315 | -0.1812887042760849,-0.006154495757073164,1.8307493519387208e-05 | 0,0
9450 | 315.0000164285302 | 141.01422119140625,187.63491821289062,0.18335716426372528 | -4.493074417114258,0.09458785504102707,-2.974967856061994e-06 | 271.2 | 0.9136375188827515,-0.063134104013443,-1.7711280584335327 | -0.0115013113245368,1.131217122077942,-5.835513729834929e-05 | 0,0
9460 | 315.33334977924824 | 139.52426147460938,187.72964477539062,0.1839277595281601 | -4.427962779998779,0.6675963997840881,-0.0001529438595753163 | 278.6 | 2.0199942588806152,-0.2528904676437378,-13.535501480102539 | 0.6420707106590271,3.516336441040039,-0.0003958995221182704 | 0,0
9470 | 315.66668312996626 | 137.9571533203125,188.1073455810547,0.1850244104862213 | -4.056760787963867,1.8300832509994507,-0.000385544408345595 | 294.3 | 1.151010513305664,-0.41813167929649353,-30.65968894958496 | 1.3290165662765503,3.197321653366089,0.000467985199065879 | 0,0
9480 | 316.0000164806843 | 136.63710021972656,188.7431182861328,0.18495535850524902 | -3.7230496406555176,2.573016881942749,0.0001787650544429198 | 304.6 | -0.7040530443191528,0.37896671891212463,-30.78174591064453 | 0.8849071860313416,1.8184088468551636,0.0013507497496902943 | 0,0
9490 | 316.3333498314023 | 135.5422821044922,189.51251220703125,0.1850396692752838 | -3.243856191635132,3.18090558052063,-0.00014405710680875927 | 314.4 | 0.6169267892837524,-0.584222674369812,-32.63053512573242 | 2.1351382732391357,2.161431074142456,-0.0018479129066690803 | 0,0
9500 | 316.6666831821203 | 134.4894561767578,190.5673370361328,0.1850157082080841 | -2.741651773452759,3.6634702682495117,0.00016514885646756738 | 323.2 | -0.7454233169555664,0.7983759045600891,-28.836214065551758 | 0.9656524062156677,0.9504961371421814,0.0016860057367011905 | 0,0
9510 | 317.00001653283834 | 133.608154296875,191.78265380859375,0.1848960816860199 | -2.1666457653045654,4.042903900146484,8.934438665164635e-05 | 331.8 | -0.44335275888442993,0.6990177035331726,-26.93688201904297 | 1.1596511602401733,0.7801150679588318,0.001273514935746789 | 0,0
9520 | 317.33334988355637 | 132.93115234375,193.1266326904297,0.18492171168327332 | -1.4566665887832642,4.351699352264404,-7.28867162251845e-05 | 341.5 | -0.031529199331998825,0.07899950444698334,-28.1501407623291 | 1.6300855875015259,0.6888913512229919,0.0008375677280128002 | 0,0
9530 | 317.6666832342744 | 132.46888732910156,194.56553649902344,0.18478049337863922 | -0.8111056089401245,4.538475036621094,6.369482434820384e-06 | 349.9 | -0.08239908516407013,0.318845272064209,-26.626407623291016 | 0.8844977021217346,0.3616332709789276,0.0002534443628974259 | 0,0
9540 | 318.0000165849924 | 132.21360778808594,196.0657958984375,0.18449905514717102 | -0.3251134157180786,4.629396438598633,0.00018479126447346061 | 356.0 | -0.3215044140815735,2.235924243927002,-21.319028854370117 | -1.5031867027282715,0.175352081656456,0.002243239665403962 | 0,0
9550 | 318.33334993571043 | 132.06736755371094,197.602783203125,0.18396148085594177 | -0.16747549176216125,4.657168865203857,5.6924865930341184e-05 | 357.9 | -0.01086543407291174,0.3568292260169983,-12.84643840789795 | 0.6322636604309082,0.021643636748194695,-0.0007248623296618462 | 0,0
9560 | 318.66668328642845 | 131.9986572265625,199.30587768554688,0.18381454050540924 | -0.008033232763409615,4.66239595413208,9.001184480439406e-06 | 359.9 | 0.011568945832550526,0.21141941845417023,-8.144521713256836 | 0.19523903727531433,0.02520561031997204,-0.00024772327742539346 | 0,0
9570 | 319.0000166371465 | 131.97802734375,200.8605194091797,0.18365836143493652 | 0.023198651149868965,4.674860954284668,-7.05601394201949e-07 | 0.3 | 0.01884949766099453,0.3356827199459076,-4.276053428649902 | -0.11157038807868958,0.04782199487090111,-9.325380233349279e-05 | 0,0
9580 | 319.3333499878645 | 131.9850311279297,202.42076110839844,0.18358878791332245 | 0.08862963318824768,4.689703464508057,-2.7651944947137963e-06 | 1.1 | 0.010684584267437458,0.024422582238912582,-3.110764503479004 | 0.32136839628219604,0.04250049218535423,-7.322997407754883e-05 | 0,0
9590 | 319.6666833385825 | 132.0054931640625,203.9521484375,0.1852794587612152 | 0.07490009069442749,4.189598083496094,-1.6438603779533878e-05 | 1.0 | -2.155900239944458,0.2671014070510864,-1.1183955669403076 | -0.22943010926246643,-5.570711612701416,-0.00038560153916478157 | 0,0
9600 | 320.00001668930054 | 132.01968383789062,204.85153198242188,0.19530029594898224 | 0.03456589952111244,1.9183521270751953,-0.0005415586056187749 | 1.0 | -2.5093836784362793,0.07847953587770462,-0.2707361578941345 | -0.09616892039775848,-7.537478923797607,-0.0012586404336616397 | 0,0
9610 | 320.33335004001856 | 132.02859497070312,205.4055633544922,0.1896083801984787 | 0.03151995688676834,1.7816481590270996,0.0005131819634698331 | 1.0 | 3.338944435119629,-0.10431372374296188,-0.2050950527191162 | 0.05760948732495308,2.1034631729125977,-9.724752999318298e-06 | 0,0
9620 | 320.6666833907366 | 132.04251098632812,206.2602081298828,0.1799335479736328 | 0.045243553817272186,2.7545254230499268,-9.285332635045052e-05 | 0.9 | 1.0960993766784668,0.012058607302606106,-0.11677195131778717 | -0.03558419272303581,2.4128077030181885,-0.0005572343361563981 | 0,0
9630 | 321.0000167414546 | 132.0572967529297,207.15603637695312,0.18064498901367188 | 0.04631084203720093,2.7978622913360596,8.589266508352011e-05 | 0.9 | -2.6948893070220947,0.07269605249166489,-0.06256170570850372 | -0.11689736694097519,-4.95654296875,0.001461166888475418 | 0,0
9640 | 321.3333500921726 | 132.06671142578125,207.72784423828125,0.19146224856376648 | 0.020576851442456245,1.2324256896972656,-0.00016800941375549883 | 1.0 | 0.4574778378009796,-0.013147401623427868,-0.025210561230778694 | 0.010876077227294445,0.5879008173942566,0.002764431294053793 | 0,0
9650 | 321.66668344289064 | 132.07566833496094,208.2742156982422,0.18259109556674957 | 0.0343894399702549,2.088733673095703,6.78140131640248e-05 | 0.9 | 2.5314278602600098,-0.04941349849104881,-0.023320266976952553 | 0.05759261175990105,3.294492721557617,-0.0016236458905041218 | 0,0
9660 | 322.00001679360867 | 132.09132385253906,209.23553466796875,0.17819304764270782 | 0.049579329788684845,3.0391321182250977,-5.0097696657758206e-05 | 0.9 | 0.17860396206378937,-0.00525281997397542,-0.008975964970886707 | 0.04129193350672722,2.3254964351654053,0.0004513940657489002 | 0,0
9670 | 322.3333501443267 | 132.1042938232422,210.0347442626953,0.18603430688381195 | 0.031148938462138176,1.9190785884857178,3.568054671632126e-05 | 0.9 | -4.062426567077637,0.06743795424699783,0.003965763840824366 | -0.10095616430044174,-6.204192161560059,-0.0022569706197828054 | 0,0
9680 | 322.6666834950447 | 132.1087188720703,210.30821228027344,0.195882186293602 | -3.440094951656647e-05,-0.002753462176769972,-0.0003707649011630565 | 0 | 0.5817692875862122,-0.008731006644666195,-0.0003090142854489386 | -0.0032936851494014263,-0.18864022195339203,0.006112414412200451 | 0,0
9690 | 323.00001684576273 | 132.10887145996094,210.31361389160156,0.1873016357421875 | -0.00015009153867140412,-0.008207380771636963,0.00024259337806142867 | 0 | 1.633505940437317,-0.027926616370677948,0.00023365902598015964 | 0.0004629167669918388,0.027723031118512154,-0.0015784493880346417 | 0,0
9700 | 323.33335019648075 | 132.1089324951172,210.31549072265625,0.18423591554164886 | -3.1493073038291186e-05,-0.0017155952518805861,-8.18116131995339e-06 | 0 | 0.3328745365142822,-0.00568842189386487,3.3999916922766715e-05 | 0.00020983144349884242,0.010872148908674717,-0.0001682000729488209 | 0,0
9710 | 323.6666835471988 | 132.10894775390625,210.3157501220703,0.18381637334823608 | -1.582729510118952e-06,-9.531226532999426e-05,-7.837896191631444e-06 | 0 | 0.018416129052639008,-0.00030559502192772925,-8.093817882581789e-08 | -8.43681027618004e-06,-8.097638055915013e-05,1.7735390429152176e-05 | 0,0
9720 | 324.0000168979168 | 132.10894775390625,210.3157958984375,0.1837702840566635 | -3.2333204558199213e-07,-1.1910705325135496e-05,-1.3730621049035108e-06 | 0 | 0.0022981821093708277,-5.856719508301467e-05,-2.470025890488614e-07 | -9.69996108324267e-06,-0.00035732114338316023,-4.1191859054379165e-05 | 0,0
9730 | 324.3333502486348 | 132.10894775390625,210.31581115722656,0.1837584674358368 | -8.509547910762194e-08,-1.1353265108482447e-05,-2.059593271042104e-06 | 0 | 0.0021934101823717356,-1.4775062481930945e-05,4.361379879469496e-08 | 3.174130597471958e-06,4.3496918806340545e-05,-1.0297966582584195e-05 | 0,0
9740 | 324.66668359935284 | 132.10894775390625,210.31581115722656,0.183756023645401 | -1.0451221044149861e-07,-3.39620510203531e-06,-2.2884369172970764e-06 | 0 | 0.0006561580812558532,-2.1313177057891153e-05,1.6543065584073702e-08 | 2.5845861273410264e-07,1.3638476957567036e-05,-2.288440782649559e-06 | 0,0
9750 | 325.00001695007086 | 132.10894775390625,210.31581115722656,0.18375495076179504 | 1.1598967830650508e-07,-9.270714258491353e-07,1.2014294270557002e-06 | 0 | 0.00017909499001689255,2.1763407858088613e-05,1.709006625105758e-08 | 4.8851889005163684e-06,1.9083067854808178e-06,2.8605461920960806e-05 | 0,0
9760 | 325.3333503007889 | 132.10894775390625,210.31581115722656,0.18375389277935028 | 1.545343479847361e-07,-2.2038619817976723e-07,2.479139880051662e-07 | 0 | 4.259353590896353e-05,3.100043613812886e-05,8.201622492265415e-09 | 9.45373085414758e-06,1.637128775655583e-06,-1.7163281427201582e-06 | 0,0
9770 | 325.6666836515069 | 132.10894775390625,210.31581115722656,0.18375389277935028 | 0.0,0.0,0.0 | 0 | 0.0,0.0,0.0 | 1.6328513083863072e-06,2.7993653475277824e-06,5.721091383747989e-06 | 0,0
9780 | 326.0000170022249 | 132.10894775390625,210.31581115722656,0.18375389277935028 | 2.1508392933355935e-07,2.493941764214469e-08,2.288436888875367e-07 | 0 | -4.693662958743516e-06,4.4396056182449684e-05,1.376425018406735e-08 | 5.060808689449914e-06,3.6952446862414945e-06,-1.1442183449617005e-06 | 0,0
9790 | 326.33335035294294 | 132.10894775390625,210.31581115722656,0.18375389277935028 | -1.5467225722431976e-08,-1.1118943099575063e-08,2.8605461466213455e-07 | 0 | 2.1397565888037207e-06,-3.381433543836465e-06,-7.254187528449307e-11 | -2.058907533353249e-08,-6.677503705532217e-08,1.1442186860222137e-06 | 0,0
9800 | 326.66668370366096 | 132.10894775390625,210.31581115722656,0.18375389277935028 | -5.8827872351230326e-08,3.375548729422917e-08,3.2419524131910293e-07 | 0 | -6.4821533669601195e-06,-1.114942551794229e-05,-3.4547489313752067e-09 | -2.120823410223238e-06,1.2593752671818947e-06,5.721092293242691e-06 | 0,0
9810 | 327.000017054379 | 132.10894775390625,210.31581115722656,0.18375389277935028 | -5.769493771623502e-09,-3.4211358190816554e-09,9.535153111528416e-08 | 0 | 6.582825449186203e-07,-1.2258690276212292e-06,-1.513520836438076e-10 | -6.760193116406299e-08,-4.104093420664867e-08,1.1442182312748628e-06 | 0,0
9820 | 327.333350405097 | 132.10894775390625,210.31581115722656,0.18375389277935028 | 0.0,0.0,0.0 | 0 | 0.0,0.0,0.0 | 2.2139170141599607e-07,5.536439289244299e-07,-1.1442182767495979e-05 | 0,0
9830 | 327.66668375581503 | 132.10894775390625,210.31581115722656,0.18375389277935028 | 8.887513835986738e-09,-1.3342178029063234e-08,3.0512492799061874e-07 | 0 | 2.580482032499276e-06,1.9832898487948114e-06,-1.5491788407651086e-10 | -6.712435407507655e-08,-4.104535022975142e-08,1.1442186860222137e-06 | 0,0
9840 | 328.00001710653305 | 132.10894775390625,210.31581115722656,0.18375389277935028 | 3.4176022012388785e-08,-4.1085765900561455e-08,9.535153111528416e-08 | 0 | 7.951255611260422e-06,7.743600690446328e-06,-8.360341863244969e-10 | -3.073718971791095e-06,-2.5865474526653998e-06,6.8653098423965275e-06 | 0,0
9850 | 328.3333504572511 | 132.10894775390625,210.31581115722656,0.18375389277935028 | -1.684840889026873e-08,-1.6090941912239032e-09,1.7163276311293885e-07 | 0 | 3.098618890362559e-07,-3.3735111628629966e-06,-5.462682042822742e-11 | -2.096131538564805e-06,1.3618672483062255e-06,5.72109183849534e-06 | 0,0
9860 | 328.6666838079691 | 132.10894775390625,210.31581115722656,0.18375389277935028 | -9.776719878118456e-09,-1.8409326285606653e-09,1.3349215066682518e-07 | 0 | 3.519070332913543e-07,-2.0950049020029837e-06,-1.465120386123786e-10 | -8.23610051270407e-08,-1.5789868967885923e-08,1.1442184586485382e-06 | 0,0
9870 | 329.0000171586871 | 132.10894775390625,210.31581115722656,0.18375389277935028 | -2.9102398269031937e-09,-5.251488133239945e-10,3.814061599882734e-08 | 0 | 1.0059960686703562e-07,-5.947870249656262e-07,-1.4723812447048346e-10 | -8.730719258664976e-08,-1.5754462623362997e-08,1.1442184586485382e-06 | 0,0
9880 | 329.33335050940514 | 132.10894775390625,210.31581115722656,0.18375389277935028 | -9.863460048720185e-10,3.355230093760042e-09,2.479139880051662e-07 | 0 | -6.480414640464005e-07,-1.7453595546612632e-07,-1.418316020185273e-10 | -7.941677182543572e-08,-1.5844412004639707e-08,1.1442178902143496e-06 | 0,0
9890 | 329.66668386012316 | 132.10894775390625,210.31581115722656,0.18375389277935028 | 1.930544613060192e-09,3.6043452666945086e-09,1.5256246399530937e-07 | 0 | -6.954454647711827e-07,3.6529203839563706e-07,2.2403759403211154e-10 | 1.0878463996277787e-07,4.8935984153786194e-08,0.0 | 0,0
9900 | 330.0000172108412 | 132.10894775390625,210.31581115722656,0.18375389277935028 | -1.3894549510951038e-08,-2.6304132205723363e-09,1.9070306223056832e-07 | 0 | 5.026871576774283e-07,-2.9951177111797733e-06,-1.4698427197590291e-10 | -8.235569026737721e-08,-1.5789602514360013e-08,1.1442178902143496e-06 | 0,0
9910 | 330.3333505615592 | 132.10894775390625,210.31581115722656,0.18375389277935028 | -7.031352389219592e-09,-1.3146036481614942e-09,9.535153111528416e-08 | 0 | 2.5138535875157686e-07,-1.4948994930819026e-06,-1.4624147726127745e-10 | -8.237534387944834e-08,-1.5789828111678617e-08,1.1442182312748628e-06 | 0,0
9920 | 330.6666839122772 | 132.10894775390625,210.31581115722656,0.18375389277935028 | -2.910239382813984e-09,-5.251488133239945e-10,3.814061599882734e-08 | 0 | 1.0059960686703562e-07,-5.947870249656262e-07,-1.4723847141517865e-10 | -8.730717837579505e-08,-1.5754462623362997e-08,1.1442184586485382e-06 | 0,0
9930 | 331.00001726299524 | 132.10894775390625,210.31581115722656,0.18375389277935028 | -1.1087577078683353e-08,1.163602991738344e-09,2.288436888875367e-07 | 0 | -1.6881919862044015e-07,-8.048958761719405e-07,-3.6625806831835916e-09 | 1.3724327629915933e-07,-2.05416643694889e-08,5.721089451071748e-07 | 0,0
9940 | 331.33335061371326 | 132.10894775390625,210.31581115722656,0.18375389277935028 | -7.1852763738888825e-09,9.205398665557141e-10,2.288436888875367e-07 | 0 | -1.808593026453309e-07,-1.6269390243905946e-06,2.226523271309233e-10 | 1.0882150291990911e-07,4.8936424690282365e-08,0.0 | 0,0
9950 | 331.6666839644313 | 132.10894775390625,210.31581115722656,0.18375389277935028 | -3.950206384217836e-09,6.051003031970481e-10,1.3349215066682518e-07 | 0 | -1.1859608406439293e-07,-9.191900289806654e-07,2.233550566721476e-10 | 1.1028723889694447e-07,4.891638027970657e-08,0.0 | 0,0
9960 | 332.0000173151493 | 132.10894775390625,210.31581115722656,0.18375389277935028 | -9.776719878118456e-09,-1.8409327395829678e-09,1.3349215066682518e-07 | 0 | 3.519070332913543e-07,-2.0950049020029837e-06,-1.4651370394691554e-10 | -8.236101933789541e-08,-1.5789868967885923e-08,1.1442184586485382e-06 | 0,0
9970 | 332.33335066586733 | 132.10894775390625,210.31581115722656,0.18375389277935028 | -2.910239382813984e-09,-5.251488133239945e-10,3.814061599882734e-08 | 0 | 1.0059960686703562e-07,-5.947870249656262e-07,-1.4723920693793247e-10 | -8.730717837579505e-08,-1.5754462623362997e-08,1.1442184586485382e-06 | 0,0
9980 | 332.66668401658535 | 132.10894775390625,210.31581115722656,0.18375389277935028 | 4.84594098182356e-09,4.962088073767745e-09,2.0977338976990723e-07 | 0 | -9.555485576129286e-07,1.124904997595877e-06,-7.958375625172209e-11 | 9.03790819961614e-08,-2.3647535485338267e-08,1.1442186860222137e-06 | 0,0
9990 | 333.00001736730337 | 132.10894775390625,210.31581115722656,0.18375389277935028 | -3.999710340707452e-09,1.9992971722615493e-09,2.0977338976990723e-07 | 0 | -3.878951986280299e-07,-9.308045036959811e-07,2.2319053549768597e-10 | 1.0879535494723314e-07,4.8936517060838014e-08,0.0 | 0,0
10000 | 333.3333507180214 | 132.10894775390625,210.31581115722656,0.18375389277935028 | -2.1900861124635185e-09,-6.80634837380012e-09,1.7163276311293885e-07 | 0 | 1.3135794461049954e-06,-4.417771322096087e-07,-1.5270719411208944e-10 | -6.759575654768923e-08,-4.1039744047566273e-08,1.1442183449617005e-06 | 0,0
10010 | 333.6666840687394 | 132.10894775390625,210.31581115722656,0.18375389277935028 | 2.902947038307957e-08,7.000107715704473e-10,-5.7210922221884175e-08 | 0 | -7.101493793015834e-08,7.445463779731654e-06,-3.096902734256446e-09 | 2.2134520349936793e-06,-1.3240601219877135e-06,-5.72109183849534e-06 | 0,0
10020 | 334.00001741945744 | 132.10894775390625,210.31581115722656,0.18375389277935028 | 0.0,0.0,0.0 | 0 | 0.0,0.0,0.0 | -2.621922249090858e-06,-1.8471835616651333e-08,1.7163275742859696e-06 | 0,0
10030 | 334.33335077017546 | 132.10894775390625,210.31581115722656,0.18375389277935028 | 5.322288387787921e-09,-1.3024011202844576e-08,2.6698430133365036e-07 | 0 | 2.5219301278411876e-06,1.5763162082294002e-06,-6.448971912043078e-10 | -5.099806912767235e-06,-1.3033893537794938e-06,1.2014292224193923e-05 | 0,0
10040 | 334.6666841208935 | 132.10894775390625,210.31581115722656,0.18375389277935028 | 3.3440126223638345e-09,-1.3000804877094652e-08,2.479139880051662e-07 | 0 | 2.5122596980509115e-06,7.709016927037737e-07,-1.552156181361397e-10 | -6.755137604841366e-08,-4.10381311155561e-08,1.1442178902143496e-06 | 0,0
10050 | 335.0000174716115 | 132.10894775390625,210.31581115722656,0.18375389277935028 | -6.835225008217094e-08,2.968281620496782e-08,3.432655262258777e-07 | 0 | -5.699491794075584e-06,-1.3230426702648401e-05,-3.4569527240790876e-09 | -2.1208113594184397e-06,1.2593765177371097e-06,5.721091383747989e-06 | 0,0
10060 | 335.3333508223295 | 132.10894775390625,210.31581115722656,0.18375389277935028 | -9.059068162287076e-09,-2.54581289382827e-09,1.1442184444376835e-07 | 0 | 4.883436872660241e-07,-1.937788965733489e-06,-1.468128535409008e-10 | -8.236244752879429e-08,-1.5789588303505298e-08,1.1442183449617005e-06 | 0,0
10070 | 335.66668417304754 | 132.10894775390625,210.31581115722656,0.18375389277935028 | 3.842580031943044e-09,1.6316830109275315e-09,0.0 | 0 | -3.1364106689579785e-07,7.851491545807221e-07,2.2487350870292744e-10 | 1.1527739474104237e-07,4.895048633102306e-08,0.0 | 0,0
10080 | 336.00001752376556 | 132.10894775390625,210.31581115722656,0.18375389277935028 | -1.719088338347774e-08,6.747974179432958e-09,2.6698430133365036e-07 | 0 | -1.3086320223010262e-06,-3.675883590403828e-06,-2.2011927003351417e-10 | -1.6722233908694761e-07,3.533641290687228e-08,1.1442183449617005e-06 | 0,0
10090 | 336.3333508744836 | 132.10894775390625,210.31581115722656,0.18375389277935028 | -2.0607123119020798e-08,-2.2636068575110357e-09,2.479139880051662e-07 | 0 | 4.3508728708729905e-07,-4.169953626842471e-06,-6.066828289741366e-11 | -1.8840652273865999e-06,1.3489260481946985e-06,5.721091383747989e-06 | 0,0
10100 | 336.6666842252016 | 132.10897827148438,210.3186798095703,0.1835913062095642 | 0.0006214331369847059,0.03834627941250801,-1.6781871181592578e-06 | 0 | 0.11856348812580109,-0.0021766452118754387,0.0002724580408539623 | 0.005694753490388393,0.3544674813747406,-3.833131631836295e-05 | 0,0
10110 | 337.0000175759196 | 132.11032104492188,210.4508514404297,0.18009330332279205 | 0.014306705445051193,0.7993420958518982,-5.9423076891107485e-05 | 0 | 0.8700918555259705,-0.037758730351924896,-0.5685012340545654 | 0.05797829106450081,2.196986436843872,6.178782496135682e-05 | 0,0
10120 | 337.33335092663765 | 132.11903381347656,210.95196533203125,0.17611640691757202 | 0.03773821145296097,2.182502508163452,-8.646478090668097e-05 | 1.0 | 0.17773954570293427,-0.002828716766089201,0.020001908764243126 | 0.049487534910440445,2.85388445854187,0.0008301301277242601 | 0,0
10130 | 337.66668427735567 | 132.1352081298828,211.89825439453125,0.17721237242221832 | 0.049534473568201065,3.0034945011138916,7.12848050170578e-05 | 0.9 | -0.42668113112449646,0.01602785661816597,0.07655642926692963 | 0.028233489021658897,2.292065382003784,6.464825855800882e-05 | 0,0
10140 | 338.0000176280737 | 132.14930725097656,212.76776123046875,0.1859513819217682 | 0.03225800395011902,2.1441495418548584,1.838377647800371e-05 | 0.9 | -1.7470043897628784,0.02938157133758068,0.10193798691034317 | -0.012461653910577297,-0.31833168864250183,-0.0016070544952526689 | 0,0
10150 | 338.3333509787917 | 132.1598663330078,213.4696502685547,0.1835939735174179 | 0.03598860651254654,2.596086025238037,1.2834316294174641e-05 | 0.8 | 1.5495866537094116,-0.016048496589064598,0.16703005135059357 | 0.015373527072370052,2.124187707901001,-0.00026088181766681373 | 0,0
10160 | 338.66668432950974 | 132.17440795898438,214.53787231445312,0.18168975412845612 | 0.032283999025821686,2.756747007369995,3.9475537050748244e-05 | 0.7 | -2.2942545413970947,0.026767369359731674,0.24329900741577148 | -0.08834011107683182,-4.995960712432861,0.0011001660022884607 | 0,0
10170 | 339.00001768022776 | 132.18246459960938,215.2284698486328,0.1875721663236618 | 0.019598154351115227,2.0125203132629395,1.4226448911358602e-05 | 0.6 | 1.2173445224761963,-0.015165778808295727,0.21131446957588196 | 0.007848924957215786,1.3837372064590454,0.001193419797345996 | 0,0
10180 | 339.3333510309458 | 132.1905059814453,216.0364227294922,0.18119078874588013 | 0.021473364904522896,2.771867513656616,-3.409770943108015e-05 | 0.4 | 1.2761701345443726,0.013185027055442333,0.3283158242702484 | -0.040996164083480835,2.3060200214385986,-0.0005131819634698331 | 0,0
10190 | 339.6666843816638 | 132.19876098632812,217.09461975097656,0.17890243232250214 | 0.019039902836084366,3.518120765686035,-3.194276359863579e-05 | 0.3 | 0.20977498590946198,0.007148871663957834,0.438968300819397 | -0.008963382802903652,2.179856061935425,0.00023456480994354934 | 0,0
10200 | 340.0000177323818 | 132.20541381835938,218.39051818847656,0.17880095541477203 | 0.009703228250145912,4.207606792449951,5.473178134707268e-06 | 0.1 | -0.09170667827129364,0.02756759338080883,0.5558809041976929 | -0.0481216199696064,1.9108628034591675,-1.4874848602630664e-05 | 0,0
10210 | 340.33335108309984 | 132.2085723876953,219.8748016357422,0.1801292449235916 | -0.0025111150462180376,4.610445499420166,4.199281829642132e-05 | 360.0 | -0.6067633032798767,-0.021023940294981003,0.5616976618766785 | 0.0067176828160882,0.6127738356590271,3.661494338302873e-05 | 0,0
10220 | 340.66668443381786 | 132.2074432373047,221.42442321777344,0.18242919445037842 | -0.014900725334882736,4.662815570831299,1.9203798728995025e-05 | 359.8 | -0.5370470881462097,-0.012787843123078346,0.49378982186317444 | -0.04049157351255417,-0.084471695125103,-7.322994497371837e-05 | 0,0
10230 | 341.0000177845359 | 132.2031707763672,222.8162384033203,0.18357589840888977 | -0.023483755066990852,4.626657962799072,1.2777105666827993e-06 | 359.7 | -0.1784447282552719,-0.016573237255215645,0.4242919981479645 | -0.022899581119418144,-0.09939192980527878,-6.865308932901826e-06 | 0,0
10240 | 341.3333511352539 | 132.19590759277344,224.35508728027344,0.18375609815120697 | -0.02920355647802353,4.614037990570068,-8.009528755792417e-07 | 359.6 | 0.023715583607554436,0.0246081855148077,0.3140907287597656 | -0.06416010856628418,0.005249976646155119,-3.37544443027582e-05 | 0,0
10250 | 341.6666844859719 | 132.18582153320312,226.04888916015625,0.18361502885818481 | -0.03185206279158592,4.625263690948486,-1.411202788403898e-06 | 359.6 | 0.029072681441903114,-0.01651531085371971,0.18709853291511536 | -0.0011153517989441752,0.04054069146513939,1.0870075129787438e-05 | 0,0
12040 | 401.33335426449776 | 99.38459777832031,191.74400329589844,0.18404586613178253 | 5.25791597366333,0.009973340667784214,1.4493433582174475e-06 | 89.9 | -0.06869734823703766,-0.0004477334441617131,-1.5039258003234863 | 0.023503301665186882,-0.10896152257919312,1.3158509318600409e-05 | 0,0
12050 | 401.6666876152158 | 101.31415557861328,191.74745178222656,0.18404456973075867 | 5.266634941101074,0.007094183471053839,-1.0679372053346015e-06 | 89.9 | -0.060744304209947586,-0.0006941535975784063,-1.5924044847488403 | 0.024275777861475945,-0.08642192929983139,-7.036943134153262e-05 | 0,0
12060 | 402.0000209659338 | 103.07105255126953,191.75010681152344,0.18404418230056763 | 5.2743821144104,0.007312084082514048,1.4302730733106728e-06 | 89.9 | 0.02586112730205059,0.0004978288197889924,-1.563660979270935 | 0.02261638455092907,0.015181539580225945,0.0001052680891007185 | 0,0
12070 | 402.3333543166518 | 104.83045959472656,191.7522735595703,0.18404701352119446 | 5.28148078918457,0.005537599790841341,1.0107263506142772e-06 | 89.9 | -0.0012561208568513393,0.0013373229885473847,-1.560715913772583 | 0.02017020992934704,-0.007698554079979658,5.091771890874952e-05 | 0,0
12080 | 402.66668766736984 | 106.41584014892578,191.75372314453125,0.18405082821846008 | 5.287482261657715,0.001896555069833994,1.4684136431242223e-06 | 90.0 | -0.0629311054944992,0.0004461377684492618,-1.614144206047058 | 0.020456312224268913,-0.09144652634859085,2.4028584448387846e-05 | 0,0
12090 | 403.00002101808786 | 108.17952728271484,191.7548370361328,0.18405044078826904 | 5.2944159507751465,0.0015843829605728388,6.102498559812375e-07 | 90.0 | -0.0004133448237553239,-0.0004789372906088829,-1.5867581367492676 | 0.021300313994288445,0.013225506991147995,-2.174014844058547e-05 | 0,0
12100 | 403.3333543688059 | 109.94558715820312,191.755615234375,0.1840481460094452 | 5.301546096801758,0.002328261034563184,-1.7163276311293885e-07 | 90.0 | 0.019467689096927643,9.823655273066834e-05,-1.523841142654419 | 0.020956991240382195,0.009952440857887268,-2.8605460101971403e-05 | 0,0
12110 | 403.6666877195239 | 111.71398162841797,191.7558135986328,0.18404914438724518 | 5.308442115783691,7.988449942786247e-05,-4.0047643778962083e-07 | 90.0 | 0.022452358156442642,0.00040637835627421737,-1.552581787109375 | 0.020070074126124382,0.050774458795785904,9.153747669188306e-06 | 1,5
12120 | 404.0000210702419 | 113.19904327392578,191.75030517578125,0.19407013058662415 | 2.7570183277130127,-0.0171413142234087,-0.0015501489397138357 | 90.4 | 0.1867837905883789,6.105657577514648,-0.27057966589927673 | -12.759382247924805,0.11152121424674988,0.030314352363348007 | 1,5
12130 | 404.33335442095995 | 113.47626495361328,191.74757385253906,0.201772078871727 | -0.01731341890990734,0.000906309811398387,0.0014348881086334586 | 0 | -0.024193711578845978,-3.902611017227173,8.353307202924043e-05 | -0.08373440057039261,0.009805680252611637,0.011155557818710804 | 1,5
12140 | 404.66668777167797 | 113.48403930664062,191.74766540527344,0.1896836757659912 | -0.013098087161779404,0.00042437046067789197,0.0008148551569320261 | 0 | -0.03574250638484955,-2.6612486839294434,6.132662383606657e-05 | 0.04119515046477318,-0.0028417862486094236,-0.005390414036810398 | 1,5
12150 | 405.000021122396 | 113.48715209960938,191.74758911132812,0.18461951613426208 | -0.0029415914323180914,3.376812310307287e-05,-9.458872227696702e-06 | 0 | -0.006747085601091385,-0.5725815296173096,0.00011726086813723668 | 0.017918411642313004,-0.00018321911920793355,-0.0006836704560555518 | 1,5
12160 | 405.333354473114 | 113.48765563964844,191.74758911132812,0.18378318846225739 | 0.0,0.0,0.0 | 0 | 0.0,0.0,0.0 | 0.008417625911533833,-0.00020428340940270573,0.0005669601960107684 | 1,5
12170 | 405.66668782383204 | 113.4876708984375,191.74758911132812,0.1837596893310547 | -1.0798154107760638e-05,2.0726249658764573e-06,-1.0946356269414537e-05 | 0 | -0.0004521954688243568,-0.002086264779791236,3.8387645417969907e-07 | 5.535289164981805e-05,-7.693567567912396e-06,-2.2312258806778118e-05 | 0,0
12180 | 406.00002117455006 | 113.49248504638672,191.7475128173828,0.18352119624614716 | 0.055369630455970764,-0.0001534924958832562,-2.0786635559488786e-06 | 0 | 0.011726670898497105,-0.16167138516902924,-0.01022160891443491 | 0.5040494203567505,-0.005606785882264376,-1.487484132667305e-05 | 0,0
12190 | 406.3333545252681 | 113.63358306884766,191.7464599609375,0.18026763200759888 | 0.7983669638633728,-0.008664412423968315,-5.225264249020256e-05 | 0 | -0.03408410772681236,-0.8466945886611938,-0.6649007201194763 | 2.3492448329925537,-0.03345493972301483,-0.0002048150636255741 | 0,0
12200 | 406.6666878759861 | 114.15361022949219,191.74169921875,0.17608390748500824 | 2.1308839321136475,-0.026291431859135628,-0.00010101541556650773 | 90.7 | 0.03185047581791878,-0.3721890449523926,-0.5000414252281189 | 3.2416818141937256,0.03247540071606636,0.0007603330886922777 | 0,0
12210 | 407.0000212267041 | 115.02066040039062,191.73214721679688,0.17695410549640656 | 2.9930880069732666,-0.03857048973441124,7.059827476041391e-05 | 90.7 | 0.110295370221138,0.4514239728450775,-0.48608800768852234 | 2.329716444015503,0.14421498775482178,9.611422865418717e-05 | 0,0
12220 | 407.33335457742214 | 116.27336883544922,191.71578979492188,0.17830626666545868 | 3.79914927482605,-0.05507738143205643,2.763287557172589e-05 | 90.8 | 0.08025097101926804,0.21529948711395264,-0.40549594163894653 | 2.1084377765655518,0.05595512315630913,-0.00012014289677608758 | 0,0
12230 | 407.66668792814016 | 117.5086898803711,191.69827270507812,0.17886832356452942 | 4.396887302398682,-0.0691123902797699,1.2109644558222499e-05 | 90.9 | -0.05014537647366524,0.1503557711839676,-0.351950466632843 | 1.8960283994674683,-0.14707131683826447,5.14897947141435e-05 | 0,0
12240 | 408.0000212788582 | 119.06278991699219,191.6751251220703,0.17998534440994263 | 4.843590259552002,-0.0736796036362648,3.234324321965687e-05 | 90.9 | 0.03470738232135773,0.5223251581192017,-0.12471657991409302 | 0.7578133940696716,0.019151194021105766,4.977354910806753e-05 | 0,0
12250 | 408.3333546295762 | 120.68926239013672,191.65087890625,0.1824207305908203 | 4.865262508392334,-0.07242733985185623,2.3799742848495953e-05 | 90.9 | 0.013235828839242458,0.622279167175293,-0.01276630163192749 | -0.29680249094963074,0.013001336716115475,3.6042889405507594e-05 | 0,0
12260 | 408.6666879802942 | 122.45317840576172,191.62461853027344,0.18401466310024261 | 4.766835689544678,-0.07070344686508179,-2.517280563552049e-06 | 90.8 | 0.0037258912343531847,0.13857586681842804,0.0011500561377033591 | -0.21387575566768646,0.007470622193068266,-5.148983291292097e-06 | 0,0
12270 | 409.00002133101225 | 123.87860107421875,191.60379028320312,0.18395103514194489 | 4.749013900756836,-0.0674288421869278,-2.421929139018175e-06 | 90.8 | 0.011666690930724144,-0.10824858397245407,0.0696149542927742 | 0.04045486077666283,0.017093269154429436,-9.897489508148283e-05 | 0,0
12280 | 409.33335468173027 | 125.46705627441406,191.58213806152344,0.18355651199817657 | 4.7808146476745605,-0.0590803287923336,7.628122489222733e-07 | 90.7 | 0.0280250683426857,-0.07824157178401947,0.22045761346817017 | 0.11053561419248581,0.04398788884282112,-2.2884365534991957e-05 | 0,0
12290 | 409.6666880324483 | 127.06610107421875,191.56344604492188,0.18344512581825256 | 4.808331489562988,-0.045721545815467834,-7.628122489222733e-07 | 90.5 | 0.04808257892727852,0.004759710282087326,0.3895014524459839 | 0.05809306725859642,0.09539040923118591,3.146601011394523e-05 | 0,0
12300 | 410.0000213831663 | 128.671142578125,191.5492401123047,0.18351347744464874 | 4.820063591003418,-0.030665382742881775,1.6972574030660326e-06 | 90.4 | -0.002702585654333234,0.021459123119711876,0.48371413350105286 | 0.024476049467921257,0.040198151022195816,2.8605461920960806e-05 | 0,0
12310 | 410.33335473388433 | 130.27923583984375,191.5402069091797,0.18356071412563324 | 4.828340530395508,-0.01376625057309866,1.106077775148151e-06 | 90.2 | -0.011924462392926216,0.004757986404001713,0.5439192652702332 | 0.027894971892237663,0.016437357291579247,6.693677278235555e-05 | 0,0
12320 | 410.66668808460236 | 131.89048767089844,191.5363006591797,0.18356147408485413 | 4.83850622177124,0.000829131284262985,-1.792608941286744e-06 | 90.0 | -0.022133011370897293,-0.0016630170866847038,0.5274043679237366 | 0.0315856896340847,0.0009447434567846358,-2.86054591924767e-06 | 0,0
12330 | 411.0000214353204 | 133.50521850585938,191.53677368164062,0.18355856835842133 | 4.848923206329346,0.010450100526213646,-1.5256244978445466e-06 | 89.9 | -0.06214151903986931,-0.00026294251438230276,0.41328153014183044 | 0.030455587431788445,-0.08725124597549438,-0.00013558987120632082 | 0,0
12340 | 411.3333547860384 | 135.28526306152344,191.5414276123047,0.18356108665466309 | 4.859695911407471,0.023031486198306084,-1.5637651813449338e-06 | 89.7 | 0.04283290356397629,0.0005295149749144912,0.3876817524433136 | 0.028738973662257195,0.13207201659679413,-2.288436735398136e-05 | 0,0
12350 | 411.6666881367564 | 136.7445831298828,191.54757690429688,0.18356437981128693 | 4.868252277374268,0.025649799033999443,-3.814061599882734e-08 | 89.7 | -0.014069663360714912,0.0007969437865540385,0.243788480758667 | 0.027208326384425163,0.012950598262250423,1.144218367699068e-05 | 0,0
12360 | 412.00002148747444 | 138.36892700195312,191.55609130859375,0.18356788158416748 | 4.877288341522217,0.029813751578330994,1.5828354662517086e-06 | 89.6 | -0.008968428708612919,0.0002871313481591642,0.19058334827423096 | 0.027751920744776726,-0.018442699685692787,7.4374174801050685e-06 | 0,0
12370 | 412.33335483819246 | 139.99636840820312,191.5657501220703,0.18356749415397644 | 4.886818885803223,0.031216783449053764,2.3647180569241755e-06 | 89.6 | -0.011848310008645058,-0.0006358454120345414,0.10398247092962265 | 0.02883910946547985,-0.008685383014380932,8.181160956155509e-05 | 0,0
12380 | 412.6666881889105 | 141.62710571289062,191.57603454589844,0.18356367945671082 | 4.8971848487854,0.03209737315773964,-6.674607675449806e-07 | 89.6 | -0.008799206465482712,-0.002039234386757016,0.056120745837688446 | 0.03307342156767845,-0.007781981956213713,-2.86054591924767e-06 | 0,0
12390 | 413.0000215396285 | 143.26158142089844,191.58677673339844,0.18355567753314972 | 4.90885066986084,0.0325436070561409,8.009528755792417e-07 | 89.6 | 0.0010397812584415078,-0.0019818434957414865,0.02941283769905567 | 0.035791393369436264,0.002943500643596053,1.3730619684793055e-05 | 0,0
12400 | 413.3333548903465 | 144.89996337890625,191.5974884033203,0.1835533082485199 | 4.920369625091553,0.03221278637647629,1.2395699968692497e-06 | 89.6 | 0.0007830096874386072,0.0002697075833566487,0.005556517746299505 | 0.033659931272268295,0.0014138593105599284,7.437420663336525e-06 | 0,0
12410 | 413.66668824106455 | 146.54197692871094,191.60804748535156,0.1835559755563736 | 4.931277275085449,0.03191345930099487,1.620976036065258e-06 | 89.6 | 0.0002252789563499391,0.0007537509081885219,-0.0040230038575828075 | 0.032129283994436264,-0.0006471946253441274,-4.576878382067662e-06 | 0,0
12420 | 414.00002159178257 | 148.352294921875,191.61965942382812,0.18356063961982727 | 4.942409992218018,0.03147527202963829,-2.4600697088317247e-06 | 89.6 | -0.002026151865720749,0.0014097396051511168,-0.01308837067335844 | 0.02906799130141735,-0.002515576547011733,-6.407623004633933e-05 | 0,0
12430 | 414.3333549425006 | 149.98355102539062,191.6299591064453,0.1845463514328003 | 4.6280598640441895,0.028330007568001747,-6.3122715801000595e-06 | 89.6 | -0.007806234527379274,1.5410460233688354,-0.026665544137358665 | -4.324793338775635,-0.025216953828930855,-0.00014073886268306524 | 0,0
12440 | 414.6666882932186 | 151.11219787597656,191.63671875,0.19508041441440582 | 2.258654832839966,0.012791435234248638,-0.0005059924442321062 | 89.7 | -0.007405578158795834,2.0447797775268555,-0.026454325765371323 | -5.842408657073975,-0.03515509516000748,-0.0003810238267760724 | 0,0
12450 | 415.00002164393663 | 151.8379364013672,191.640869140625,0.1882556825876236 | 2.361809253692627,0.01283753290772438,0.0004442046338226646 | 89.7 | 0.01631397008895874,-3.1732068061828613,-0.03841809555888176 | 2.113208532333374,0.010055460967123508,-0.0007917999173514545 | 0,0
12460 | 415.33335499465466 | 152.65927124023438,191.64532470703125,0.18105964362621307 | 3.012629747390747,0.015274330042302608,-5.0097696657758206e-05 | 89.7 | 0.0026634742971509695,-1.1294472217559814,-0.059102945029735565 | 1.6708301305770874,0.004240991082042456,-0.0007969480939209461 | 0,0
12470 | 415.6666883453727 | 153.48583984375,191.64956665039062,0.18987441062927246 | 1.4421411752700806,0.006607334595173597,-0.00021742057288065553 | 89.7 | -0.0026556176599115133,1.657598614692688,-0.03163079172372818 | -0.5997633337974548,-0.0029068158473819494,-0.0005417874199338257 | 0,0
12480 | 416.0000216960907 | 154.05087280273438,191.6522674560547,0.1840135157108307 | 2.075150489807129,0.00893796794116497,0.00011215247650397941 | 89.8 | 0.008345995098352432,-2.5478365421295166,-0.05478345602750778 | 3.201216220855713,0.014283292926847935,-0.0007414532592520118 | 0,0
12490 | 416.3333550468087 | 154.905029296875,191.65597534179688,0.17883636057376862 | 2.9361813068389893,0.011329957284033298,-7.168528100010008e-05 | 89.8 | -0.0003243042738176882,-0.49772337079048157,-0.08131483942270279 | 2.3495934009552,0.005467570852488279,0.00020996425882913172 | 0,0
12500 | 416.66668839752674 | 155.85653686523438,191.65966796875,0.18462951481342316 | 2.177536725997925,0.006788431666791439,9.191888239001855e-05 | 89.8 | -0.006988370791077614,4.1474223136901855,-0.06837420165538788 | -6.910571575164795,-0.027382098138332367,-0.0012941110180690885 | 0,0
12510 | 417.00002174824476 | 156.2377471923828,191.66079711914062,0.19175688922405243 | 0.9940750002861023,0.002856099046766758,0.00011661493044812232 | 0 | 0.019182758405804634,-2.6112425327301025,-0.23093989491462708 | 1.8503289222717285,0.0023857757914811373,0.004802284296602011 | 0,0
12520 | 417.3333550989628 | 156.70912170410156,191.66232299804688,0.18114951252937317 | 2.0219192504882812,0.005993647035211325,1.577114380779676e-05 | 89.8 | 0.004727733321487904,-2.3184890747070312,-0.06832776218652725 | 2.9843685626983643,0.012626106850802898,-0.002162000397220254 | 0,0
12530 | 417.6666884496808 | 157.10191345214844,191.66354370117188,0.19173820316791534 | 0.014665620401501656,-5.722764763049781e-05,-0.00040829528006725013 | 0 | -0.0028040208853781223,3.007082223892212,-0.0013137729838490486 | -0.3445838689804077,0.0006665998371317983,-0.002662596059963107 | 0,0
12540 | 418.0000218003988 | 157.1041717529297,191.66357421875,0.18807394802570343 | -0.008285554125905037,1.5799878383404575e-05,0.00020784727530553937 | 0 | 0.0019048970425501466,-1.6589391231536865,0.0001966893905773759 | 0.014234202913939953,-9.360882540931925e-05,-0.0002437182265566662 | 0,0
12550 | 418.33335515111685 | 157.1063690185547,191.66357421875,0.18450140953063965 | -0.00232735276222229,1.7645882053329842e-06,1.4073886632104404e-05 | 0 | 0.0005764890811406076,-0.4525327682495117,3.7176781916059554e-05 | 0.012769905850291252,2.190348368458217e-06,-0.0002797613851726055 | 0,0
12560 | 418.66668850183487 | 157.10675048828125,191.66357421875,0.1839098334312439 | -0.00025711575290188193,-6.423603338134853e-08,-7.113224455679301e-06 | 0 | -3.202154175596661e-06,-0.04972009360790253,1.1502402230689768e-06 | -4.167377119301818e-05,3.643081072368659e-06,0.0 | 0,0
12570 | 419.0000218525529 | 157.1068878173828,191.66357421875,0.18379852175712585 | -4.637021629605442e-05,2.077578500347954e-07,-2.5935619305528235e-06 | 0 | -4.2394087358843535e-05,-0.008954565040767193,-1.9236888704199373e-07 | -0.0003365109150763601,4.870045358984498e-06,-5.091771890874952e-05 | 0,0
12580 | 419.3333552032709 | 157.10690307617188,191.66357421875,0.18376524746418 | -2.9637500119861215e-05,-1.365673529818423e-08,-7.818825906724669e-07 | 0 | 6.518622740259161e-06,-0.005726281553506851,2.287939508960335e-07 | 0.00011942857963731512,3.171020807712921e-06,6.293201295193285e-05 | 0,0
12590 | 419.66668855398893 | 157.10691833496094,191.66357421875,0.18375854194164276 | -9.142727321886923e-06,-1.0635676517267711e-07,-2.6126322154595982e-06 | 0 | 1.885323945316486e-05,-0.0017663196194916964,8.502667725451829e-08 | 3.435663165873848e-05,-6.746402959834086e-06,-2.1740153897553682e-05 | 0,0
12600 | 420.00002190470695 | 157.10691833496094,191.66357421875,0.18375617265701294 | -2.75473917099589e-06,6.224708304358728e-09,-9.344450404569216e-07 | 0 | -1.4126319456408964e-06,-0.0005321343196555972,1.6985797657298463e-08 | 5.3839467000216246e-06,2.722577221447864e-07,-1.4874838598188944e-05 | 0,0
12610 | 420.333355255425 | 157.10691833496094,191.66357421875,0.18375495076179504 | -6.276347335187893e-07,3.8094110976771844e-08,-9.7258566711389e-07 | 0 | -3.394393615963054e-06,-0.00012123324268031865,-1.4366130507426078e-08 | 2.377413238718873e-06,6.948184250177292e-07,-2.974967719637789e-05 | 0,0
12620 | 420.666688606143 | 157.10691833496094,191.66357421875,0.18375495076179504 | -1.5485427695693943e-07,1.1373804120751174e-08,-5.7210922221884175e-08 | 0 | 9.733971637615468e-06,-1.829834764066618e-05,6.842701516518446e-09 | 1.8051854340228601e-06,-1.897656488836219e-06,9.725856216391549e-06 | 0,0
12630 | 421.000021956861 | 157.10691833496094,191.66357421875,0.18375389277935028 | -8.523456607179014e-09,-3.994526043271662e-09,-9.535153111528416e-08 | 0 | 7.771357672936574e-07,-1.6390606560889864e-06,-1.800018467612574e-10 | -4.903858439320175e-07,-1.4514143913402222e-06,4.9201389629160985e-05 | 0,0
12640 | 421.33335530757904 | 157.10691833496094,191.66357421875,0.18375389277935028 | -2.7891218223885517e-08,-4.940521591834113e-08,-1.2014294270557002e-06 | 0 | 7.304141036001965e-06,-5.3604840104526374e-06,1.1059726467976816e-08 | -2.6210238956991816e-07,-4.801720479008509e-07,-4.576874744088855e-06 | 0,0
12650 | 421.66668865829706 | 157.10691833496094,191.66357421875,0.18375389277935028 | -1.3941175325271615e-08,5.8413899495235455e-08,-9.344450404569216e-07 | 0 | -1.1336172974552028e-05,-2.7234484605287435e-06,-3.3607290284010105e-09 | -2.209465748137518e-07,5.0389555639185346e-08,-4.576873379846802e-06 | 0,0
12660 | 422.0000220090151 | 157.10691833496094,191.66357421875,0.18375389277935028 | 3.725103425722409e-08,8.420888519822256e-08,-1.2586402817760245e-06 | 0 | -1.7969072359846905e-05,7.188506515376503e-06,1.4772562340059636e-10 | 1.2505446420618682e-06,4.381360213301377e-06,-1.6019057511584833e-05 | 0,0
12670 | 422.3333553597331 | 157.1083984375,191.66357421875,0.18364699184894562 | 0.026534004136919975,0.00012762243568431586,-1.1823590284620877e-06 | 0 | 0.0023729929234832525,-0.09684066474437714,0.000203939329367131 | 0.29447782039642334,0.0007340660667978227,2.460069299559109e-05 | 0,0
12680 | 422.6666887104511 | 157.23580932617188,191.66380310058594,0.1802479475736618 | 0.7675741910934448,0.0019672554917633533,-5.679137393599376e-05 | 0 | 0.0015739757800474763,-0.8790431618690491,0.3030167818069458 | 1.6338621377944946,0.01208317931741476,-4.1191920900018886e-05 | 0,0
12690 | 423.00002206116915 | 157.65133666992188,191.66500854492188,0.17661955952644348 | 1.9131845235824585,0.004818050656467676,-0.00012153507123002782 | 89.9 | -0.00037630071165040135,-0.710879921913147,-0.19478103518486023 | 3.4147844314575195,0.015638086944818497,0.00040562538197264075 | 0,0
12700 | 423.33335541188717 | 158.46080017089844,191.66705322265625,0.1766977608203888 | 2.8382961750030518,0.005078292917460203,5.435037746792659e-05 | 89.9 | -0.010663351975381374,0.41410917043685913,-0.11313705891370773 | 2.397465467453003,-0.01427081786096096,0.00026774712023325264 | 0,0
12710 | 423.6666887626052 | 159.467529296875,191.66900634765625,0.1813899129629135 | 2.6797478199005127,0.003287508152425289,0.00019333478121552616 | 89.9 | 0.0006028873613104224,3.6694281101226807,-0.09614680707454681 | -5.9327311515808105,-0.014487657696008682,0.0005017397925257683 | 0,0
12720 | 424.0000221133232 | 160.03675842285156,191.6697998046875,0.19061049818992615 | 1.422202706336975,0.001301522715948522,-5.5685297411400825e-05 | 89.9 | 0.005476753693073988,-1.1465076208114624,-0.04991559311747551 | 0.9269749522209167,0.007491318508982658,0.002889151219278574 | 0,0
12730 | 424.33335546404123 | 160.73501586914062,191.67050170898438,0.18115364015102386 | 2.379460334777832,0.001297051552683115,-2.168293940485455e-05 | 90.0 | -5.538647747016512e-05,-1.831856369972229,-0.08320371806621552 | 2.7231929302215576,0.0074623660184443,-0.0010967333801090717 | 0,0
12740 | 424.66668881475925 | 161.57017517089844,191.67105102539062,0.17842818796634674 | 3.109797716140747,0.00030577066354453564,-5.00214118801523e-05 | 90.0 | -0.003168176393955946,-0.2169196605682373,-0.10271958261728287 | 2.295548677444458,-0.006013206671923399,0.00035585204022936523 | 0,0
12750 | 425.0000221654773 | 162.79690551757812,191.6712188720703,0.18174102902412415 | 3.0253007411956787,-0.0016136441845446825,0.00014789022679906338 | 90.0 | 0.005264111794531345,3.423954486846924,-0.08974803984165192 | -5.834261894226074,-0.004679483361542225,0.0005949932965449989 | 0,0
12760 | 425.3333555161953 | 163.59608459472656,191.67083740234375,0.1861334890127182 | 2.737283229827881,-0.002291192766278982,8.600708497397136e-06 | 90.0 | -0.00020607600163202733,-1.0696085691452026,-0.0754966288805008 | 1.463413119316101,-0.0037804616149514914,0.0004559710214380175 | 0,0
12770 | 425.6666888669133 | 164.73876953125,191.669921875,0.18086783587932587 | 3.4616289138793945,-0.004401030018925667,-4.5997581764822826e-05 | 90.1 | -0.003522471059113741,-0.9131741523742676,-0.08810030668973923 | 2.1202681064605713,-0.007223803084343672,-0.00018250294669996947 | 0,0
12780 | 426.00002221763134 | 165.87875366210938,191.66856384277344,0.17925018072128296 | 4.084830284118652,-0.006598735228180885,-2.862453220586758e-05 | 90.1 | -0.0015901870792731643,-0.1852148175239563,-0.09099167585372925 | 1.9874523878097534,-0.00636925408616662,0.00016591163876000792 | 0,0
12790 | 426.33335556834936 | 167.3317108154297,191.6663055419922,0.17993347346782684 | 4.538671970367432,-0.008477165363729,3.539448880474083e-05 | 90.1 | 0.00606883130967617,0.5303277969360352,-0.06873829662799835 | 0.7192468047142029,-0.0010666529415175319,0.00014703199849464 | 0,0
12800 | 426.6666889190674 | 168.86041259765625,191.66346740722656,0.18226858973503113 | 4.604451656341553,-0.00992793869227171,2.6145389711018652e-05 | 90.1 | 0.005747147370129824,0.5809084177017212,-0.05523651838302612 | -0.07258414477109909,-0.0013460776535794139,-0.00013215727813076228 | 0,0
