Simulation Frame | Timestamp | Position | Velocity | Heading | Angular Velocity | Acceleration | Stopped at Red Light + Light ID 
4410 | 147.00000766664743 | 136.2702178955078,225.52658081054688,0.1960899382829666 | -0.09245908260345459,-4.977261066436768,1.411202788403898e-06 | 181.1 | 0.0006801377166993916,0.02852426841855049,-1.9132142066955566 | 0.05832507833838463,-0.03603458032011986,1.7163276424980722e-05 | 0,0
4420 | 147.33334101736546 | 136.2399444580078,223.8656768798828,0.1960902363061905 | -0.10897254943847656,-4.987497806549072,-5.339686026673007e-07 | 181.3 | 0.00013163170660845935,0.015141521580517292,-1.0293924808502197 | 0.043281685560941696,-0.03168582543730736,-2.86054591924767e-06 | 0,0
4430 | 147.66667436808348 | 136.20518493652344,222.20147705078125,0.19608977437019348 | -0.1138080283999443,-4.997183322906494,2.479139880051662e-07 | 181.3 | 2.7708063498721458e-05,0.005467678420245647,-0.5037669539451599 | 0.033071186393499374,-0.0305557232350111,3.0893894290784374e-05 | 0,0
4440 | 148.0000077188015 | 136.1676788330078,220.53536987304688,0.19655822217464447 | -0.12152352184057236,-4.9839091300964355,-0.011308577843010426 | 181.4 | -0.009098161943256855,-0.0068885283544659615,-0.35248613357543945 | -0.06071246787905693,-0.07421492785215378,-0.3113349676132202 | 0,0
4450 | 148.33334106951952 | 136.1270294189453,218.86636352539062,0.19681742787361145 | -0.1238793432712555,-5.023752212524414,-0.00010921564535237849 | 181.4 | 0.0045041232369840145,0.01619410328567028,-0.32198742032051086 | 0.11301978677511215,-0.07574557512998581,-0.0158840399235487 | 0,0
4460 | 148.66667442023754 | 136.08712768554688,217.19610595703125,0.19670745730400085 | -0.11365938186645508,-5.032265663146973,2.112989932356868e-05 | 181.3 | 0.006923243869096041,0.010181598365306854,-0.13271264731884003 | 0.1060534194111824,-0.10215281695127487,-0.010383209213614464 | 0,0
4470 | 149.00000777095556 | 136.05172729492188,215.5263214111328,0.19630691409111023 | -0.09126100689172745,-5.012407302856445,0.005676143802702427 | 181.0 | 0.008144470863044262,0.0001986006391234696,0.47688671946525574 | 0.04281386360526085,-0.3706454932689667,0.42193251848220825 | 0,0
4480 | 149.33334112167358 | 136.02389526367188,213.84909057617188,0.19631610810756683 | -0.06292068213224411,-5.009561061859131,0.004984349012374878 | 180.7 | -0.011672080494463444,0.006570903118699789,0.7549375295639038 | 0.0641041174530983,-0.48605915904045105,0.5349910259246826 | 0,0
4490 | 149.6666744723916 | 136.0059051513672,212.17169189453125,0.19606974720954895 | -0.03179549053311348,-5.008742809295654,-0.008397533558309078 | 180.4 | -0.007034823298454285,0.005627692677080631,0.8607367277145386 | 0.08283890038728714,-0.5842780470848083,0.13194897770881653 | 1,6
4500 | 150.00000782310963 | 136.00021362304688,210.57382202148438,0.19532138109207153 | 0.004323500208556652,-4.057154655456543,-0.0009484807960689068 | 179.9 | -0.3296583890914917,-0.020722566172480583,0.8290014266967773 | -0.16580532491207123,7.342414379119873,0.03613327071070671 | 1,6
4510 | 150.33334117382765 | 136.0066375732422,209.69735717773438,0.19440539181232452 | 0.016712268814444542,-1.3162095546722412,0.0006885906914249063 | 179.3 | -0.1709248423576355,-0.01730244792997837,0.4953925311565399 | -0.05011483654379845,8.068796157836914,-0.0023113200441002846 | 1,6
4520 | 150.66667452454567 | 136.0072784423828,209.64208984375,0.19486583769321442 | -1.7188739320772584e-06,0.00022066786186769605,0.00016936339670792222 | 0 | 0.39383986592292786,0.0050686439499258995,-1.7436856069252826e-05 | -1.4427026144403499e-05,2.2848542357678525e-05,-0.0008249813690781593 | 1,6
4530 | 151.0000078752637 | 136.0072784423828,209.64251708984375,0.19567272067070007 | -1.2075732911398518e-06,7.621943223057315e-05,3.253394606872462e-05 | 0 | 0.1282009482383728,0.001647822791710496,2.1939687940175645e-05 | 5.4516608543053735e-06,6.5487979554745834e-06,-8.009518751350697e-06 | 1,6
4540 | 151.3333412259817 | 136.0072784423828,209.64266967773438,0.19595931470394135 | -3.361375888744078e-07,1.5150465515034739e-05,6.5411154537287075e-06 | 0 | 0.02518107183277607,0.0003897807328030467,3.701570221892325e-06 | -1.5271904203473241e-06,7.945784454932436e-05,4.691295180236921e-05 | 1,6
4550 | 151.66667457669973 | 136.00726318359375,209.64271545410156,0.1960398107767105 | 0.0,0.0,0.0 | 0 | 0.0,0.0,0.0 | 3.472013759164838e-06,-0.0002755406603682786,-0.0001012633292702958 | 1,6
4560 | 152.00000792741776 | 136.00726318359375,209.64273071289062,0.19606174528598785 | -4.8886395376257497e-08,2.3609379695699317e-06,1.2395699968692497e-06 | 0 | 0.0038378743920475245,5.051475091022439e-05,6.749122576366062e-07 | -1.4547708815371152e-06,-8.760697710386012e-06,1.7163276424980722e-05 | 1,6
4570 | 152.33334127813578 | 136.00726318359375,209.64273071289062,0.19606700539588928 | -2.0317827420512913e-08,6.498188440673403e-07,5.339686026673007e-07 | 0 | 0.0010602886322885752,5.649111699312925e-05,1.777432458993644e-07 | -8.410298164562846e-07,-1.441838321625255e-06,-6.293200385698583e-06 | 1,6
4580 | 152.6666746288538 | 136.00726318359375,209.64273071289062,0.19606913626194 | 4.671067976858012e-09,1.6154113779975887e-07,4.386170644465892e-07 | 0 | 0.0002649197122082114,-2.4574708731961437e-05,4.177462287202616e-08 | -4.332564174092113e-07,9.184801541550769e-08,1.1442186860222137e-06 | 1,6
4590 | 153.00000797957182 | 136.00726318359375,209.64273071289062,0.19606913626194 | 3.534384873660201e-08,3.503789969272475e-08,-5.7210922221884175e-08 | 0 | 5.858280201209709e-05,-1.4696569451189134e-05,6.032004229439281e-09 | 4.1689278873491276e-07,1.6756818865815148e-07,-8.009528755792417e-06 | 1,6
4600 | 153.33334133028984 | 136.00726318359375,209.64273071289062,0.19606913626194 | 0.0,0.0,0.0 | 0 | 0.0,0.0,0.0 | -3.805160702086141e-07,-5.451360607366951e-07,-2.116803989338223e-05 | 1,6
4610 | 153.66667468100786 | 136.00726318359375,209.64273071289062,0.19606913626194 | 1.853389441919262e-08,2.20022533525821e-09,8.581638439864037e-07 | 0 | 2.7341675377101637e-06,-2.331645919184666e-05,1.5614582959955214e-09 | 2.669326590876153e-07,-1.0359217839095436e-07,2.8605460101971403e-05 | 1,6
4620 | 154.00000803172588 | 136.00726318359375,209.64273071289062,0.19606913626194 | -2.4737962789345147e-09,2.967218692973006e-09,2.8605461466213455e-07 | 0 | 4.890565378445899e-06,2.0404063434398267e-06,7.598122686580666e-10 | -6.4637357688468455e-09,9.723281735318778e-09,1.1442186860222137e-06 | 1,6
4630 | 154.3333413824439 | 136.00726318359375,209.64273071289062,0.19606913626194 | -2.3386899083988055e-09,8.29580015793141e-11,1.9070306223056832e-07 | 0 | 1.5128372865547135e-07,1.7394247606716817e-06,2.1353299337056875e-11 | 1.3216853389508287e-08,2.805380816539582e-09,1.1442178902143496e-06 | 1,6
4640 | 154.66667473316193 | 136.00726318359375,209.64273071289062,0.19606913626194 | 9.590651606217193e-10,2.2805028698780205e-10,9.535153111528416e-08 | 0 | 3.793051348566223e-07,-8.70910128014657e-07,2.5344596213394688e-11 | 1.3214215499601778e-08,2.805369492264731e-09,1.1442182312748628e-06 | 1,6
4650 | 155.00000808387995 | 136.00726318359375,209.64273071289062,0.19606913626194 | 0.0,0.0,0.0 | 0 | 0.0,0.0,0.0 | 1.8200820761649084e-07,1.8869270590471388e-09,-1.3730620594287757e-05 | 1,6
4660 | 155.33334143459797 | 136.00726318359375,209.64273071289062,0.19606913626194 | -4.367972650243246e-09,-3.7789216200678766e-09,2.0977338976990723e-07 | 0 | -7.131131951609859e-06,1.2227994375280105e-05,6.447620215510597e-10 | -2.3538993332294922e-07,-1.3494796746726934e-07,-3.4326553759456147e-06 | 1,6
4670 | 155.666674785316 | 136.00726318359375,209.64273071289062,0.19606913626194 | 1.7314475408980456e-09,4.84404516498671e-10,2.6698430133365036e-07 | 0 | 7.964538326632464e-07,-1.4803215435676975e-06,8.497910014559906e-11 | 1.326675036494862e-08,2.805518040105426e-09,1.1442183449617005e-06 | 1,6
4680 | 156.000008136034 | 136.00726318359375,209.64273071289062,0.19606913626194 | -5.287043025603566e-10,1.9054936795104283e-10,1.9070306223056832e-07 | 0 | 3.0310221177387575e-07,8.718734534340911e-07,1.0757331136979076e-10 | -5.0398561768361105e-08,-2.8616420344462767e-09,1.1442178902143496e-06 | 1,6
4690 | 156.33334148675203 | 136.00726318359375,209.64273071289062,0.19606913626194 | 9.590651606217193e-10,2.2805028698780205e-10,9.535153111528416e-08 | 0 | 3.793051348566223e-07,-8.70910128014657e-07,2.534419896171869e-11 | 1.3214215499601778e-08,2.805369492264731e-09,1.1442182312748628e-06 | 1,6
4700 | 156.66667483747005 | 136.00726318359375,209.64273071289062,0.19606913626194 | 0.0,0.0,0.0 | 0 | 0.0,0.0,0.0 | -1.2746762934057188e-07,-2.5099032185949e-08,-1.2014292224193923e-05 | 1,6
4710 | 157.00000818818808 | 136.00726318359375,209.64273071289062,0.19606913626194 | 3.931404535251204e-09,8.129014683611047e-10,3.623358395543619e-07 | 0 | 1.3275806622914388e-06,-3.220860435249051e-06,1.4649326196547463e-10 | 1.688928286114333e-08,2.824565470405105e-09,1.1442178902143496e-06 | 1,6
4720 | 157.3333415389061 | 136.00726318359375,209.64273071289062,0.19606913626194 | 2.831311851636542e-09,5.791232493557175e-10,2.6698430133365036e-07 | 0 | 9.482835139351664e-07,-2.3504901491833152e-06,9.85840714617936e-11 | 1.3225307071706993e-08,2.80540235486626e-09,1.1442183449617005e-06 | 1,6
4730 | 157.66667488962412 | 136.00726318359375,209.64273071289062,0.19606913626194 | -1.0358441882019065e-09,-6.892243997747016e-10,0.0 | 0 | -1.1375749409126001e-06,8.713630563761399e-07,-1.4325905739465128e-10 | -6.646779571184425e-09,-4.184129487327937e-09,0.0 | 1,6
4740 | 158.00000824034214 | 136.00726318359375,209.64273071289062,0.19606913626194 | -4.819470378336632e-10,-3.4054684072692964e-10,0.0 | 0 | -5.687920747732278e-07,4.3581974296103e-07,-5.6918879332013006e-11 | -6.64386101689729e-09,-4.18411971736532e-09,0.0 | 1,6
4750 | 158.33334159106016 | 136.00726318359375,209.64273071289062,0.19606913626194 | 0.0,0.0,0.0 | 0 | 0.0,0.0,0.0 | -3.005817106327413e-08,-8.33584863357828e-08,-8.009528755792417e-06 | 1,6
4760 | 158.66667494177818 | 136.00726318359375,209.64273071289062,0.19606913626194 | -6.157297338660328e-09,1.1235101737838704e-10,3.432655262258777e-07 | 0 | 1.1384368008293677e-06,-2.995696604557452e-06,-7.409610702779901e-10 | -2.894411466058955e-07,-1.821111972333256e-08,5.721084903598239e-07 | 1,6
4770 | 159.0000082924962 | 136.00726318359375,209.64273071289062,0.19606913626194 | 1.7314414346714102e-09,5.650180878724598e-10,2.6698430133365036e-07 | 0 | 9.482957921136403e-07,-2.3545358089904767e-06,-5.170331385251359e-10 | 2.1931398919150524e-07,1.366422566206893e-07,5.148982381797396e-06 | 1,6
4780 | 159.33334164321423 | 136.00726318359375,209.64273071289062,0.19606913626194 | -2.7936712942988606e-09,-3.417742824862735e-11,1.7163276311293885e-07 | 0 | -3.833079631476721e-08,2.0001407392555848e-06,-1.212793476756957e-10 | 3.0227502634261327e-07,2.0307950876485847e-08,1.1442183449617005e-06 | 1,6
4790 | 159.66667499393225 | 136.00726318359375,209.64273071289062,0.19606913626194 | -5.385321633077922e-10,5.144954254299172e-11,9.535153111528416e-08 | 0 | 7.563424020418097e-08,8.720465984879411e-07,6.387965156839925e-11 | -3.1713703663172055e-08,-2.4926520847401434e-09,1.1442182312748628e-06 | 1,6
4800 | 160.00000834465027 | 136.00726318359375,209.64273071289062,0.19606913626194 | 0.0,0.0,0.0 | 0 | 0.0,0.0,0.0 | -5.418915538513147e-09,-1.722755271771348e-08,-1.258640259038657e-05 | 1,6
4810 | 160.3333416953683 | 136.00726318359375,209.64273071289062,0.19606913626194 | -4.367784800507479e-09,-3.778921175978667e-09,2.0977338976990723e-07 | 0 | -7.131131951609859e-06,1.2227986189827789e-05,6.45048237046808e-10 | -2.3580246022447682e-07,-1.3494940276359557e-07,-3.4326553759456147e-06 | 1,6
4820 | 160.6666750460863 | 136.00726318359375,209.64273071289062,0.19606913626194 | 8.03168642704577e-09,-4.197314995568746e-10,1.907030799941367e-08 | 0 | -1.669058519837563e-06,1.954258095793193e-06,6.770764504615556e-10 | 2.8199607982060115e-07,1.4360978184413398e-08,5.721092293242691e-07 | 1,6
4830 | 161.00000839680433 | 136.00726318359375,209.64273071289062,0.19606913626194 | 3.855346708547813e-09,-5.43287803633774e-10,9.535153111528416e-08 | 0 | -1.8593716504256008e-06,5.260576926957583e-06,6.879284919492079e-10 | 2.81984711136829e-07,1.4360946209990288e-08,5.721089451071748e-07 | 1,6
4840 | 161.33334174752235 | 136.00726318359375,209.64273071289062,0.19606913626194 | 9.590651606217193e-10,2.2805028698780205e-10,9.535153111528416e-08 | 0 | 3.793051348566223e-07,-8.70910128014657e-07,2.534380171004269e-11 | 1.3214217275958617e-08,2.805369492264731e-09,1.1442182312748628e-06 | 1,6
4850 | 161.66667509824038 | 136.00726318359375,209.64273071289062,0.19606913626194 | 0.0,0.0,0.0 | 0 | 0.0,0.0,0.0 | -1.278392431913744e-07,-2.510036267722171e-08,-1.2014292224193923e-05 | 1,6
4860 | 162.0000084489584 | 136.00726318359375,209.64273071289062,0.19606913626194 | 3.5879288429185863e-09,6.963651322244857e-10,3.432655262258777e-07 | 0 | 1.1379640909581212e-06,-2.959736093544052e-06,1.0418398088685166e-10 | 4.5797502679079116e-08,3.227086819990177e-09,1.1442178902143496e-06 | 1,6
4870 | 162.33334179967642 | 136.00726318359375,209.64273071289062,0.19606913626194 | 1.7314414346714102e-09,5.650180878724598e-10,2.6698430133365036e-07 | 0 | 9.482957921136403e-07,-2.3545358089904767e-06,-5.170254224751147e-10 | 2.1931398919150524e-07,1.366422566206893e-07,5.148982381797396e-06 | 1,6
4880 | 162.66667515039444 | 136.00726318359375,209.64273071289062,0.19606913626194 | 2.060744241916268e-09,4.6183273871847064e-10,1.9070306223056832e-07 | 0 | 7.58602368478023e-07,-1.7412900206181803e-06,7.562717813103248e-11 | 1.3220084582599156e-08,2.805389920368384e-09,1.1442178902143496e-06 | 1,6
4890 | 163.00000850111246 | 136.00726318359375,209.64273071289062,0.19606913626194 | 9.590651606217193e-10,2.2805028698780205e-10,9.535153111528416e-08 | 0 | 3.793051348566223e-07,-8.70910128014657e-07,2.5344745399613622e-11 | 1.3214215499601778e-08,2.805369492264731e-09,1.1442182312748628e-06 | 1,6
4900 | 163.33334185183048 | 136.00726318359375,209.64273071289062,0.19606913626194 | 0.0,0.0,0.0 | 0 | 0.0,0.0,0.0 | -9.489000518669855e-08,-2.4677341059486935e-08,-1.2014292224193923e-05 | 1,6
4910 | 163.6666752025485 | 136.00726318359375,209.64273071289062,0.19606913626194 | 1.3435373924508554e-09,5.416223580745338e-10,3.623358395543619e-07 | 0 | 8.720805908524198e-07,-6.07699291776953e-07,1.8081849906259606e-10 | -5.039857242650214e-08,-2.8616424785354866e-09,1.1442178902143496e-06 | 1,6
4920 | 164.00000855326653 | 136.00726318359375,209.64273071289062,0.19606913626194 | -1.5681004272849464e-09,2.0024851221656093e-10,2.6698430133365036e-07 | 0 | 3.409649025343242e-07,1.1302081475150771e-06,4.430994460236093e-11 | 1.322034037798403e-08,2.805389920368384e-09,1.1442183449617005e-06 | 1,6
4930 | 164.33334190398455 | 136.00726318359375,209.64273071289062,0.19606913626194 | -5.287044135826591e-10,1.9054936795104283e-10,1.9070306223056832e-07 | 0 | 3.0310221177387575e-07,8.718734534340911e-07,1.0756973090053634e-10 | -5.0398565321074784e-08,-2.8616420344462767e-09,1.1442178902143496e-06 | 1,6
4940 | 164.66667525470257 | 136.00726318359375,209.64273071289062,0.19606913626194 | 9.590651606217193e-10,2.2805028698780205e-10,9.535153111528416e-08 | 0 | 3.793051348566223e-07,-8.70910128014657e-07,2.5344596213394688e-11 | 1.3214215499601778e-08,2.805369492264731e-09,1.1442182312748628e-06 | 1,6
4950 | 165.0000086054206 | 136.00726318359375,209.64273071289062,0.19606913626194 | 0.0,0.0,0.0 | 0 | 0.0,0.0,0.0 | -1.2746772881655488e-07,-2.509903396230584e-08,-1.2014292224193923e-05 | 1,6
4960 | 165.3333419561386 | 136.00726318359375,209.64273071289062,0.19606913626194 | -1.566457963342316e-09,3.3931185638991224e-10,3.623358395543619e-07 | 0 | 5.684324264620955e-07,1.130008058680687e-06,8.072083279575537e-11 | 1.3633503215260134e-08,2.806835430746446e-09,1.1442178902143496e-06 | 1,6
4970 | 165.66667530685663 | 136.00726318359375,209.64273071289062,0.19606913626194 | -1.2369011370694238e-09,3.1674077249910226e-10,2.8605461466213455e-07 | 0 | 5.305809054334532e-07,8.690482218298712e-07,7.18081219486244e-11 | 1.295309459692362e-08,2.804220411434244e-09,1.1442186860222137e-06 | 1,6
4980 | 166.00000865757465 | 136.00726318359375,209.64273071289062,0.19606913626194 | 2.060744241916268e-09,4.6183273871847064e-10,1.9070306223056832e-07 | 0 | 7.58602368478023e-07,-1.7412900206181803e-06,7.562548504091993e-11 | 1.3220084582599156e-08,2.8053890321899644e-09,1.1442178902143496e-06 | 1,6
4990 | 166.33334200829268 | 136.00726318359375,209.64273071289062,0.19606913626194 | 9.590651606217193e-10,2.2805028698780205e-10,9.535153111528416e-08 | 0 | 3.793051348566223e-07,-8.70910128014657e-07,2.5343751403061887e-11 | 1.3214213723244939e-08,2.805369048175521e-09,1.1442182312748628e-06 | 1,6
5000 | 166.6666753590107 | 136.00726318359375,209.64273071289062,0.19606913626194 | 0.0,0.0,0.0 | 0 | 0.0,0.0,0.0 | 1.7482190628470562e-07,-4.083849702851694e-09,-1.1442182767495979e-05 | 1,6
5010 | 167.00000870972872 | 136.00726318359375,209.64273071289062,0.19606913626194 | -1.235191837700711e-09,4.5580428320590727e-10,3.8140612446113664e-07 | 0 | 7.580484862046433e-07,8.688462571626587e-07,1.0836054969987075e-10 | 1.3216860494935645e-08,2.805380816539582e-09,1.1442178902143496e-06 | 0,0
5020 | 167.33334206044674 | 136.00726318359375,209.64239501953125,0.19607482850551605 | -0.00030476145911961794,-0.01210428960621357,1.7163276311293885e-07 | 0 | 0.00503682903945446,-0.0015730789164081216,-0.007249715272337198 | 0.0034833920653909445,-0.31377848982810974,-2.1168038074392825e-05 | 0,0
5030 | 167.66667541116476 | 136.00930786132812,209.4818115234375,0.19650322198867798 | 0.008385214023292065,-0.9203620553016663,2.4600697088317247e-06 | 0 | 0.0985509529709816,-0.003741639433428645,0.20422430336475372 | 0.03234908729791641,-3.148333787918091,-4.691294452641159e-05 | 0,0
5040 | 168.00000876188278 | 136.0135955810547,208.9203643798828,0.19693809747695923 | 0.028264062479138374,-2.317348003387451,1.9642416191345546e-06 | 179.3 | 0.044003669172525406,0.007147667463868856,0.6381791234016418 | 0.11850350350141525,-3.4999964237213135,7.4374174801050685e-06 | 0,0
5050 | 168.3333421126008 | 136.0226593017578,207.97232055664062,0.19685329496860504 | 0.04364008828997612,-3.2869701385498047,-2.326577487110626e-06 | 179.2 | -0.04334765672683716,-0.003051284933462739,0.7066543698310852 | 0.002804137533530593,-2.6923725605010986,-2.9177568649174646e-05 | 0,0
5060 | 168.66667546331882 | 136.03684997558594,206.724365234375,0.19672931730747223 | 0.05453954264521599,-4.146700859069824,-1.8307495111002936e-06 | 179.2 | -0.021757937967777252,-0.008444719016551971,0.5046377778053284 | -0.08323463797569275,-2.4931952953338623,-1.7735384972183965e-05 | 0,0
5070 | 169.00000881403685 | 136.05404663085938,205.36154174804688,0.1959717571735382 | 0.04795575886964798,-3.3637077808380127,-9.611435416445602e-06 | 179.2 | -0.45078468322753906,-0.007526049390435219,0.25411367416381836 | -0.056563761085271835,7.2062225341796875,-5.206195783102885e-05 | 0,0
5080 | 169.33334216475487 | 136.0672149658203,204.37359619140625,0.19569900631904602 | 0.0446322038769722,-3.1078600883483887,5.473178134707268e-06 | 179.2 | 0.2279733121395111,0.006494041997939348,0.1687900871038437 | 0.07813665270805359,-2.1193954944610596,8.638847793918103e-05 | 0,0
5090 | 169.6666755154729 | 136.08311462402344,203.197998046875,0.19643710553646088 | 0.05347031354904175,-3.9211840629577637,3.3563742363185156e-06 | 179.2 | 0.11739855259656906,-3.170176569256e-05,0.07607667148113251 | -0.0018658115295693278,-2.499382257461548,-1.6591160601819865e-05 | 0,0
5100 | 170.0000088661909 | 136.10260009765625,201.76126098632812,0.19657893478870392 | 0.06281273066997528,-4.583674907684326,-5.339686026673007e-07 | 179.2 | -0.035174328833818436,0.00023037931532599032,0.039542391896247864 | 0.025107597932219505,-1.195907473564148,-9.725856216391549e-06 | 0,0
5110 | 170.33334221690893 | 136.1237335205078,200.20123291015625,0.19629158079624176 | 0.0634903535246849,-4.700246810913086,-2.8796164315281203e-06 | 179.2 | -0.08437970280647278,-0.0013591937022283673,-0.000302769331028685 | -0.005149840842932463,0.14960287511348724,1.7163255279228906e-06 | 0,0
5120 | 170.66667556762695 | 136.14462280273438,198.64964294433594,0.1960710883140564 | 0.06121024116873741,-4.614315509796143,-1.8498197960070684e-06 | 179.2 | -0.027240831404924393,-0.001657305401749909,-0.0250498466193676 | -0.01781858317553997,0.1982116550207138,-2.8033349735778756e-05 | 0,0
5130 | 171.00000891834497 | 136.15892028808594,197.11607360839844,0.19605769217014313 | -0.038402460515499115,-4.6019158363342285,-7.246716791087238e-07 | 180.5 | 0.00991523452103138,-0.0883709192276001,-2.176017999649048 | -0.6802393794059753,-0.06092547997832298,-2.4600694814580493e-05 | 0,0
5140 | 171.333342269063 | 136.07774353027344,195.585205078125,0.1960611343383789 | -0.7517442107200623,-4.540640354156494,-1.9642416191345546e-06 | 189.4 | -0.032713882625103,-0.3758927285671234,-15.6568021774292 | -4.986503601074219,1.0262917280197144,1.0870075129787438e-05 | 0,0
5150 | 171.66667561978102 | 135.75991821289062,194.09605407714844,0.196003258228302 | -1.6861763000488281,-4.2879486083984375,-6.293201408880122e-07 | 201.5 | -0.06644746661186218,-0.22827233374118805,-27.339567184448242 | -4.513388633728027,1.9070433378219604,3.37544443027582e-05 | 0,0
5160 | 172.00000897049904 | 135.21116638183594,192.6658477783203,0.19601291418075562 | -2.235889196395874,-4.092077732086182,8.200231604860164e-07 | 208.7 | -0.03733634576201439,-0.08945214748382568,-25.417781829833984 | -3.4079930782318115,1.9807718992233276,-2.1168038074392825e-05 | 0,0
5170 | 172.33334232121706 | 134.45388793945312,191.32644653320312,0.1959887593984604 | -2.803440809249878,-3.7371411323547363,1.6400463209720328e-06 | 216.9 | 0.09475450217723846,0.17970746755599976,-25.495019912719727 | 1.3473986387252808,-1.5119932889938354,8.924902795115486e-05 | 0,0
5180 | 172.66667567193508 | 133.48220825195312,190.14041137695312,0.1959574818611145 | -3.5094399452209473,-3.0846664905548096,-5.339686026673007e-07 | 228.7 | -0.011764660477638245,-0.010302407667040825,-30.301610946655273 | -1.6806648969650269,1.6871236562728882,4.691295180236921e-05 | 0,0
5190 | 173.0000090226531 | 132.30291748046875,189.1612091064453,0.19595317542552948 | -4.03212308883667,-2.4019875526428223,5.14898317760526e-07 | 239.2 | 0.007003133185207844,0.0023534968495368958,-30.730443954467773 | -1.0338877439498901,1.2678192853927612,-5.3778261644765735e-05 | 0,0
5200 | 173.33334237337112 | 130.96311950683594,188.40272521972656,0.19594386219978333 | -4.422522068023682,-1.5663866996765137,-1.9642416191345546e-06 | 250.5 | -0.12394292652606964,-0.062484968453645706,-32.55927276611328 | -1.0653733015060425,2.7769265174865723,-5.263404455035925e-05 | 0,0
5210 | 173.66667572408915 | 129.50047302246094,187.93258666992188,0.19592483341693878 | -4.67344856262207,-0.6242640614509583,-1.2395699968692497e-06 | 262.4 | -0.030589964240789413,-0.009532328695058823,-34.351104736328125 | -0.5046128630638123,2.945993423461914,-3.0321789381559938e-05 | 0,0
5220 | 174.00000907480717 | 127.95714569091797,187.66909790039062,0.1960171014070511 | -4.746726989746094,-0.4130539298057556,2.44099942392495e-06 | 265.0 | 0.09052842855453491,0.009190283715724945,-20.405078887939453 | -0.03333091363310814,0.3856309950351715,-1.4302726413006894e-05 | 0,0
5230 | 174.3333424255252 | 126.3868637084961,187.523193359375,0.1960383504629135 | -4.748923301696777,-0.1621299535036087,2.974967856061994e-06 | 268.0 | 0.12476137280464172,0.00772434426471591,-13.76495361328125 | -0.02883910946547985,-0.5561394691467285,9.954699635272846e-05 | 0,0
5240 | 174.6666757762432 | 124.80675506591797,187.4562530517578,0.19606651365756989 | -4.758488178253174,-0.026386866346001625,5.530388875740755e-07 | 269.7 | 0.055513571947813034,-0.0024865202140063047,-8.639565467834473 | -0.0393676720559597,0.34277740120887756,-2.974967719637789e-05 | 0,0
5250 | 175.00000912696123 | 123.2196273803711,187.43565368652344,0.19608283042907715 | -4.771721839904785,0.048792582005262375,-1.1442184444376835e-07 | 270.6 | 0.03719955310225487,-0.0016266676830127835,-5.352334499359131 | -0.048079486936330795,-0.11064413189888,-2.4028584448387846e-05 | 0,0
5260 | 175.33334247767925 | 121.62724304199219,187.44346618652344,0.19608859717845917 | -4.783791542053223,0.076495461165905,9.153747555501468e-07 | 270.9 | 0.029475165531039238,-0.0004422538331709802,-2.8787076473236084 | -0.03577708825469017,-0.046075429767370224,-6.865310751891229e-06 | 0,0
5270 | 175.66667582839727 | 120.03081512451172,187.46450805664062,0.19608940184116364 | -4.794533729553223,0.09305835515260696,1.0488669204278267e-06 | 271.1 | 0.018710821866989136,-0.0002690108376555145,-1.5776783227920532 | -0.03883838281035423,-0.21860337257385254,1.9451712432783097e-05 | 0,0
5280 | 176.0000091791153 | 118.43071746826172,187.49313354492188,0.19608977437019348 | -4.805361747741699,0.10799863934516907,4.767576911035576e-07 | 271.3 | -0.0035829818807542324,-1.4904362615197897e-05,-0.979786217212677 | -0.03271579369902611,0.06973519176244736,-2.4028584448387846e-05 | 0,0
5290 | 176.33334252983332 | 116.8269271850586,187.52601623535156,0.19609011709690094 | -4.816615581512451,0.10937859117984772,-1.5256246399530937e-07 | 271.3 | 5.241700273472816e-05,-5.950476770522073e-05,-0.5025067329406738 | -0.03303050622344017,0.05172058567404747,-1.3730621503782459e-05 | 0,0
5300 | 176.66667588055134 | 115.21946716308594,187.5614776611328,0.196089968085289 | -4.827356338500977,0.11436113715171814,7.628122489222733e-07 | 271.4 | -0.0011331781279295683,6.844106246717274e-05,-0.3341218829154968 | -0.032587047666311264,0.026623381301760674,3.833131631836295e-05 | 0,0
5310 | 177.00000923126936 | 113.60816955566406,187.59974670410156,0.1960907280445099 | -4.839930057525635,0.12055141478776932,4.1954677953981445e-07 | 271.4 | 0.0026481072418391705,-0.0004139664815738797,-0.26133063435554504 | -0.04078387841582298,-0.007032304536551237,6.293201295193285e-06 | 0,0
5320 | 177.33334258198738 | 111.99244689941406,187.63832092285156,0.19609180092811584 | -4.8536481857299805,0.11131113767623901,-9.7258566711389e-07 | 271.3 | 0.005292858928442001,-0.00018073429237119853,0.07629802078008652 | -0.04068374261260033,-0.08362992852926254,-4.061975050717592e-05 | 0,0
5330 | 177.6666759327054 | 110.37242889404297,187.67233276367188,0.19609111547470093 | -4.865950107574463,0.08324819058179855,6.674607675449806e-07 | 271.0 | 0.009502429515123367,3.772654599742964e-05,0.6019974946975708 | -0.03667831048369408,-0.15001951158046722,4.519662616075948e-05 | 0,0
5340 | 178.00000928342342 | 108.74834442138672,187.6971435546875,0.19609104096889496 | -4.878248691558838,0.04558320716023445,7.628123199765469e-08 | 270.5 | 0.008164113387465477,-0.0001365296047879383,1.0305490493774414 | -0.03810882195830345,-0.19673599302768707,-3.4326546938245883e-06 | 0,0
5350 | 178.33334263414145 | 107.12006378173828,187.71107482910156,0.19609138369560242 | -4.89086389541626,0.01591438427567482,-1.907030799941367e-08 | 270.2 | -0.004150121007114649,-5.319344381859992e-06,1.0573874711990356 | -0.03690719231963158,-0.0002476572699379176,1.2586401680891868e-05 | 0,0
5360 | 178.66667598485947 | 105.48762512207031,187.71588134765625,0.1960914134979248 | -4.903297424316406,-0.008547957986593246,-7.05601394201949e-07 | 269.9 | -0.001985222566872835,-3.628242848208174e-05,0.9460186958312988 | -0.03737926110625267,-0.07147467881441116,-6.0643578763119876e-05 | 0,0
5370 | 179.0000093355775 | 103.85105895996094,187.7127227783203,0.19609126448631287 | -4.915097236633301,-0.02886035293340683,-3.814061599882734e-08 | 269.7 | 0.003640499897301197,0.00011510745389387012,0.8039824366569519 | -0.03280162438750267,-0.16885767877101898,1.9451712432783097e-05 | 0,0
5380 | 179.3333426862955 | 102.21076202392578,187.7046661376953,0.19609065353870392 | -4.9261040687561035,-0.03563794866204262,-7.437419640154985e-07 | 269.6 | 0.0028041014447808266,0.00010155550990020856,0.5022798776626587 | -0.03238677605986595,-0.1200600266456604,-5.1489827455952764e-05 | 0,0
5390 | 179.66667603701353 | 100.56676483154297,187.69422912597656,0.19609053432941437 | -4.9372382164001465,-0.03500814363360405,3.0512492799061874e-07 | 269.6 | -0.0039510116912424564,-2.9948792871437036e-05,0.21913652122020721 | -0.03363132104277611,0.055415887385606766,-9.153747669188306e-06 | 0,0
5400 | 180.00000938773155 | 98.91899871826172,187.68310546875,0.19609057903289795 | -4.948640823364258,-0.03550906479358673,-2.479139880051662e-07 | 269.6 | 0.002846665447577834,-3.053749605896883e-05,0.09363143146038055 | -0.03344535455107689,-0.06461943686008453,5.949935439275578e-05 | 0,0
14130 | 471.0000245645642 | 98.86070251464844,191.56800842285156,0.19655807316303253 | 4.948886871337891,0.008887979201972485,-3.6176374123897403e-05 | 89.9 | 0.0009679559152573347,-0.10768967866897583,0.014231028966605663 | -2.5477263927459717,-0.010029281489551067,-0.0011568048503249884 | 0,0
14140 | 471.33335791528225 | 100.19485473632812,191.57061767578125,0.19473960995674133 | 2.807265281677246,0.005821132101118565,0.0010360325686633587 | 89.9 | 0.001984754577279091,-0.3167092502117157,0.0027737782802432775 | -8.3143892288208,-0.02295185625553131,0.0020464344415813684 | 0,0
14150 | 471.66669126600027 | 100.68882751464844,191.57151794433594,0.19454242289066315 | 0.9244433641433716,0.0016375536797568202,0.00038592578493990004 | 0 | 0.009259083308279514,0.34217000007629395,0.35270988941192627 | 2.877060651779175,-0.00024293547903653234,-0.0017088900785893202 | 0,0
14160 | 472.0000246167183 | 101.20233917236328,191.572509765625,0.19628959894180298 | 2.164574146270752,0.00557174626737833,7.786406786181033e-05 | 89.9 | -0.0016895218286663294,0.3305537700653076,0.02398258075118065 | 3.8648698329925537,0.008831996470689774,-0.0005046001169830561 | 0,0
14170 | 472.3333579674363 | 102.10733032226562,191.57479858398438,0.19678542017936707 | 3.1686851978302,0.008529869839549065,8.924903340812307e-06 | 89.8 | -0.00015730891027487814,0.01227064523845911,0.028154324740171432 | 2.7256391048431396,0.005361567717045546,-0.00012185927334940061 | 0,0
14180 | 472.66669131815434 | 103.01084899902344,191.5771484375,0.19566284120082855 | 1.7303870916366577,0.004696839954704046,-1.2357559171505272e-05 | 89.8 | 0.0019189115846529603,-0.45715516805648804,-0.006589025724679232 | -7.442883014678955,-0.0197759959846735,-6.522045441670343e-05 | 0,0
14190 | 473.00002466887236 | 103.39885711669922,191.57814025878906,0.19558852910995483 | 1.4773061275482178,0.004137023817747831,1.0889145414694212e-05 | 89.8 | -0.0015710931038483977,0.37456014752388,0.001384362461976707 | 3.2157323360443115,0.0074300398118793964,8.524427539668977e-05 | 0,0
14200 | 473.3333580195904 | 104.1122055053711,191.58009338378906,0.19665953516960144 | 2.679608106613159,0.007660135626792908,6.121568731032312e-06 | 89.8 | -0.0006735231727361679,0.12052177637815475,0.01727714017033577 | 2.9766151905059814,0.009560076519846916,1.3730631508224178e-05 | 0,0
14210 | 473.6666913703084 | 105.14471435546875,191.58302307128906,0.196618914604187 | 3.136223793029785,0.009083116427063942,-3.41358509103884e-06 | 89.8 | 0.0009539226302877069,-0.2406417429447174,0.0003430840151850134 | -3.664140462875366,-0.010659712366759777,-8.352794247912243e-05 | 0,0
14220 | 474.0000247210264 | 105.78981018066406,191.5849151611328,0.194939985871315 | 0.27558207511901855,0.0008177519193850458,-1.8955885025206953e-05 | 0 | 0.0024155748542398214,-0.6408270597457886,-0.012315284460783005 | -15.859457015991211,-0.045233502984046936,-9.268168651033193e-05 | 0,0
14230 | 474.33335807174444 | 105.79286193847656,191.58493041992188,0.1952725499868393 | -0.00016934015729930252,1.8997765209860518e-06,1.0851003935385961e-05 | 0 | -0.0012151998234912753,0.29303139448165894,9.879424396785907e-06 | 0.0001809172536013648,1.0625023605825845e-05,-2.2884394638822414e-05 | 0,0
14240 | 474.66669142246246 | 105.79257202148438,191.58493041992188,0.19579802453517914 | -6.354349898174405e-05,-3.822046892310027e-07,6.121568731032312e-06 | 0 | -0.00042236127774231136,0.1055537685751915,8.089046446002612e-07 | 0.00011577830446185544,-6.675065122863089e-08,3.8331312680384144e-05 | 0,0
14250 | 475.0000247731805 | 105.79246520996094,191.58493041992188,0.19598937034606934 | -1.536658965051174e-05,-4.315044321856476e-08,2.803335064527346e-06 | 0 | -5.820859223604202e-05,0.025272192433476448,5.692790594480357e-08 | -8.94615277502453e-06,2.0918612335663056e-06,0.0 | 0,0
14260 | 475.3333581238985 | 105.79242706298828,191.58493041992188,0.1960478574037552 | -2.7309781671647215e-06,-1.5577926726351166e-09,-1.487483928030997e-06 | 0 | 2.466381738486234e-05,0.004524733871221542,-1.3442995161483395e-08 | -2.0512292394414544e-05,-1.0100851568495273e-06,1.3730621503782459e-05 | 0,0
14270 | 475.6666914746165 | 105.79242706298828,191.58493041992188,0.1960647851228714 | -1.6510048226336949e-06,-8.18987544448646e-09,8.96304470643372e-07 | 0 | -3.668859790195711e-05,0.0026754108257591724,1.1367174757026532e-08 | 7.480663953174371e-06,-1.6883161890746123e-07,1.144218367699068e-05 | 0,0
14280 | 476.00002482533455 | 105.79241943359375,191.58493041992188,0.19606830179691315 | -4.799254043064138e-07,1.4264605496805416e-08,5.530388875740755e-07 | 0 | -1.0770929293357767e-05,0.0007786818314343691,1.3578678181858095e-09 | 1.7139687997769215e-06,9.237180051968608e-07,-6.865310751891229e-06 | 0,0
14290 | 476.33335817605257 | 105.79241943359375,191.58493041992188,0.19606932997703552 | -1.360873653766248e-07,3.921145186325248e-09,4.767576911035576e-07 | 0 | 6.306451268756064e-06,0.00022432257537730038,-1.5718905066464117e-09 | 1.4037793505394802e-07,7.217875008791452e-07,9.153747669188306e-06 | 0,0
14300 | 476.6666915267706 | 105.79241943359375,191.58493041992188,0.19606932997703552 | -2.7978559913321988e-08,-3.074486798482212e-08,7.818825906724669e-07 | 0 | -3.531486800056882e-05,4.5878132368670776e-05,1.4413255033929318e-09 | 1.193957359646447e-07,-1.0740583320512087e-06,3.6614987038774416e-05 | 0,0
14310 | 477.0000248774886 | 105.79241943359375,191.58493041992188,0.19606932997703552 | -6.049750034264889e-09,-5.756076948415512e-09,5.7210922221884175e-08 | 0 | -5.778273134637857e-06,1.0187053703702986e-05,1.5262408004090844e-10 | -1.078986642255586e-07,-4.0931985267889104e-07,0.0 | 0,0
14320 | 477.33335822820663 | 105.79241943359375,191.58493041992188,0.19606932997703552 | -8.967481202049044e-10,-9.3577883220064e-09,8.200231604860164e-07 | 0 | -1.73536354850512e-05,6.069557230148348e-07,6.064871937994099e-10 | 1.0563890384673869e-07,-4.0811357848724583e-07,-2.288439191033831e-06 | 0,0
14330 | 477.66669157892466 | 105.79241943359375,191.58493041992188,0.19606932997703552 | 2.5782969093057773e-09,-3.8959171888564015e-08,9.344450404569216e-07 | 0 | -8.689761671121232e-06,-4.985864961781772e-06,5.28773524965942e-10 | 1.2761032053276722e-07,4.6321545710270584e-07,1.3730619684793055e-05 | 0,0
14340 | 478.0000249296427 | 105.79241943359375,191.58493041992188,0.19606932997703552 | -9.345775264790745e-10,6.380871386824083e-10,9.535153111528416e-08 | 0 | 9.740891755427583e-07,1.518623889751325e-06,-3.4526510123145115e-11 | 2.2304789126792457e-09,3.0798499750517294e-08,1.1442182312748628e-06 | 0,0
14350 | 478.3333582803607 | 105.79241943359375,191.58493041992188,0.19606932997703552 | -4.0872213946663294e-10,7.40304539892378e-10,9.535153111528416e-08 | 0 | 3.973364925968781e-07,6.83279267832404e-07,-7.119571859143248e-12 | -5.0952513319657555e-09,2.1901895852494135e-09,5.721089451071748e-07 | 0,0
14360 | 478.6666916310787 | 105.79241943359375,191.58493041992188,0.19606932997703552 | -3.573076279295151e-10,-1.2825703832319846e-09,1.907030799941367e-08 | 0 | -1.2130184359193663e-06,6.040398261575319e-07,2.549453009814684e-11 | -5.509322775765213e-09,-2.284990863188341e-08,0.0 | 0,0
14370 | 479.00002498179674 | 105.79241943359375,191.58493041992188,0.19606932997703552 | -9.549564611299743e-11,1.100684432486787e-09,5.7210922221884175e-08 | 0 | 8.714090427019983e-07,1.5350362048138777e-07,-1.2569596405387351e-11 | 4.163336077646541e-16,-4.896082996495854e-13,0.0 | 0,0
14380 | 479.33335833251476 | 105.79241943359375,191.58493041992188,0.19606932997703552 | 2.1416251336457681e-16,-1.5090709172722871e-13,1.907030799941367e-08 | 0 | -1.2373012336919231e-10,7.773574066765907e-17,1.6996973930584209e-15 | 7.145263952385082e-16,-4.935293168063792e-13,0.0 | 0,0
14390 | 479.6666916832328 | 105.79241943359375,191.58493041992188,0.19606932997703552 | 1.5461583247480348e-16,-1.0977968480010286e-13,1.907030799941367e-08 | 0 | -9.116127991370959e-11,7.767327860524396e-17,1.2303865066544406e-15 | 7.145569413641686e-16,-4.935289373356189e-13,0.0 | 0,0
14400 | 480.0000250339508 | 105.79241943359375,191.58493041992188,0.19606932997703552 | 9.506901261868724e-17,-6.865229142550416e-14,1.907030799941367e-08 | 0 | -5.859243645822687e-11,7.761079669049416e-17,7.6102712761423e-16 | 7.145543473257676e-16,-4.935287204951844e-13,0.0 | 0,0
14410 | 480.3333583846688 | 105.79241943359375,191.58493041992188,0.19606932997703552 | 3.552259973543238e-17,-2.7526361723838322e-14,1.907030799941367e-08 | 0 | -2.6023624227766717e-11,7.746614596241579e-17,2.9033308934694265e-16 | 7.117580798086443e-16,-4.910023125928586e-13,0.0 | 0,0
14420 | 480.66669173538685 | 105.79241943359375,191.58493041992188,0.19606932997703552 | 2.737097236499422e-16,-1.920344579967731e-13,1.907030799941367e-08 | 0 | -1.5629897376356894e-10,7.779846742787019e-17,2.1691598983599597e-15 | 7.145283540021987e-16,-4.935285036547499e-13,0.0 | 0,0
14430 | 481.00002508610487 | 105.79241943359375,191.58493041992188,0.19606932997703552 | 2.1416251336457681e-16,-1.5090709172722871e-13,1.907030799941367e-08 | 0 | -1.2373012336919231e-10,7.773574066765907e-17,1.6996973930584209e-15 | 7.145263952385082e-16,-4.935293168063792e-13,0.0 | 0,0
14440 | 481.3333584368229 | 105.79241943359375,191.58493041992188,0.19606932997703552 | 1.5461583247480348e-16,-1.0977968480010286e-13,1.907030799941367e-08 | 0 | -9.116127991370959e-11,7.767327860524396e-17,1.2303865066544406e-15 | 7.145569413641686e-16,-4.935289373356189e-13,0.0 | 0,0
14450 | 481.6666917875409 | 105.79241943359375,191.58493041992188,0.19606932997703552 | 9.506901261868724e-17,-6.865229142550416e-14,1.907030799941367e-08 | 0 | -5.859243645822687e-11,7.761079669049416e-17,7.6102712761423e-16 | 7.145543473257676e-16,-4.935287204951844e-13,0.0 | 0,0
14460 | 482.00002513825893 | 105.79241943359375,191.58493041992188,0.19606932997703552 | 3.552259973543238e-17,-2.7526361723838322e-14,1.907030799941367e-08 | 0 | -2.6023624227766717e-11,7.746614596241579e-17,2.9033308934694265e-16 | 7.117580798086443e-16,-4.910023125928586e-13,0.0 | 0,0
14470 | 482.33335848897696 | 105.79241943359375,191.58493041992188,0.19606932997703552 | 2.737097236499422e-16,-1.920344579967731e-13,1.907030799941367e-08 | 0 | -1.5629897376356894e-10,7.779846742787019e-17,2.1691598983599597e-15 | 7.145283540021987e-16,-4.935285036547499e-13,0.0 | 0,0
14480 | 482.666691839695 | 105.79241943359375,191.58493041992188,0.19606932997703552 | 2.1416251336457681e-16,-1.5090709172722871e-13,1.907030799941367e-08 | 0 | -1.2373012336919231e-10,7.773574066765907e-17,1.6996973930584209e-15 | 7.145263952385082e-16,-4.935293168063792e-13,0.0 | 0,0
14490 | 483.000025190413 | 105.79241943359375,191.58493041992188,0.19606932997703552 | 1.5461583247480348e-16,-1.0977968480010286e-13,1.907030799941367e-08 | 0 | -9.116127991370959e-11,7.767327860524396e-17,1.2303865066544406e-15 | 7.145569413641686e-16,-4.935289373356189e-13,0.0 | 0,0
14500 | 483.333358541131 | 105.79241943359375,191.58493041992188,0.19606932997703552 | 9.506901261868724e-17,-6.865229142550416e-14,1.907030799941367e-08 | 0 | -5.859243645822687e-11,7.761079669049416e-17,7.6102712761423e-16 | 7.145543473257676e-16,-4.935287204951844e-13,0.0 | 0,0
14510 | 483.66669189184904 | 105.79241943359375,191.58493041992188,0.19606932997703552 | 3.552259973543238e-17,-2.7526361723838322e-14,1.907030799941367e-08 | 0 | -2.6023624227766717e-11,7.746614596241579e-17,2.9033308934694265e-16 | 7.117580798086443e-16,-4.910023125928586e-13,0.0 | 0,0
14520 | 484.00002524256706 | 105.79241943359375,191.58493041992188,0.19606932997703552 | 2.737097236499422e-16,-1.920344579967731e-13,1.907030799941367e-08 | 0 | -1.5629897376356894e-10,7.779846742787019e-17,2.1691598983599597e-15 | 7.145283540021987e-16,-4.935285036547499e-13,0.0 | 0,0
14530 | 484.3333585932851 | 105.79241943359375,191.58493041992188,0.19606932997703552 | 2.1416251336457681e-16,-1.5090709172722871e-13,1.907030799941367e-08 | 0 | -1.2373012336919231e-10,7.773574066765907e-17,1.6996973930584209e-15 | 7.145263952385082e-16,-4.935293168063792e-13,0.0 | 0,0
14540 | 484.6666919440031 | 105.79241943359375,191.58493041992188,0.19606932997703552 | 1.5461583247480348e-16,-1.0977968480010286e-13,1.907030799941367e-08 | 0 | -9.116127991370959e-11,7.767327860524396e-17,1.2303865066544406e-15 | 7.145569413641686e-16,-4.935289373356189e-13,0.0 | 0,0
14550 | 485.0000252947211 | 105.79241943359375,191.58493041992188,0.19606932997703552 | 9.506901261868724e-17,-6.865229142550416e-14,1.907030799941367e-08 | 0 | -5.859243645822687e-11,7.761079669049416e-17,7.6102712761423e-16 | 7.145543473257676e-16,-4.935287204951844e-13,0.0 | 0,0
14560 | 485.33335864543915 | 105.79241943359375,191.58493041992188,0.19606932997703552 | 3.552259973543238e-17,-2.7526361723838322e-14,1.907030799941367e-08 | 0 | -2.6023624227766717e-11,7.746614596241579e-17,2.9033308934694265e-16 | 7.117580798086443e-16,-4.910023125928586e-13,0.0 | 0,0
14570 | 485.66669199615717 | 105.79241943359375,191.58493041992188,0.19606932997703552 | 2.737097236499422e-16,-1.920344579967731e-13,1.907030799941367e-08 | 0 | -1.5629897376356894e-10,7.779846742787019e-17,2.1691598983599597e-15 | 7.145283540021987e-16,-4.935285036547499e-13,0.0 | 0,0
14580 | 486.0000253468752 | 105.79241943359375,191.58493041992188,0.19606932997703552 | 2.1416251336457681e-16,-1.5090709172722871e-13,1.907030799941367e-08 | 0 | -1.2373012336919231e-10,7.773574066765907e-17,1.6996973930584209e-15 | 7.145263952385082e-16,-4.935293168063792e-13,0.0 | 0,0
14590 | 486.3333586975932 | 105.79241943359375,191.58493041992188,0.19606932997703552 | 1.5461583247480348e-16,-1.0977968480010286e-13,1.907030799941367e-08 | 0 | -9.116127991370959e-11,7.767327860524396e-17,1.2303865066544406e-15 | 7.145569413641686e-16,-4.935289373356189e-13,0.0 | 0,0
14600 | 486.66669204831123 | 105.79241943359375,191.58493041992188,0.19606932997703552 | 9.506901261868724e-17,-6.865229142550416e-14,1.907030799941367e-08 | 0 | -5.859243645822687e-11,7.761079669049416e-17,7.6102712761423e-16 | 7.145543473257676e-16,-4.935287204951844e-13,0.0 | 0,0
14610 | 487.00002539902925 | 105.79241943359375,191.58493041992188,0.19606932997703552 | 3.552259973543238e-17,-2.7526361723838322e-14,1.907030799941367e-08 | 0 | -2.6023624227766717e-11,7.746614596241579e-17,2.9033308934694265e-16 | 7.117580798086443e-16,-4.910023125928586e-13,0.0 | 0,0
14620 | 487.3333587497473 | 105.79241943359375,191.58493041992188,0.19606932997703552 | 2.737097236499422e-16,-1.920344579967731e-13,1.907030799941367e-08 | 0 | -1.5629897376356894e-10,7.779846742787019e-17,2.1691598983599597e-15 | 7.145283540021987e-16,-4.935285036547499e-13,0.0 | 0,0
14630 | 487.6666921004653 | 105.79241943359375,191.58493041992188,0.19606932997703552 | 2.1416251336457681e-16,-1.5090709172722871e-13,1.907030799941367e-08 | 0 | -1.2373012336919231e-10,7.773574066765907e-17,1.6996973930584209e-15 | 7.145263952385082e-16,-4.935293168063792e-13,0.0 | 0,0
14640 | 488.0000254511833 | 105.79241943359375,191.58493041992188,0.19606932997703552 | 1.5461583247480348e-16,-1.0977968480010286e-13,1.907030799941367e-08 | 0 | -9.116127991370959e-11,7.767327860524396e-17,1.2303865066544406e-15 | 7.145569413641686e-16,-4.935289373356189e-13,0.0 | 0,0
14650 | 488.33335880190134 | 105.79241943359375,191.58493041992188,0.19606932997703552 | 9.506901261868724e-17,-6.865229142550416e-14,1.907030799941367e-08 | 0 | -5.859243645822687e-11,7.761079669049416e-17,7.6102712761423e-16 | 7.145543473257676e-16,-4.935287204951844e-13,0.0 | 0,0
14660 | 488.66669215261936 | 105.79241943359375,191.58493041992188,0.19606932997703552 | 3.552259973543238e-17,-2.7526361723838322e-14,1.907030799941367e-08 | 0 | -2.6023624227766717e-11,7.746614596241579e-17,2.9033308934694265e-16 | 7.117580798086443e-16,-4.910023125928586e-13,0.0 | 0,0
14670 | 489.0000255033374 | 105.79241943359375,191.58493041992188,0.19606932997703552 | 2.737097236499422e-16,-1.920344579967731e-13,1.907030799941367e-08 | 0 | -1.5629897376356894e-10,7.779846742787019e-17,2.1691598983599597e-15 | 7.145283540021987e-16,-4.935285036547499e-13,0.0 | 0,0
14680 | 489.3333588540554 | 105.79241943359375,191.58493041992188,0.19606932997703552 | 2.1416251336457681e-16,-1.5090709172722871e-13,1.907030799941367e-08 | 0 | -1.2373012336919231e-10,7.773574066765907e-17,1.6996973930584209e-15 | 7.145263952385082e-16,-4.935293168063792e-13,0.0 | 0,0
14690 | 489.6666922047734 | 105.79241943359375,191.58493041992188,0.19606932997703552 | 1.5461583247480348e-16,-1.0977968480010286e-13,1.907030799941367e-08 | 0 | -9.116127991370959e-11,7.767327860524396e-17,1.2303865066544406e-15 | 7.145569413641686e-16,-4.935289373356189e-13,0.0 | 0,0
14700 | 490.00002555549145 | 105.79241943359375,191.58493041992188,0.19606932997703552 | 9.506901261868724e-17,-6.865229142550416e-14,1.907030799941367e-08 | 0 | -5.859243645822687e-11,7.761079669049416e-17,7.6102712761423e-16 | 7.145543473257676e-16,-4.935287204951844e-13,0.0 | 0,0
14710 | 490.33335890620947 | 105.79241943359375,191.58493041992188,0.19606932997703552 | 3.552259973543238e-17,-2.7526361723838322e-14,1.907030799941367e-08 | 0 | -2.6023624227766717e-11,7.746614596241579e-17,2.9033308934694265e-16 | 7.117580798086443e-16,-4.910023125928586e-13,0.0 | 0,0
14720 | 490.6666922569275 | 105.79208374023438,191.58493041992188,0.19606634974479675 | -0.020014455541968346,-6.149012187961489e-05,-3.432655262258777e-07 | 0 | 7.925589306978509e-05,-0.01955389603972435,0.0006398055702447891 | -0.6004336476325989,-0.0018447035690769553,-1.0870074220292736e-05 | 0,0
14730 | 491.0000256076455 | 105.85087585449219,191.5847625732422,0.1963350623846054 | 0.5723012685775757,-0.0002693507121875882,3.8140615288284607e-06 | 0 | 0.0020489732269197702,0.14178834855556488,0.292044997215271 | 2.3747901916503906,0.030860217288136482,2.402859172434546e-05 | 0,0
14740 | 491.33335895836353 | 106.2320785522461,191.58560180664062,0.1968017965555191 | 1.7849994897842407,0.006698111537843943,3.89034266845556e-06 | 89.8 | 0.000286816677544266,0.11454473435878754,0.015176511369645596 | 4.225844860076904,0.015141879208385944,5.72109183849534e-06 | 0,0
14750 | 491.66669230908155 | 107.04238891601562,191.58860778808594,0.1969219148159027 | 2.9218738079071045,0.011129566468298435,-1.8498197960070684e-06 | 89.8 | 0.00034718611277639866,-0.03667512908577919,0.008920303545892239 | 2.831117868423462,0.010738390497863293,-6.407623004633933e-05 | 0,0
14760 | 492.0000256597996 | 108.00402069091797,191.59228515625,0.1960345059633255 | 2.160193920135498,0.008186865597963333,-9.554223652230576e-06 | 89.8 | 0.0024854419752955437,-0.48063018918037415,-0.0168550293892622 | -7.0649094581604,-0.027134649455547333,-3.318232120363973e-05 | 0,0
14770 | 492.3333590105176 | 108.4111099243164,191.5939178466797,0.1953192800283432 | 1.251922845840454,0.004798120353370905,4.939209702570224e-06 | 89.8 | -0.012296367436647415,0.35579967498779297,-0.4055216908454895 | 3.900804281234741,0.008982856757938862,9.039325232151896e-05 | 0,0
14780 | 492.6666923612356 | 109.0448989868164,191.5962677001953,0.1965465098619461 | 2.4497361183166504,0.009215787053108215,6.3885531744745094e-06 | 89.8 | -0.0008921251283027232,0.17614398896694183,0.007209048140794039 | 3.1595919132232666,0.01228328701108694,-4.2908181058010086e-05 | 0,0
14790 | 493.00002571195364 | 110.02886199951172,191.59996032714844,0.19676463305950165 | 3.385268449783325,0.012839380651712418,-8.581638439864037e-07 | 89.8 | 2.3551619960926473e-05,-0.0022818264551460743,0.006873661652207375 | 2.657646894454956,0.010305856354534626,-1.7163289385280223e-06 | 0,0
14800 | 493.33335906267166 | 111.30806732177734,191.60479736328125,0.19671501219272614 | 4.236828804016113,0.016108578070998192,-8.96304470643372e-07 | 89.8 | 8.637407881906256e-05,-0.015173357911407948,0.0046781329438090324 | 2.462324857711792,0.009221098385751247,-1.3730621503782459e-05 | 0,0
14810 | 493.6666924133897 | 112.81822967529297,191.6105194091797,0.19644229114055634 | 4.4238057136535645,0.016561532393097878,-4.176397396804532e-06 | 89.8 | 0.001319197122938931,-0.26484623551368713,-0.021086299791932106 | -4.275211811065674,-0.018552502617239952,-9.15374948817771e-06 | 0,0
14820 | 494.0000257641077 | 113.960205078125,191.61476135253906,0.19533851742744446 | 2.9809794425964355,0.01044384017586708,-4.939209702570224e-06 | 89.8 | -0.00016215549840126187,0.05805344134569168,-0.012842399999499321 | 0.5931829810142517,0.002535776933655143,6.064357148716226e-05 | 0,0
14830 | 494.3333591148257 | 115.06208801269531,191.61859130859375,0.19617114961147308 | 3.671546459197998,0.012397040612995625,7.361138614214724e-06 | 89.8 | -0.0009735874482430518,0.20160746574401855,-0.014148411341011524 | 2.4593422412872314,0.006161592435091734,1.1442169807196478e-06 | 0,0
14840 | 494.66669246554375 | 116.4279556274414,191.62315368652344,0.19658194482326508 | 4.458003044128418,0.01430080458521843,1.5256246399530937e-07 | 89.8 | -0.0002703744685277343,0.02868034690618515,-0.025556717067956924 | 1.9636629819869995,0.004971166606992483,-4.405240179039538e-05 | 0,0
14850 | 495.00002581626177 | 117.9770736694336,191.62799072265625,0.19639118015766144 | 4.712495803833008,0.013455457054078579,-3.108460077783093e-06 | 89.8 | 0.0005892074550502002,-0.09529569745063782,-0.05066476762294769 | -0.04353046044707298,-0.004873796831816435,-4.061975050717592e-05 | 0,0
14860 | 495.3333591669798 | 119.53356170654297,191.6322479248047,0.19609881937503815 | 4.625665664672852,0.010943097062408924,-1.5065542129377718e-06 | 89.9 | 0.0006408042972907424,-0.04267915338277817,-0.06786582618951797 | -0.23307321965694427,-0.012774047441780567,-2.2884365534991957e-05 | 0,0
14870 | 495.6666925176978 | 121.06854248046875,191.63577270507812,0.1960543394088745 | 4.600277423858643,0.008778095245361328,-2.8605461466213455e-07 | 89.9 | 0.0004145984712522477,0.006412830203771591,-0.07362291216850281 | 0.03062724880874157,-0.01411054190248251,-1.1442186860222137e-06 | 0,0
14880 | 496.00002586841583 | 122.6054916381836,191.6385955810547,0.19608569145202637 | 4.621950149536133,0.006441378500312567,1.0679372053346015e-06 | 89.9 | 0.0004706551553681493,0.005934718530625105,-0.08290641754865646 | 0.06886481493711472,-0.014738975092768669,-5.721084903598239e-07 | 0,0
14890 | 496.33335921913385 | 124.14949798583984,191.64077758789062,0.1960943192243576 | 4.6396026611328125,0.004555672872811556,2.288436888875367e-07 | 89.9 | -0.000213212551898323,-0.00016205839347094297,-0.07902678102254868 | 0.041098590940237045,0.0007092486484907568,-9.725855306896847e-06 | 0,0
14900 | 496.6666925698519 | 125.69821166992188,191.64212036132812,0.19609157741069794 | 4.651577472686768,0.0024579998571425676,-9.344450404569216e-07 | 90.0 | -0.0005286293453536928,-0.0006526794750243425,-0.07770515233278275 | 0.03559112176299095,0.002230005105957389,-2.4028584448387846e-05 | 0,0
14910 | 497.0000259205699 | 127.2509765625,191.64292907714844,0.19609080255031586 | 4.664479732513428,0.00048586144112050533,6.674607675449806e-07 | 90.0 | -0.00041685777250677347,4.85689306515269e-05,-0.07403858751058578 | 0.03929614648222923,0.002431965433061123,7.437419299094472e-06 | 0,0
14920 | 497.3333592712879 | 128.8080596923828,191.64303588867188,0.196090966463089 | 4.6773786544799805,-0.0012243621749803424,1.907030799941367e-08 | 90.0 | -0.0003848203341476619,3.06805559375789e-05,-0.06778312474489212 | 0.03965377435088158,0.0023325891233980656,1.0870074220292736e-05 | 0,0
14930 | 497.66669262200594 | 130.36968994140625,191.64259338378906,0.19609187543392181 | 4.692044734954834,-0.0030430688057094812,-7.628123199765469e-08 | 90.0 | 0.00030422868439927697,0.00029687423375435174,-0.06601561605930328 | 0.045218463987112045,-0.012044179253280163,-6.865310751891229e-06 | 0,0
14940 | 498.00002597272396 | 131.93630981445312,191.64161682128906,0.19609229266643524 | 4.70662260055542,-0.004073422402143478,6.483904826382059e-07 | 90.0 | -0.00036936954711563885,-0.00012505031190812588,-0.052385468035936356 | 0.04079818353056908,0.002911551622673869,1.258640259038657e-05 | 0,0
14950 | 498.333359323442 | 133.5075225830078,191.64027404785156,0.19609153270721436 | 4.719707012176514,-0.005108852870762348,6.674607675449806e-07 | 90.1 | -0.000298902130452916,-0.0002394143375568092,-0.044040288776159286 | 0.03715037927031517,0.004935320001095533,4.004764832643559e-06 | 0,0
14960 | 498.66669267416 | 135.0828094482422,191.6385040283203,0.19609084725379944 | 4.731675624847412,-0.005687234923243523,-6.865310524517554e-07 | 90.1 | -0.00023648554633837193,-0.00012019182031508535,-0.030857862904667854 | 0.03696441277861595,0.0019649553578346968,-6.235989712877199e-05 | 0,0
14970 | 499.000026024878 | 136.66226196289062,191.6366729736328,0.19609089195728302 | 4.7444233894348145,-0.006357858423143625,-7.628123199765469e-08 | 90.1 | 0.00043803066364489496,5.430368037195876e-05,-0.02641688846051693 | 0.03722190484404564,-0.011813104152679443,-1.3158511137589812e-05 | 0,0
14980 | 499.33335937559605 | 138.245849609375,191.63470458984375,0.19609062373638153 | 4.756330490112305,-0.00643991120159626,3.2419524131910293e-07 | 90.1 | 3.179826308041811e-05,-0.00013272064097691327,-0.014102750457823277 | 0.03404616937041283,-0.00373790948651731,1.7163281427201582e-06 | 0,0
14990 | 499.66669272631407 | 139.833251953125,191.63246154785156,0.19609008729457855 | 4.767529010772705,-0.006790678482502699,-1.163288743555313e-06 | 90.1 | 6.278405635384843e-05,-0.0001211866838275455,-0.012463417835533619 | 0.03267287835478783,-0.002427664352580905,-4.748506034957245e-05 | 0,0
15000 | 500.0000260770321 | 141.42437744140625,191.63015747070312,0.19609016180038452 | 4.778672218322754,-0.006833277642726898,1.5256246399530937e-07 | 90.1 | -3.808573819696903e-05,2.7875783416675404e-05,-0.006364910397678614 | 0.03401755914092064,0.0006407126202248037,-5.721091383747989e-06 | 0,0
15010 | 500.3333594277501 | 143.0192413330078,191.62782287597656,0.19609035551548004 | 4.790372848510742,-0.006879923399537802,-6.865310524517554e-07 | 90.1 | -6.622365617658943e-05,0.00014732875570189208,-0.0031103985384106636 | 0.03642081841826439,5.490146213560365e-05,-1.1442169807196478e-06 | 0,0
15020 | 500.66669277846813 | 144.6181640625,191.62548828125,0.1960904598236084 | 4.802050590515137,-0.00691837165504694,4.958279760103323e-07 | 90.1 | 8.13860424386803e-06,-1.7799446140998043e-05,-0.0016613369807600975 | 0.03436088189482689,-0.0003790855116676539,1.0870073310798034e-05 | 0,0
15030 | 501.00002612918615 | 146.22100830078125,191.62315368652344,0.19609084725379944 | 4.814545631408691,-0.006929838564246893,3.0512492799061874e-07 | 90.1 | 1.3044970728515182e-05,0.00018624207586981356,-0.000716386130079627 | 0.038881298154592514,0.00014543997531291097,1.3730621503782459e-05 | 0,0
15040 | 501.3333594799042 | 147.82823181152344,191.62081909179688,0.1960916519165039 | 4.828175067901611,-0.0069531966000795364,-1.907030799941367e-08 | 90.1 | -3.67930879292544e-05,0.00014018849469721317,-0.00031539806514047086 | 0.04092692956328392,1.97114404727472e-05,-4.576873834594153e-06 | 0,0
15050 | 501.6666928306222 | 149.43983459472656,191.61846923828125,0.19609130918979645 | 4.840500354766846,-0.006889684591442347,-5.7210922221884175e-08 | 90.1 | -2.421014323772397e-05,-0.00025348723283968866,0.0015831636264920235 | 0.03474711999297142,0.00033069399069063365,5.148982381797396e-06 | 0,0
15060 | 502.0000261813402 | 151.05535888671875,191.61610412597656,0.19609057903289795 | 4.851869583129883,-0.0067486511543393135,6.293201408880122e-07 | 90.1 | 1.9275121303508058e-05,-8.01078203949146e-05,0.003939126152545214 | 0.0345611535012722,-6.417743134079501e-05,1.7735384972183965e-05 | 0,0
15070 | 502.33335953205824 | 152.6746063232422,191.61380004882812,0.19609065353870392 | 4.8635573387146,-0.006399782374501228,3.623358395543619e-07 | 90.1 | 1.1643596735666506e-06,5.8519501180853695e-05,0.00881840568035841 | 0.03546237573027611,0.0009757233201526105,-2.517280518077314e-05 | 0,0
15080 | 502.66669288277626 | 154.29794311523438,191.61178588867188,0.1960907280445099 | 4.875465393066406,-0.005909367464482784,1.220499711962475e-06 | 90.1 | -6.44197134533897e-05,-5.397376662585884e-05,0.014055773615837097 | 0.03401755914092064,0.0009843985317274928,1.0870075129787438e-05 | 0,0
15090 | 503.0000262334943 | 155.92510986328125,191.60983276367188,0.19609062373638153 | 4.886806488037109,-0.0052184551022946835,3.623358395543619e-07 | 90.1 | -9.687254305390525e-07,-6.357475649565458e-05,0.020254192873835564 | 0.03413200005888939,0.0008059478714130819,2.288436689923401e-06 | 0,0
15100 | 503.3333595842123 | 157.41970825195312,191.6083526611328,0.19551829993724823 | 3.581144332885742,-0.003297562478110194,-8.772341061558109e-06 | 90.1 | 0.00032780528999865055,-0.3508892357349396,-0.005016417242586613 | -7.750102996826172,0.006082069128751755,-4.691293725045398e-05 | 0,0
15110 | 503.6666929349303 | 158.15550231933594,191.6077117919922,0.19461047649383545 | 1.260793685913086,-0.0011616359697654843,-3.7187098769209115e-06 | 90.1 | 0.0002076302480418235,0.056973647326231,0.0048712436109781265 | -0.38185712695121765,0.00020795151067432016,7.0369424065575e-05 | 0,0
15120 | 504.00002628564835 | 158.70458984375,191.60720825195312,0.19602538645267487 | 2.1954574584960938,-0.001825225306674838,1.5694862668169662e-05 | 90.0 | -0.00023198244161903858,0.3798447847366333,0.022651134058833122 | 3.6865994930267334,-0.0015958164585754275,-2.5744937374838628e-05 | 0,0
15130 | 504.33335963636637 | 159.61582946777344,191.60630798339844,0.19670680165290833 | 3.183568000793457,-0.0020903213880956173,-8.200231604860164e-07 | 90.0 | -0.0001357018918497488,0.04739714413881302,0.030818181112408638 | 2.7143595218658447,-0.0003805523447226733,-3.0893894290784374e-05 | 0,0
15140 | 504.6666929870844 | 160.52406311035156,191.605712890625,0.19565284252166748 | 1.7442749738693237,-0.0008887322037480772,-1.2967808288522065e-05 | 90.0 | 0.0005456990329548717,-0.45001423358917236,-0.0006434711394831538 | -7.4488301277160645,0.0042361002415418625,-1.487482131778961e-05 | 0,0
15150 | 505.0000263378024 | 160.92044067382812,191.6054229736328,0.1956118792295456 | 1.5673731565475464,-0.0003248756693210453,1.0870075129787438e-05 | 90.0 | 0.006193868815898895,0.41176730394363403,0.3333171606063843 | 3.9074275493621826,0.0007442797650583088,7.322997407754883e-05 | 0,0
15160 | 505.33335968852043 | 161.6481170654297,191.6053466796875,0.19664569199085236 | 2.6940724849700928,-0.00016884847718756646,4.252678536431631e-06 | 90.0 | -0.000571565586142242,0.11287706345319748,0.03061007149517536 | 2.929064989089966,0.005164912901818752,-7.036944589344785e-05 | 0,0
15170 | 505.66669303923845 | 162.6625213623047,191.60525512695312,0.19649402797222137 | 2.879666566848755,0.00025188285508193076,-4.4624516704061534e-06 | 90.0 | 0.0003882358723785728,-0.32604601979255676,0.012457896023988724 | -5.294894695281982,0.000966463063377887,-2.4600685719633475e-05 | 0,0
15180 | 506.0000263899565 | 163.2223663330078,191.60525512695312,0.19503867626190186 | 0.8977571129798889,0.00010008468962041661,-1.0545880286372267e-05 | 0 | -0.0017476605717092752,-0.016988735646009445,-0.07785842567682266 | 1.5161417722702026,0.0007720926078036427,7.15136484359391e-05 | 0,0
15190 | 506.3333597406745 | 163.73388671875,191.60520935058594,0.19629192352294922 | 2.1445631980895996,0.000790074176620692,1.092728507501306e-05 | 90.0 | 0.0010980983497574925,0.292946457862854,0.09139826148748398 | 3.6076996326446533,0.003694899845868349,-6.6936801886186e-05 | 0,0
15200 | 506.6666930913925 | 164.63070678710938,191.60549926757812,0.19676265120506287 | 3.1430959701538086,0.0015545052010565996,-9.535153111528416e-08 | 90.0 | 5.460997999762185e-05,0.019209913909435272,0.03324538469314575 | 2.7259466648101807,0.0003169581468682736,-2.803335155476816e-05 | 0,0
15210 | 507.00002644211054 | 165.60055541992188,191.60595703125,0.19583015143871307 | 2.0418896675109863,0.0012750520836561918,-1.3730621503782459e-05 | 90.0 | 0.0011353446170687675,-0.46683213114738464,0.0004152181791141629 | -7.322880744934082,-0.004162096418440342,-0.00011613818787736818 | 0,0
15220 | 507.33335979282856 | 166.0338897705078,191.60641479492188,0.1954595148563385 | 1.4958133697509766,0.000814969593193382,8.886762770998757e-06 | 90.0 | -0.006468479055911303,0.3846611976623535,-0.2954863905906677 | 3.894381284713745,0.0057426318526268005,0.0001550415763631463 | 0,0
15230 | 507.6666931435466 | 166.74256896972656,191.606689453125,0.19659015536308289 | 2.646646738052368,0.0017765183001756668,5.8545838328427635e-06 | 90.0 | -0.0008093533106148243,0.14099891483783722,0.029724527150392532 | 2.9681179523468018,0.004832813050597906,-1.487486224505119e-05 | 0,0
15240 | 508.0000264942646 | 167.7869873046875,191.60736083984375,0.19675125181674957 | 3.5580434799194336,0.002866769442334771,-3.2419524131910293e-07 | 90.0 | -0.00045963795855641365,-0.004455361049622297,0.0345124788582325 | 2.619023084640503,0.01085538137704134,-1.9451712432783097e-05 | 0,0
15250 | 508.3333598449826 | 169.12152099609375,191.6083984375,0.19670242071151733 | 4.392649173736572,0.0042066872119903564,-1.5065542129377718e-06 | 89.9 | -0.00012683990644291043,-0.01713988557457924,0.03642808645963669 | 2.3252103328704834,0.0069261337630450726,-5.148980108060641e-06 | 0,0
