Simulation Frame | Timestamp | Position | Velocity | Heading | Angular Velocity | Acceleration | Stopped at Red Light + Light ID 
990 | 33.00000172108412 | 166.87599182128906,187.51815795898438,0.3491246700286865 | -1.954516887664795,-0.010977469384670258,8.478658855892718e-05 | 269.7 | -0.007700394839048386,-0.4100942611694336,-0.5696802139282227 | -4.226528167724609,0.1269610971212387,-0.00045539881102740765 | 0,0
1032 | 34.40000179409981 | 163.39968872070312,187.51431274414062,0.34947243332862854 | -3.0928947925567627,0.02026468701660633,6.293201295193285e-06 | 270.4 | -0.021313967183232307,-0.07702002674341202,-0.6270026564598083 | -2.5368688106536865,0.14816077053546906,3.547076994436793e-05 | 0,0
1073 | 35.766668532043695 | 161.4096221923828,187.5258331298828,0.3479335606098175 | 0.0005515169468708336,-4.15762078773696e-05,1.067937228071969e-05 | 0 | 0.002706388011574745,-0.44216516613960266,2.1984722479828633e-05 | 0.0005669902893714607,-0.0006867568590678275,0.00021396882948465645 | 0,0
1111 | 37.03333526477218 | 161.41014099121094,187.5258331298828,0.34892043471336365 | 5.140142548043514e-06,8.22998202920644e-08,9.153747555501468e-07 | 0 | 1.8762913896352984e-05,-0.00395731907337904,-3.1375651587950415e-07 | 4.983425696991617e-06,3.247970141728729e-07,2.8605477382370736e-06 | 0,0
1151 | 38.36666866764426 | 161.41014099121094,187.5258331298828,0.3489292860031128 | 5.496692878637077e-08,-6.936383467603946e-09,-7.628123199765469e-08 | 0 | -2.421839781163726e-06,-4.291791992727667e-05,-3.830752159927897e-09 | -2.0957048718628357e-07,3.332911830966623e-07,1.7163276424980722e-05 | 0,0
1191 | 39.70000207051635 | 161.41015625,187.5258331298828,0.34892934560775757 | 1.1366572127968766e-09,1.7791127460142775e-09,-7.05601394201949e-07 | 0 | 9.381654422213614e-07,-8.560894571019162e-07,-7.423926057237296e-11 | -1.942715854852395e-08,1.5200596337194838e-08,-2.2884373720444273e-06 | 0,0
1231 | 41.03333547338843 | 161.41015625,187.5258331298828,0.34892934560775757 | 2.1466870503417113e-09,2.016746103450373e-09,-8.200231604860164e-07 | 0 | 1.422117975380388e-06,-1.659799295339326e-06,-2.565113121910656e-10 | 1.231633017795275e-08,1.104500100268524e-07,-2.2884357804286992e-06 | 0,0
1270 | 42.33333554118872 | 161.41015625,187.5258331298828,0.34892934560775757 | -1.2418726047513928e-09,1.2850139841091845e-09,-9.153747555501468e-07 | 0 | 1.0225496680504875e-06,9.46431271131587e-07,-4.527917103758217e-12 | -4.6437351741701605e-09,4.261047337195123e-08,-2.2884357804286992e-06 | 0,0
1312 | 43.73333561420441 | 161.41015625,187.5258331298828,0.34892934560775757 | -6.664234164510674e-10,-6.53699805397423e-09,-3.0512492799061874e-07 | 0 | -3.227782144676894e-06,5.152930953045143e-07,1.0359712220020523e-11 | -1.9465613121383285e-08,1.1040900638192852e-08,-2.2884369172970764e-06 | 0,0
1354 | 45.1333356872201 | 161.41015625,187.5258331298828,0.34892934560775757 | 3.3982547331667945e-10,1.6654920775849291e-09,-6.483904826382059e-07 | 0 | 5.745955604652409e-07,-2.533915903768502e-07,6.593607604354901e-11 | -4.275070963899452e-09,-6.866945057026896e-08,-2.2884373720444273e-06 | 0,0
1395 | 46.500002425163984 | 160.184814453125,187.5383758544922,0.349759042263031 | -2.835909366607666,0.03206613287329674,-3.7187098769209115e-06 | 270.6 | 0.0011502978159114718,0.05134774371981621,-0.08605413883924484 | -2.6815507411956787,0.02815883420407772,-6.922521424712613e-05 | 0,0
1435 | 47.83333582803607 | 156.80624389648438,187.576904296875,0.34926190972328186 | -3.1303088665008545,0.03496431186795235,-8.810481631371658e-06 | 270.6 | -0.004358794540166855,0.1707962602376938,-0.021837227046489716 | 0.04742860421538353,-0.0032347438391298056,-3.718709558597766e-05 | 0,0
1477 | 49.23333590105176 | 151.19825744628906,187.6345977783203,0.34839725494384766 | -3.662153482437134,0.03544633090496063,3.089389792876318e-06 | 270.6 | 0.006459511816501617,-0.30580130219459534,0.11737532913684845 | -1.2758158445358276,-0.0033836064394563437,0.0002574491372797638 | 0,0
1517 | 50.566669303923845 | 145.1550750732422,187.6748046875,0.34895068407058716 | -4.721817970275879,0.01205262541770935,9.916559520206647e-07 | 270.1 | 0.004024222027510405,0.007468135096132755,0.32458415627479553 | 0.014834403060376644,-0.05574499070644379,4.748506034957245e-05 | 0,0
1556 | 51.86666937172413 | 139.0071258544922,187.8083953857422,0.3486690819263458 | -4.603299140930176,1.0107030868530273,-2.1435023882077076e-05 | 282.4 | -1.1913951635360718,0.14846689999103546,-22.831148147583008 | 1.2860010862350464,4.9177350997924805,-0.000248295342316851 | 0,0
1596 | 53.200002774596214 | 133.94808959960938,191.23837280273438,0.3485502302646637 | -2.5722639560699463,4.073108673095703,-2.784264779620571e-06 | 327.7 | -0.34043821692466736,0.4205035865306854,-31.52594566345215 | 3.7778160572052,2.135653257369995,-0.0002465790312271565 | 0,0
1638 | 54.600002847611904 | 132.04920959472656,197.573974609375,0.3487972319126129 | -0.22418943047523499,4.8938493728637695,2.6126322154595982e-06 | 357.4 | 0.020332137122750282,-0.18452543020248413,-14.05128002166748 | 0.9177311658859253,0.016078947111964226,-5.721085017285077e-06 | 0,0
1678 | 55.93333625048399 | 131.99673461914062,204.102294921875,0.3488996922969818 | 0.0997285470366478,4.825258255004883,-2.135874410669203e-06 | 1.2 | 0.15014110505580902,-0.11209281533956528,-1.4705866575241089 | -0.47430214285850525,-2.3551652431488037,-0.00010984495747834444 | 0,0
1716 | 57.20000298321247 | 132.0563507080078,207.2364959716797,0.3495010435581207 | 0.05847196280956268,3.137446880340576,-9.535153111528416e-08 | 1.1 | -0.02107561007142067,-0.015968620777130127,0.03499739244580269 | -0.050828639417886734,1.9587420225143433,-8.753270230954513e-05 | 0,0
1756 | 58.53333638608456 | 132.11148071289062,210.19314575195312,0.34726598858833313 | 7.244644802995026e-05,-0.00016916562162805349,-3.583310899557546e-05 | 0 | -0.1508047729730606,0.013629104942083359,-4.599358362611383e-05 | -0.0025746298488229513,-0.01954258792102337,0.0005801186780445278 | 0,0
1797 | 59.900003124028444 | 132.14088439941406,211.80010986328125,0.3485170304775238 | -1.9168161088600755e-05,-0.00017922646657098085,6.5411154537287075e-06 | 0 | -0.14135780930519104,-0.0006878736894577742,-1.3733432751905639e-05 | -0.00032953283516690135,-0.0016619631787762046,0.00012014292587991804 | 0,0
1838 | 61.26666986197233 | 132.14089965820312,211.79995727539062,0.3489263951778412 | 5.261133040335153e-08,-1.7378873735651723e-06,-6.293201408880122e-07 | 0 | -0.0013330788351595402,-3.769575778278522e-05,3.193958519887019e-08 | 1.6791975099295087e-07,4.835139407077804e-06,-1.9451712432783097e-05 | 0,0
1877 | 62.566669929772615 | 132.14089965820312,211.79994201660156,0.3489289879798889 | 2.4241538554292674e-08,1.6389389845272717e-09,-5.7210922221884175e-08 | 0 | 2.6018512926384574e-06,-1.7378419215674512e-05,1.139980665421092e-09 | 9.258321256311319e-07,6.788541213609278e-07,3.4326549211982638e-06 | 0,0
1917 | 63.9000033326447 | 132.14089965820312,211.79994201660156,0.3489289879798889 | -2.9945407931109e-08,-1.5008185805243102e-09,3.432655262258777e-07 | 0 | -2.3836755644879304e-06,1.6309289776472724e-06,-2.7599833529734497e-09 | -8.571056469008909e-07,5.588521290178505e-08,1.1442178902143496e-06 | 0,0
1958 | 65.26667007058859 | 132.14089965820312,211.79994201660156,0.3489289879798889 | 0.0,0.0,0.0 | 0 | 0.0,0.0,0.0 | -3.6419157822820125e-07,6.787330875113184e-08,-1.4302730050985701e-05 | 0,0
1999 | 66.63333680853248 | 132.14089965820312,211.79994201660156,0.3489289879798889 | 1.6955452597500198e-09,-1.834211893481097e-09,1.3349215066682518e-07 | 0 | -1.416098029949353e-06,-9.010305461742973e-07,-1.3436401297139966e-11 | 1.5526635976925718e-08,-1.5875587067171182e-08,1.1442184586485382e-06 | 0,0
2038 | 67.93333687633276 | 132.14089965820312,211.79994201660156,0.3489289879798889 | -1.1209558836711153e-09,1.484851575028756e-09,1.9070306223056832e-07 | 0 | 1.1588450661292882e-06,4.203189689633291e-07,-1.304802620116785e-11 | 2.7829173632198945e-08,2.4592447189775157e-08,1.1442178902143496e-06 | 0,0
2080 | 69.33333694934845 | 132.14089965820312,211.79994201660156,0.3489289879798889 | -2.6629933813637763e-08,1.165227581090278e-09,4.0047643778962083e-07 | 0 | -3.081264594584354e-07,-2.996923740283819e-07,-2.8473849944532503e-09 | -7.84655867391848e-07,7.82732101356487e-08,2.2884357804286992e-06 | 0,0
2121 | 70.70000368729234 | 132.14089965820312,211.79994201660156,0.3489289879798889 | 3.85112525203013e-10,4.839681433388421e-10,1.907030799941367e-08 | 0 | 3.9614778302166087e-07,-3.200269134140399e-07,1.0707535552656466e-11 | -2.2488345052806835e-07,5.440339734263944e-08,-1.3158511137589812e-05 | 0,0
2162 | 72.06667042523623 | 132.14089965820312,211.79994201660156,0.3489289879798889 | 8.342320723109253e-10,-1.5762873228908347e-09,1.5256246399530937e-07 | 0 | -1.206848310175701e-06,-3.095337604008819e-07,5.284332346700005e-11 | -1.8076100616326585e-08,-2.0005995471361615e-10,1.1442184586485382e-06 | 0,0
2201 | 73.36667049303651 | 132.14089965820312,211.79994201660156,0.3489289879798889 | -5.350364151723852e-09,-1.700403706728082e-09,2.0977338976990723e-07 | 0 | -1.3859189493814483e-06,1.1366865919626434e-06,-1.5901877592483515e-09 | 1.260011003978434e-06,-5.463631396196433e-07,-9.153747669188306e-06 | 0,0
2243 | 74.7666705660522 | 132.16561889648438,213.37315368652344,0.34972670674324036 | 0.04226188734173775,3.1554226875305176,-4.309889391151955e-06 | 0.8 | 0.1016150638461113,-0.004252328537404537,0.2652122676372528 | -0.0032537428196519613,1.9716166257858276,-2.688912718440406e-05 | 0,0
2285 | 76.16667063906789 | 132.19802856445312,216.46128845214844,0.3480142056941986 | 0.00670161098241806,1.075912356376648,-4.674132287618704e-05 | 0.4 | 1.0240103006362915,0.03738928958773613,0.049947675317525864 | -0.07857955247163773,-12.362833023071289,-0.00013959468924440444 | 0,0
2325 | 77.50000404193997 | 132.20814514160156,218.98025512695312,0.34850794076919556 | 0.00018263072706758976,1.7680740356445312,1.853633875725791e-05 | 0.0 | -0.48463258147239685,-0.021054482087492943,0.31291085481643677 | -0.01917792297899723,2.724909543991089,0.00021110828674864024 | 0,0
2365 | 78.83333744481206 | 132.2055206298828,221.79234313964844,0.3492223918437958 | -0.00803413987159729,2.245587110519409,1.0622160516504664e-05 | 359.8 | -0.27514395117759705,-0.010408617556095123,0.2742525339126587 | 0.006649586837738752,3.3591625690460205,2.5172801542794332e-05 | 0,0
2405 | 80.16667084768414 | 132.1789093017578,226.53892517089844,0.3482758104801178 | -0.020637013018131256,3.0661752223968506,-1.365434036415536e-05 | 359.6 | -0.051283691078424454,0.005053889472037554,0.07315553724765778 | -0.009228418581187725,-0.510213315486908,0.00012185922241769731 | 0,0
4382 | 146.06667428463697 | 167.14015197753906,187.7042694091797,0.3479864001274109 | -1.1867302656173706,0.01639043353497982,0.00023740626056678593 | 270.8 | 0.0011084957513958216,-0.7199791073799133,0.3548133969306946 | -3.87778377532959,0.08685087412595749,-0.0009788786992430687 | 0,0
4423 | 147.43334102258086 | 164.14146423339844,187.72984313964844,0.34886741638183594 | -2.1352431774139404,0.0023626829497516155,2.231226062576752e-05 | 270.1 | 0.01086681429296732,-0.44251617789268494,0.5519155263900757 | -3.5274550914764404,0.05541112273931503,0.0001081286754924804 | 0,0
4465 | 148.83334109559655 | 161.255126953125,187.7250213623047,0.3492378890514374 | -2.2965822219848633,-0.013901013880968094,-2.3380196580546908e-05 | 269.7 | -0.04491962119936943,0.8760517835617065,0.11612449586391449 | 7.187525749206543,0.04279159754514694,-0.00016133481403812766 | 0,0
4503 | 150.10000782832503 | 160.9876708984375,187.72335815429688,0.3488863408565521 | 3.0345776394824497e-05,2.0057793790329015e-06,7.818825906724669e-07 | 0 | 0.0009863015729933977,-0.023305552080273628,2.1612374894175446e-06 | -0.00011088073370046914,-8.739736585994251e-06,2.4028584448387846e-05 | 0,0
4546 | 151.53334123641253 | 160.98768615722656,187.72335815429688,0.348928838968277 | 0.0,0.0,0.0 | 0 | 0.0,0.0,0.0 | -4.578603238769574e-06,3.5273811249680875e-07,-2.116803989338223e-05 | 0,0
4587 | 152.9000079743564 | 160.98768615722656,187.72335815429688,0.348928838968277 | 3.4949680927098825e-09,-1.1878569239343051e-08,1.3349215066682518e-07 | 0 | -6.107883109507384e-06,-2.7111814233649056e-06,1.5507728434727142e-10 | 3.9135219509489616e-08,-4.435217348941478e-08,1.1442184586485382e-06 | 0,0
4628 | 154.2666747123003 | 160.98768615722656,187.72335815429688,0.348928838968277 | -9.071094431156723e-10,9.021314945067971e-12,5.339686026673007e-07 | 0 | 3.200996134822276e-09,7.0108757199705e-07,-4.727650215752277e-11 | -3.904662815301663e-09,4.0589559491266414e-11,2.288436689923401e-06 | 0,0
4668 | 155.6000081151724 | 160.98768615722656,187.72335815429688,0.348928838968277 | 2.971716969724092e-11,3.3109925391683337e-12,6.865310524517554e-07 | 0 | -3.1361002683638617e-10,-5.039768780079612e-08,-8.272649926199804e-11 | 3.396178271941608e-08,-2.321944581051838e-10,1.1442169807196478e-06 | 0,0
4711 | 157.03334152325988 | 160.98768615722656,187.72335815429688,0.348928838968277 | -3.2141037054067567e-10,2.932886138812263e-12,1.9070306223056832e-07 | 0 | 1.1487665263487656e-09,2.5038698936441506e-07,-1.0596822030972675e-11 | -3.904658374409564e-09,4.056328883894622e-11,2.2884364625497255e-06 | 0,0
4753 | 158.43334159627557 | 160.98768615722656,187.72335815429688,0.348928838968277 | -9.071093876045211e-10,9.021316679791447e-12,5.339686026673007e-07 | 0 | 3.2009950245992513e-09,7.0108757199705e-07,-4.7276491749181915e-11 | -3.904661483034033e-09,4.058966357467497e-11,2.288436689923401e-06 | 0,0
4795 | 159.83334166929126 | 160.98768615722656,187.72335815429688,0.348928838968277 | 1.1108619579758283e-09,-1.208509594480267e-11,8.009528755792417e-07 | 0 | -3.96722477091771e-09,-8.517670266883215e-07,7.78305961346426e-11 | -2.715427660504588e-09,-9.561187258588788e-11,2.2884357804286992e-06 | 0,0
4834 | 161.13334173709154 | 160.98768615722656,187.72335815429688,0.348928838968277 | -6.117670953154075e-11,2.7598924664737345e-13,3.814061599882734e-08 | 0 | 2.3412283223223085e-10,5.008434911246695e-08,4.450626065605201e-12 | -3.3189195391969406e-08,3.3586572412147575e-10,-2.402858626737725e-05 | 0,0
4875 | 162.50000847503543 | 160.98768615722656,187.72335815429688,0.348928838968277 | -5.1664333922119e-10,4.962349108017516e-12,3.0512492799061874e-07 | 0 | 1.8328418782687095e-09,4.0062050743472355e-07,-2.2823302275876145e-11 | -3.904657930320354e-09,4.058954908292556e-11,2.2884369172970764e-06 | 0,0
4916 | 163.86667521297932 | 160.98768615722656,187.72335815429688,0.348928838968277 | -9.721869975720665e-10,9.697814599973764e-12,5.721092293242691e-07 | 0 | 3.4290201789133334e-09,7.511653734582069e-07,-5.135194006133936e-11 | -3.904657930320354e-09,4.058971561637925e-11,2.2884373720444273e-06 | 0,0
4956 | 165.2000086158514 | 160.98768615722656,187.72335815429688,0.348928838968277 | -6.856498702134672e-10,1.0315541823513463e-11,7.437419640154985e-07 | 0 | 2.2243715758207827e-09,5.005812226954731e-07,-1.1629225360465512e-10 | 1.4453104490996793e-08,-4.235260406271202e-11,1.7163272332254564e-06 | 0,0
4996 | 166.5333420187235 | 160.98768615722656,187.72335815429688,0.348928838968277 | 0.0,0.0,0.0 | 0 | 0.0,0.0,0.0 | -3.3325857629051825e-08,3.6255284885378103e-10,-2.4028584448387846e-05 | 0,0
5038 | 167.93334209173918 | 160.98768615722656,187.72335815429688,0.348928838968277 | -5.817210602110379e-10,5.638843125072013e-12,3.432655262258777e-07 | 0 | 2.0608670325827916e-09,4.5069836573929933e-07,-2.6898878957570815e-11 | -3.9046605948556135e-09,4.058966357467497e-11,2.288436689923401e-06 | 0,0
5080 | 169.33334216475487 | 160.98768615722656,187.72335815429688,0.348928838968277 | -1.1674200495193077e-09,1.1727295350094646e-11,6.865310524517554e-07 | 0 | 4.11309608594479e-09,9.013989483719342e-07,-6.357869786199899e-11 | -3.904662815301663e-09,4.058958724684203e-11,2.2884357804286992e-06 | 0,0
5120 | 170.66667556762695 | 160.98768615722656,187.72335815429688,0.348928838968277 | 1.1108619579758283e-09,-1.208509594480267e-11,8.009528755792417e-07 | 0 | -3.96722477091771e-09,-8.517670266883215e-07,7.78305961346426e-11 | -2.715427660504588e-09,-9.561187258588788e-11,2.2884357804286992e-06 | 0,0
5162 | 172.06667564064264 | 160.97500610351562,187.72296142578125,0.3490158021450043 | -0.20338284969329834,0.0005789708811789751,1.163288743555313e-06 | 0 | 0.0173261109739542,-0.2335532158613205,-1.0081429481506348 | -4.431061267852783,0.014367885887622833,-1.2014292224193923e-05 | 0,0
5205 | 173.50000904873013 | 158.760009765625,187.71316528320312,0.3480111360549927 | -0.568272590637207,-0.002870833734050393,3.453632598393597e-05 | 0 | 0.03315020725131035,-1.3986841440200806,0.27844467759132385 | -17.034130096435547,-0.0980319231748581,0.0005938492831774056 | 0,0
5246 | 174.86667578667402 | 153.78504943847656,187.67288208007812,0.34906497597694397 | -4.560113430023193,-0.044533804059028625,-1.4855769222776871e-05 | 269.4 | -0.022792812436819077,0.5627828240394592,-0.13593131303787231 | 5.435428142547607,0.04976838454604149,-0.00015218104817904532 | 0,0
5283 | 176.1000091843307 | 149.64215087890625,187.63653564453125,0.3492179811000824 | -3.4929115772247314,-0.0301047395914793,9.630504791857675e-06 | 269.5 | 0.009278668090701103,-0.17841532826423645,0.07918302714824677 | -2.3254964351654053,-0.024635082110762596,-2.631704592204187e-05 | 0,0
5324 | 177.4666759222746 | 143.71189880371094,187.58624267578125,0.3489382863044739 | -4.4878997802734375,-0.03112352453172207,-9.7258566711389e-07 | 269.6 | -0.0037385995965451,0.009252112358808517,-0.15616367757320404 | 0.06990908831357956,0.032653823494911194,-4.9201389629160985e-05 | 0,0
5365 | 178.83334266021848 | 137.21389770507812,188.37857055664062,0.3483579456806183 | -4.110302925109863,2.416853189468384,0.00010942542576231062 | 300.5 | 0.0010849228128790855,-0.01839464344084263,-36.31622314453125 | 1.1831759214401245,2.7315542697906494,-0.0004817158041987568 | 0,0
5406 | 180.20000939816236 | 132.90574645996094,193.1373748779297,0.3485521376132965 | -1.66474449634552,4.608067512512207,-2.288436888875367e-07 | 340.1 | 0.07396223396062851,-0.16475023329257965,-28.463897705078125 | 0.5126308798789978,0.5407475829124451,-5.7210920203942806e-05 | 0,0
5444 | 181.46667613089085 | 131.98036193847656,199.2332763671875,0.34884801506996155 | -0.05530627444386482,4.959914207458496,2.2884369172970764e-06 | 359.4 | 0.004052003845572472,-0.16255730390548706,-9.112733840942383 | 0.2596265375614166,0.02265929989516735,-2.917756137321703e-05 | 0,0
5486 | 182.86667620390654 | 132.0427703857422,206.20057678222656,0.34979575872421265 | 0.10952650010585785,5.002444267272949,0.0035779138561338186 | 1.3 | -0.0010334005346521735,-0.04706733673810959,-0.4429270923137665 | -0.13176082074642181,0.0327300988137722,-0.09573274850845337 | 0,0
5527 | 184.23334294185042 | 132.2018280029297,213.0515594482422,0.3494853973388672 | 0.10209202766418457,5.051638603210449,0.001007751328870654 | 1.2 | -0.029603932052850723,-0.05097552388906479,0.45128631591796875 | -0.2220994085073471,0.28578755259513855,-0.02226877771317959 | 0,0
5569 | 185.6333430148661 | 132.27088928222656,218.79132080078125,0.3464950621128082 | 0.00021516311971936375,-0.00024391920305788517,0.0006313225603662431 | 0 | -0.2239416092634201,0.0275814738124609,-7.303350867005065e-05 | -0.02386125549674034,-0.10895884037017822,-0.002200331538915634 | 1,3
5609 | 186.9666764177382 | 132.2709197998047,218.7900390625,0.3489145338535309 | 5.644502039103827e-07,-1.0698632650019135e-05,2.4982102786452742e-06 | 0 | -0.008203444071114063,-0.0003000673605129123,2.179381226596888e-06 | -1.8113807982444996e-06,4.6582616050727665e-05,-2.2312251530820504e-05 | 1,3
5651 | 188.3666764907539 | 132.2709197998047,218.7900390625,0.3489293158054352 | 2.985123614962504e-08,-3.419629379664002e-08,-2.479139880051662e-07 | 0 | -2.6244697437505238e-05,-2.5390978407813236e-05,3.938645853907019e-09 | 9.197066788146913e-07,-5.193715537643584e-07,-7.437419299094472e-06 | 1,3
5691 | 189.70000989362597 | 132.2709197998047,218.7900390625,0.3489293158054352 | 1.5673812470140547e-08,-1.244309810743971e-08,1.7163276311293885e-07 | 0 | -1.0322879461455159e-05,-1.759806036716327e-05,-3.6026395200394745e-09 | 8.167723990482045e-07,-4.4460702497417515e-07,5.72109183849534e-06 | 1,3
5731 | 191.03334329649806 | 132.2709197998047,218.7900390625,0.3489293158054352 | 1.621423689757151e-10,6.323563894738982e-10,0.0 | 0 | 4.987400075151527e-07,-3.366064049714623e-07,-1.23829724252289e-10 | 6.552389208991372e-08,1.5276073739300955e-08,0.0 | 1,3
5769 | 192.30001002922654 | 132.2709197998047,218.7900390625,0.3489293158054352 | 1.6765602239843247e-09,-2.602002779905632e-10,0.0 | 0 | -2.048980007884893e-07,-6.918037911418651e-07,5.13576056682119e-11 | -1.7168126476008183e-08,-6.946654362849358e-09,0.0 | 1,3
5811 | 193.70001010224223 | 132.2709197998047,218.7900390625,0.3489293158054352 | 3.231712397688824e-10,1.3601113291183964e-10,0.0 | 0 | 9.888074004038572e-08,-1.109784548702919e-07,-4.5280064420172295e-11 | -1.3463308690120357e-08,-7.749763497599815e-09,0.0 | 1,3
5852 | 195.06667684018612 | 132.2709197998047,218.7900390625,0.3489293158054352 | 2.26326890562234e-09,9.083096497164433e-10,0.0 | 0 | 6.953624165362271e-07,-1.0133089745067991e-06,-1.8114292010817934e-10 | 1.5861884250512048e-08,4.5699941608745576e-09,0.0 | 1,3
5893 | 196.43334357813 | 132.2709197998047,218.7900390625,0.3489293158054352 | 2.2488311213209045e-09,-2.864512099742811e-11,0.0 | 0 | -8.446531474248786e-09,-1.3844568229615106e-06,-4.453968877743408e-12 | 6.796493323690811e-08,1.5293812438699206e-08,0.0 | 1,3
5933 | 197.7666769810021 | 132.2709197998047,218.7900390625,0.3489293158054352 | 1.6022458915188054e-09,9.10438724410767e-10,0.0 | 0 | 6.96385029641533e-07,-7.854226851122803e-07,-2.1359132518217194e-10 | 4.3351423784088183e-08,4.437513467792087e-09,0.0 | 1,3
5974 | 199.13334371894598 | 132.27099609375,218.8321075439453,0.34913578629493713 | -0.00107533298432827,0.3659747242927551,4.958279987476999e-06 | 0 | -0.13352198898792267,-0.0019122036173939705,0.28424978256225586 | 0.0638846904039383,1.9613491296768188,-2.7461235731607303e-05 | 0,0
6017 | 200.56667712703347 | 132.23838806152344,222.41134643554688,0.34938856959342957 | -0.054325513541698456,3.790027141571045,1.1098918548668735e-05 | 359.2 | -0.30195313692092896,-0.01713625341653824,0.668005108833313 | -0.07204390317201614,3.908715009689331,6.121566548245028e-05 | 0,0
16530 | 551.0000287368894 | 98.47238159179688,191.67672729492188,0.34958186745643616 | 2.0544424057006836,-0.013878237456083298,0.00012740872625727206 | 90.4 | -0.010419663973152637,0.2206297218799591,-0.022730238735675812 | 4.269293308258057,-0.0013349856017157435,-0.0007528956630267203 | 0,0
16571 | 552.3666954748333 | 101.25763702392578,191.6574249267578,0.3490309715270996 | 1.6642779111862183,-0.012524764984846115,-1.620976036065258e-06 | 90.4 | 0.00045601738383993506,-0.04889220371842384,-0.04114387184381485 | -0.024440286681056023,0.004068603273481131,-9.09653608687222e-05 | 0,0
16612 | 553.7333622127771 | 104.24073791503906,191.63577270507812,0.3482234477996826 | 1.6223913431167603,-0.012355154380202293,-1.4550644664268475e-05 | 90.4 | 0.006085682660341263,0.04808337613940239,-0.010398163460195065 | -0.6316816210746765,0.001940857502631843,0.0002454348432365805 | 0,0
16652 | 555.0666956156492 | 104.56785583496094,191.63352966308594,0.34889450669288635 | -2.2600881493417546e-05,-6.076414251765527e-07,-1.5256246399530937e-07 | 0 | -0.0002660821774043143,0.017375480383634567,-1.3214943805905932e-07 | 3.9665497752139345e-05,2.811873223151906e-08,-2.5744913727976382e-05 | 0,0
16690 | 556.3333623483777 | 104.5678482055664,191.63352966308594,0.34892919659614563 | -2.3599532994467154e-07,-2.2981692993084835e-08,-2.288436888875367e-07 | 0 | -1.3899780242354609e-05,0.00018282272503711283,-4.984776591498985e-09 | 7.004866802162724e-07,-1.6990069298117305e-06,-1.3158511137589812e-05 | 0,0
16730 | 557.6666957512498 | 104.5678482055664,191.63352966308594,0.34892919659614563 | -1.9183586275062225e-08,2.660530284970264e-08,-5.530388875740755e-07 | 0 | 3.721578195836628e-06,1.5658022675779648e-05,-2.4650441687867897e-09 | -4.196839853420897e-08,-1.392225925656021e-07,-2.2884357804286992e-06 | 0,0
16769 | 558.9666958190501 | 104.5678482055664,191.63352966308594,0.34892919659614563 | -1.1393239685020262e-09,1.0792217786104175e-08,-7.437419640154985e-07 | 0 | -2.1564378585026134e-06,1.7191034658026183e-06,-1.387777670558421e-09 | 3.6987177765013257e-09,1.2066994941051234e-06,-4.576873379846802e-06 | 0,0
16809 | 560.3000292219222 | 104.5678482055664,191.63352966308594,0.34892919659614563 | 8.392659900380295e-09,-1.9943442453040916e-08,1.907030799941367e-08 | 0 | -3.362879215274006e-05,-6.3519441937387455e-06,-2.8328563939084006e-09 | 4.9156195558452964e-08,3.616164292452595e-07,0.0 | 0,0
16847 | 561.5666959546506 | 104.5678482055664,191.63352966308594,0.34892919659614563 | -6.649816253201379e-09,-1.7974002730625216e-08,8.009528755792417e-07 | 0 | 3.539687895681709e-06,5.740314009017311e-06,-2.7284069448185733e-10 | -4.472416321732453e-07,-1.0044570899481187e-06,5.721090019505937e-06 | 0,0
16887 | 562.9000293575227 | 104.5678482055664,191.63352966308594,0.34892919659614563 | -1.454075349016648e-08,3.9490082315296604e-08,7.628122489222733e-07 | 0 | 3.3378833904862404e-05,1.191607861983357e-05,6.22167373176552e-10 | 1.2690301254281167e-08,-7.435129134591989e-08,0.0 | 0,0
16927 | 564.2333627603948 | 104.5678482055664,191.63352966308594,0.34892919659614563 | 2.593313785936857e-09,1.5254954244259267e-10,1.907030799941367e-08 | 0 | -1.470637562306365e-05,-2.6652814995031804e-06,-8.748560209603795e-10 | -6.218158765669557e-10,6.008328341522429e-07,0.0 | 0,0
16968 | 565.6000294983387 | 105.47421264648438,191.6268310546875,0.3498629331588745 | 2.570228099822998,-0.012249794788658619,-1.9070307644142304e-06 | 90.3 | 0.0022992733865976334,-0.07645488530397415,0.06837484240531921 | 2.7930948734283447,-0.007391022052615881,-6.23599044047296e-05 | 0,0
17007 | 566.900029566139 | 108.44107055664062,191.6132049560547,0.34954845905303955 | 3.00946044921875,-0.011721666902303696,7.246716791087238e-07 | 90.2 | -0.0017525821458548307,0.03435085341334343,0.07723891735076904 | 2.53786301612854,-0.005941623356193304,1.4302730050985701e-05 | 0,0
17048 | 568.2666963040829 | 113.75385284423828,191.5960235595703,0.3490212857723236 | 4.405179023742676,-0.011102331802248955,-0.001785114174708724 | 90.1 | 0.019695382565259933,-0.6846014261245728,-0.26533252000808716 | -6.844510555267334,0.004304302390664816,0.023666441440582275 | 0,0
17089 | 569.6333630420268 | 118.8878402709961,191.58258056640625,0.34850752353668213 | 3.5079874992370605,-0.0068297539837658405,-3.1332514481619e-05 | 90.1 | 0.030319828540086746,-0.8251059055328369,-0.2813382148742676 | -8.579262733459473,-0.0018488102359697223,-0.00022769946372136474 | 0,0
17128 | 570.933363109827 | 123.08531951904297,191.57528686523438,0.34944069385528564 | 4.0417680740356445,-0.0019545273389667273,2.8605461466213455e-07 | 90.0 | -0.0010165165876969695,0.03517982363700867,0.15124912559986115 | 2.119023561477661,0.00013001028855796903,-2.5744913727976382e-05 | 0,0
17168 | 572.2666965126991 | 129.04579162597656,191.9252166748047,0.3494018018245697 | 4.084094047546387,2.353114366531372,-8.112508658086881e-05 | 60.1 | -2.048940658569336,-0.454959511756897,52.46879196166992 | -4.522218227386475,9.164985656738281,-0.0005658159498125315 | 0,0
17210 | 573.6666965857148 | 131.6982879638672,195.652587890625,0.3487168848514557 | 0.5294420719146729,2.630882740020752,-1.1823590284620877e-05 | 11.4 | 1.4031224250793457,0.9261083006858826,22.42359733581543 | -1.6015558242797852,-9.663412094116211,-8.58162729855394e-06 | 0,0
17252 | 575.0666966587305 | 132.1582794189453,198.31944274902344,0.34946632385253906 | 0.1786765605211258,3.051213264465332,-8.276513653981965e-06 | 3.4 | 0.472753643989563,0.08693145215511322,13.076126098632812 | -0.4773048758506775,-3.299903631210327,-9.439802670385689e-05 | 0,0
17291 | 576.3666967265308 | 132.31019592285156,201.0615234375,0.3474096953868866 | 0.0018912922823801637,0.23808324337005615,-2.675564246601425e-05 | 0 | -0.2731386125087738,-0.031467221677303314,0.4273117780685425 | -0.05389395356178284,-0.00225618458352983,0.0005869839806109667 | 0,0
17332 | 577.7333634644747 | 132.33006286621094,203.05001831054688,0.34841975569725037 | -0.00013370111992117018,-0.0003600265772547573,2.259831308037974e-05 | 0 | -0.28304874897003174,-0.026905013248324394,-8.1521415268071e-05 | 0.0005397041677497327,0.0015126557555049658,-0.0001189987306133844 | 0,0
17373 | 579.1000302024186 | 132.330078125,203.04981994628906,0.348924845457077 | 1.511288729716398e-07,-1.9834171780530596e-06,1.907030799941367e-08 | 0 | -0.0015316188801079988,-6.535830470966175e-05,8.443623187304183e-07 | -1.0580920388747472e-06,-6.033332738297759e-06,1.1442184586485382e-06 | 0,0
17415 | 580.5000302754343 | 132.3285675048828,203.2172393798828,0.3494458794593811 | -0.006649431306868792,1.027296781539917,7.361138614214724e-06 | 359.6 | -0.35329869389533997,-0.019584182649850845,1.0900795459747314 | -0.08563637733459473,6.352298259735107,2.3456475901184604e-05 | 0,0
17454 | 581.8000303432345 | 132.310546875,205.5939178466797,0.34951475262641907 | -0.035934463143348694,2.1172215938568115,5.3110805311007425e-05 | 359.0 | -0.8138073086738586,-0.08413970470428467,1.0609126091003418 | -0.14951056241989136,6.644374847412109,-0.00021053626551292837 | 0,0
17495 | 583.1666970811784 | 132.25271606445312,209.05044555664062,0.3495471179485321 | -0.06431485712528229,3.246161460876465,2.135874410669203e-06 | 358.9 | 0.1167391836643219,-0.012959749437868595,0.34196850657463074 | -0.12248161435127258,0.10717391222715378,-9.15374948817771e-06 | 0,0
17535 | 584.5000304840505 | 132.20697021484375,211.51708984375,0.3495445251464844 | -0.0581718347966671,3.063950777053833,-6.941591891518328e-06 | 358.9 | 0.3083880841732025,0.015148583799600601,-0.02377386763691902 | 0.050109583884477615,-1.650774359703064,-8.295582665596157e-05 | 0,0
17575 | 585.8333638869226 | 132.14810180664062,214.68849182128906,0.3484932482242584 | -0.03445105999708176,1.9373117685317993,5.4541078498004936e-06 | 359.0 | -0.31929463148117065,-0.01177937537431717,0.024735955521464348 | -0.026376618072390556,1.6308974027633667,0.00021568515512626618 | 0,0
17613 | 587.1000306196511 | 132.09490966796875,217.91024780273438,0.3493969738483429 | -0.044357139617204666,3.150618314743042,4.9964205572905485e-06 | 359.2 | -0.10820440948009491,-0.003561818040907383,-0.14834249019622803 | -0.02301771007478237,2.4916574954986572,-7.094153988873586e-05 | 0,0
17654 | 588.466697357595 | 132.05029296875,222.3760528564453,0.34858039021492004 | -0.009755213744938374,2.7051756381988525,2.135874456143938e-05 | 359.8 | -0.46134060621261597,-0.02062596194446087,-0.26377439498901367 | -0.03433975949883461,2.4753925800323486,0.00012185927334940061 | 0,0
