Simulation Frame | Timestamp | Position | Velocity | Heading | Angular Velocity | Acceleration | Stopped at Red Light + Light ID 
4190 | 139.66667395085096 | 98.80866241455078,191.67063903808594,0.23057468235492706 | 2.8108530044555664,-0.016315311193466187,-0.0008153319358825684 | 90.3 | 0.004121767356991768,0.19597794115543365,0.3387851417064667 | -12.944883346557617,-0.012852865271270275,0.03773346170783043 | 0,0
4200 | 140.00000730156898 | 99.20431518554688,191.6685333251953,0.23089942336082458 | 0.8913428783416748,-0.003469904651865363,0.0008674701093696058 | 0 | -0.0032338977325707674,-0.14534813165664673,-0.028605924919247627 | -0.011495946906507015,0.0015564983477815986,-0.0025979497004300356 | 0,0
4210 | 140.333340652287 | 99.59744262695312,191.6671600341797,0.23070991039276123 | 1.383886694908142,-0.006467860192060471,0.0001677042746450752 | 90.3 | -0.0018968506483361125,-0.07915803790092468,0.46633657813072205 | 1.9686447381973267,-0.015732746571302414,-0.0009857440600171685 | 0,0
4220 | 140.66667400300503 | 100.12277221679688,191.6649932861328,0.2306237667798996 | 2.099280595779419,-0.01063620112836361,3.1866482459008694e-05 | 90.3 | -0.0008241688483394682,-0.026570456102490425,-0.05845491588115692 | 2.487659215927124,-0.011965333484113216,-0.00021568524243775755 | 0,0
4230 | 141.00000735372305 | 100.95365905761719,191.66091918945312,0.23060637712478638 | 2.8266854286193848,-0.0157718937844038,5.320615400705719e-06 | 90.3 | 0.00012925527698826045,0.0011747420066967607,-0.13484543561935425 | 2.0455524921417236,-0.011261980049312115,-7.437424301315332e-06 | 0,0
4240 | 141.33334070444107 | 101.918701171875,191.65542602539062,0.2307174950838089 | 2.4397966861724854,-0.014073513448238373,1.5256244978445466e-06 | 90.3 | 0.0037153479643166065,0.11493130773305893,0.14001324772834778 | -5.348252773284912,0.033234912902116776,-1.0870075129787438e-05 | 0,0
4250 | 141.6666740551591 | 102.5523681640625,191.65196228027344,0.2308022677898407 | 1.9035253524780273,-0.01034275721758604,4.0047643778962083e-07 | 90.3 | -0.0018288332503288984,-0.06078702583909035,-0.07781977951526642 | 1.5430246591567993,-0.015474165789783001,1.8307493519387208e-05 | 0,0
4260 | 142.0000074058771 | 103.3948974609375,191.64752197265625,0.23065166175365448 | 2.6650803089141846,-0.015410302206873894,-9.7258566711389e-07 | 90.3 | -0.001109538716264069,-0.0278552807867527,-0.0947064757347107 | 2.051839590072632,-0.014734518714249134,-5.835513729834929e-05 | 0,0
4270 | 142.33334075659513 | 104.28225708007812,191.64239501953125,0.23063503205776215 | 3.0679690837860107,-0.018911972641944885,2.8605461466213455e-07 | 90.4 | 0.000928684079553932,0.035692453384399414,0.01964617893099785 | -1.5149472951889038,0.009538493119180202,-1.601905569259543e-05 | 0,0
4280 | 142.66667410731316 | 104.96766662597656,191.637939453125,0.23092703521251678 | 0.8917869925498962,-0.0046436358243227005,1.659116833252483e-06 | 0 | 0.0036618057638406754,0.1067785695195198,0.04956262931227684 | -6.64592170715332,0.04716961830854416,4.348030051914975e-05 | 0,0
4290 | 143.00000745803118 | 105.15982818603516,191.636962890625,0.23092231154441833 | -3.06824540530215e-06,-3.769194563574274e-06,-1.2967809652764117e-06 | 0 | 0.00031922399648465216,-0.01991219073534012,-3.587825005979539e-07 | -0.00011518196697579697,0.00016887484525796026,-2.3456477720174007e-05 | 0,0
4300 | 143.3333408087492 | 105.15995025634766,191.63694763183594,0.23079180717468262 | 0.0,0.0,0.0 | 0 | 0.0,0.0,0.0 | 0.00012912906822748482,2.4038919946178794e-05,1.0870074220292736e-05 | 0,0
4310 | 143.66667415946722 | 105.15998840332031,191.63694763183594,0.23074008524417877 | -1.258384827451664e-06,-2.2646774766599265e-07,-5.14898317760526e-07 | 0 | -0.0004230468475725502,-0.012943794019520283,6.434901678176175e-08 | 5.225189852353651e-06,1.8272542092745425e-06,1.1442169807196478e-06 | 0,0
4320 | 144.00000751018524 | 105.15999603271484,191.63694763183594,0.23072761297225952 | -3.645556319042953e-07,-1.17881590711022e-07,-8.96304470643372e-07 | 0 | -0.00012128500384278595,-0.0036836250219494104,1.5072950887429215e-08 | 1.0984799700963777e-06,-1.4402006627278752e-06,-3.547076994436793e-05 | 0,0
4330 | 144.33334086090326 | 105.16000366210938,191.63694763183594,0.23072326183319092 | -9.525148669808914e-08,-1.978144403835813e-08,1.1442184444376835e-07 | 0 | -5.688735473086126e-05,-0.0009387177415192127,3.3414655487007394e-09 | 2.4094558170872915e-07,5.048707674149e-09,4.004764377896208e-06 | 0,0
4340 | 144.66667421162128 | 105.16000366210938,191.63694763183594,0.23072104156017303 | -2.3064803400529854e-08,-4.8308930189477906e-08,-4.767576911035576e-07 | 0 | 1.4922610716894269e-05,-0.00020583512377925217,1.7377754790715016e-09 | -8.39623268689138e-08,-1.4100655789661687e-06,-1.9451712432783097e-05 | 0,0
4350 | 145.0000075623393 | 105.16000366210938,191.63694763183594,0.23072104156017303 | 0.0,0.0,0.0 | 0 | 0.0,0.0,0.0 | 2.1993812993059692e-07,-3.098800505085819e-07,1.4302730050985701e-05 | 0,0
4360 | 145.33334091305733 | 105.16000366210938,191.63694763183594,0.23072104156017303 | -5.2555160223732855e-09,-1.1537887978363415e-08,5.7210922221884175e-08 | 0 | -1.873258406703826e-05,-4.714441456599161e-05,7.66281066377772e-11 | -3.051809116527693e-08,-7.519157740887294e-09,0.0 | 0,0
4370 | 145.66667426377535 | 105.16000366210938,191.63694763183594,0.23072104156017303 | -1.1065402760745968e-10,1.0733401667462061e-10,-5.14898317760526e-07 | 0 | 5.6779936130624264e-06,-5.607858497569396e-07,-4.288058241819215e-10 | 7.815091684904019e-09,-2.9681922342206235e-07,-1.144218367699068e-05 | 0,0
4380 | 146.00000761449337 | 105.16000366210938,191.63694763183594,0.23072104156017303 | -7.644491706315648e-10,-2.1730053312296604e-09,-1.9070306223056832e-07 | 0 | -3.152348426738172e-06,-6.780069725209614e-06,5.2654079013558786e-12 | -4.901528960488122e-09,1.4625466171480639e-08,-1.1442178902143496e-06 | 0,0
4390 | 146.3333409652114 | 105.16000366210938,191.63694763183594,0.23072104156017303 | 2.6044100209787757e-10,-2.958665534791294e-09,-9.535153111528416e-08 | 0 | -6.244099495233968e-06,2.2087449451646535e-06,9.537265074910373e-12 | -3.8749270458993124e-08,-6.527658058530506e-08,-1.1442182312748628e-06 | 0,0
4400 | 146.6666743159294 | 105.16000366210938,191.63694763183594,0.23072104156017303 | 0.0,0.0,0.0 | 0 | 0.0,0.0,0.0 | -5.859689622411679e-08,-6.879810712234757e-07,1.0870074220292736e-05 | 0,0
4410 | 147.00000766664743 | 105.16000366210938,191.63694763183594,0.23072104156017303 | 2.9787530220204417e-09,-4.684554522071949e-09,-1.1442184444376835e-07 | 0 | -1.0136935088667087e-05,1.5000458006397821e-05,2.643251451051043e-10 | 4.325732660959147e-08,-2.281927891090163e-08,-5.721093430111068e-07 | 0,0
4420 | 147.33334101736546 | 105.16000366210938,191.63694763183594,0.23072104156017303 | 1.8082948471942473e-09,2.1352056123191687e-08,-2.479139880051662e-07 | 0 | -1.0003283023252152e-05,9.404594493389595e-06,-8.328758793751945e-10 | 7.836782600634251e-08,6.738853244314669e-07,4.576873379846802e-06 | 0,0
4430 | 147.66667436808348 | 105.16000366210938,191.63694763183594,0.23072104156017303 | 6.348481185192156e-10,-3.940590076467743e-09,-1.7163276311293885e-07 | 0 | -6.6461548158258665e-06,6.070329618523829e-06,-1.1777061964535207e-11 | 2.551388877947147e-09,-1.840484387116703e-08,-5.721089451071748e-07 | 0,0
4440 | 148.0000077188015 | 105.16000366210938,191.63694763183594,0.23072104156017303 | 2.2677912325796967e-10,-4.710249967843083e-10,-1.1442184444376835e-07 | 0 | 2.9002183055126807e-06,1.9036908724956447e-06,-2.385151520734041e-10 | 5.2572342923440374e-08,-1.5923184548682912e-07,4.576873379846802e-06 | 0,0
4450 | 148.33334106951952 | 105.16000366210938,191.63694763183594,0.23072104156017303 | 0.0,0.0,0.0 | 0 | 0.0,0.0,0.0 | -2.6445764689242424e-08,7.960226611203325e-08,9.153747669188306e-06 | 0,0
4460 | 148.66667442023754 | 105.16000366210938,191.63694763183594,0.23072104156017303 | 1.6706318550774313e-09,1.092699442040157e-08,1.907030799941367e-08 | 0 | -5.399104793468723e-06,8.399159924010746e-06,-4.460206926015786e-10 | 4.867396086183362e-08,-2.032816439623275e-07,5.1489828365447465e-06 | 0,0
4470 | 149.00000777095556 | 105.16000366210938,191.63694763183594,0.23072104156017303 | -2.1414679751696752e-10,8.509124072020313e-09,-5.7210922221884175e-08 | 0 | 1.7394897440681234e-05,-2.611457375678583e-06,-1.4711049045601499e-10 | 7.305942073543292e-09,1.3401859177974984e-06,0.0 | 0,0
4480 | 149.33334112167358 | 105.16000366210938,191.63694763183594,0.23072104156017303 | -1.7006909769357037e-10,8.202232226750539e-10,-9.535153111528416e-08 | 0 | 1.243265978700947e-05,-1.6345120457117446e-06,-6.166944177543598e-10 | -4.9973656324198146e-09,-4.981458232578007e-07,1.4874838598188944e-05 | 0,0
4490 | 149.6666744723916 | 105.16000366210938,191.63694763183594,0.23072104156017303 | 2.9127431022679673e-10,-2.8796176554379826e-09,-9.535153111528416e-08 | 0 | -6.713930815749336e-06,2.39011342273443e-06,8.773982408671888e-12 | -3.782427171472591e-08,-6.290514420470572e-08,-1.1442182312748628e-06 | 0,0
4500 | 150.00000782310963 | 105.16000366210938,191.63694763183594,0.23072104156017303 | 0.0,0.0,0.0 | 0 | 0.0,0.0,0.0 | -5.891774534916294e-08,-6.242830750124995e-07,1.0870074220292736e-05 | 0,0
4510 | 150.33334117382765 | 105.16000366210938,191.63694763183594,0.23072104156017303 | -1.4538795722884856e-09,-9.722163518688376e-09,-1.1442184444376835e-07 | 0 | 1.24962343761581e-05,-6.1228843151184265e-06,1.62794291935775e-10 | -1.0829835916936759e-09,3.565936310678808e-07,0.0 | 0,0
4520 | 150.66667452454567 | 105.16000366210938,191.63694763183594,0.23072104156017303 | 6.37819186355415e-10,2.743221116929817e-08,-3.623358395543619e-07 | 0 | -1.229760982823791e-05,2.0305187717895024e-05,3.180369023692009e-10 | 8.720274280449303e-08,-9.86335408015293e-07,1.0297964763594791e-05 | 0,0
4530 | 151.0000078752637 | 105.16000366210938,191.63694763183594,0.23072104156017303 | -2.8232305382402956e-10,-1.648170311341346e-08,2.0977338976990723e-07 | 0 | 5.8225024986313656e-05,-1.9332067040522816e-06,3.4095068435213705e-10 | -4.293705391233971e-09,-3.6861570151813794e-07,1.3730620594287757e-05 | 0,0
4540 | 151.3333412259817 | 105.16000366210938,191.63694763183594,0.23072104156017303 | -2.5231083888854755e-10,3.5231634276655655e-10,-5.7210922221884175e-08 | 0 | 2.30436967285641e-06,-2.1035773443145445e-06,-8.834734332996419e-11 | 2.1255562643318626e-08,8.115191008073452e-07,-5.721091724808502e-07 | 0,0
4550 | 151.66667457669973 | 105.16000366210938,191.63694763183594,0.23072104156017303 | 0.0,0.0,0.0 | 0 | 0.0,0.0,0.0 | -2.9323357964017305e-08,-4.863128992838028e-07,1.544694896438159e-05 | 0,0
4560 | 152.00000792741776 | 105.16000366210938,191.63694763183594,0.23072104156017303 | 4.4474277594019895e-09,2.2513541253488256e-08,-5.7210922221884175e-08 | 0 | -1.0009670404542703e-05,2.134328315150924e-05,-5.114745293965939e-10 | 5.1057128303000354e-08,-1.1113733222600786e-07,4.576873834594153e-06 | 0,0
4570 | 152.33334127813578 | 105.16000366210938,191.63694763183594,0.23072104156017303 | 2.524611186771608e-09,2.4703705747697313e-08,-5.530388875740755e-07 | 0 | -4.8540339776081964e-05,9.345591024612077e-06,1.0957010038864512e-12 | 1.1386714504624251e-07,1.809892069104535e-06,-1.029796385410009e-05 | 0,0
4580 | 152.6666746288538 | 105.16000366210938,191.63694763183594,0.23072104156017303 | -1.3076895122310361e-10,6.247398154357597e-09,-1.907030799941367e-08 | 0 | 1.2507400242611766e-05,-1.6647404663672205e-06,-9.262098032980504e-12 | 2.6803265162911316e-10,5.8316068418662326e-08,0.0 | 0,0
4590 | 153.00000797957182 | 105.16000366210938,191.63694763183594,0.23072104156017303 | -1.8392222467245034e-10,-1.072599231655147e-09,-5.7210922221884175e-08 | 0 | 7.581312502225046e-07,-1.4990846466389485e-06,-1.1728205906447187e-10 | 2.3428514239753895e-08,9.788848274183692e-07,0.0 | 0,0
4600 | 153.33334133028984 | 105.16000366210938,191.63694763183594,0.23072104156017303 | 0.0,0.0,0.0 | 0 | 0.0,0.0,0.0 | -1.693104501043763e-08,-8.85020085661381e-07,1.544694896438159e-05 | 0,0
4610 | 153.66667468100786 | 105.16000366210938,191.63694763183594,0.23072104156017303 | 3.944273796463449e-10,2.7224810850157155e-08,-5.14898317760526e-07 | 0 | -3.30829898302909e-05,2.642801518959459e-06,-8.350959368463862e-10 | -2.513087515865209e-08,5.304536898620427e-07,-1.7163276424980722e-05 | 0,0
4620 | 154.00000803172588 | 105.16064453125,191.63694763183594,0.23071879148483276 | 0.017257999628782272,-6.451048102462664e-05,3.2419524131910293e-07 | 0 | -1.9269441509095486e-06,-0.002642774023115635,0.010878058150410652 | 0.21886907517910004,-0.001160460407845676,8.009529665287118e-06 | 0,0
4630 | 154.3333413824439 | 105.2738265991211,191.63699340820312,0.23063762485980988 | 0.7654621601104736,-0.005687839817255735,1.3921323898102855e-06 | 0 | -0.002275781473144889,-0.034302420914173126,-0.5217442512512207 | 2.056040048599243,-0.031325098127126694,4.977349817636423e-05 | 0,0
4640 | 154.66667473316193 | 105.65574645996094,191.63462829589844,0.2305627018213272 | 1.826291561126709,-0.015296414494514465,5.911795142310439e-07 | 90.5 | -0.0011432371102273464,-0.026945939287543297,-0.09130057692527771 | 3.3725271224975586,-0.030691007152199745,6.8653098423965275e-06 | 0,0
4650 | 155.00000808387995 | 106.408447265625,191.6283416748047,0.2306499481201172 | 2.071666717529297,-0.01772925816476345,4.1954677953981445e-07 | 90.5 | 0.001740162493661046,0.04251386225223541,1.9450890249572694e-05 | -0.027279851958155632,0.0009302794351242483,-5.721084903598239e-07 | 0,0
4660 | 155.33334143459797 | 107.12152099609375,191.622314453125,0.23067516088485718 | 2.4205620288848877,-0.021008949726819992,-7.818825906724669e-07 | 90.5 | -0.0012879269197583199,-0.038863811641931534,-0.09150380641222 | 2.828106641769409,-0.02828601561486721,-1.0870073310798034e-05 | 0,0
4670 | 155.666674785316 | 107.96007537841797,191.61505126953125,0.23061881959438324 | 3.100926637649536,-0.02816285565495491,5.339686026673007e-07 | 90.5 | -0.0005154325626790524,-0.008596479892730713,-0.07670655101537704 | 2.059936285018921,-0.022284070029854774,-1.1442186860222137e-06 | 0,0
4680 | 156.000008136034 | 108.93143463134766,191.60604858398438,0.23082572221755981 | 1.8848377466201782,-0.01584767922759056,2.116804125762428e-06 | 90.5 | 0.003026294754818082,0.07227747142314911,0.09713789820671082 | -2.9053542613983154,0.03116017021238804,5.7210920203942806e-05 | 0,0
4690 | 156.33334148675203 | 109.51815032958984,191.60121154785156,0.23075035214424133 | 2.1812477111816406,-0.018213540315628052,1.2777105666827993e-06 | 90.5 | -0.0024722313974052668,-0.06758329272270203,-0.051489148288965225 | 2.1146247386932373,-0.018634365871548653,6.007146293995902e-05 | 0,0
4700 | 156.66667483747005 | 110.36634826660156,191.5941619873047,0.23064132034778595 | 2.8673250675201416,-0.024499399587512016,-7.628123199765469e-08 | 90.5 | -0.0008493416826240718,-0.019848816096782684,-0.048847634345293045 | 2.0171711444854736,-0.0185850802809,4.634083961718716e-05 | 0,0
4710 | 157.00000818818808 | 111.5574951171875,191.58407592773438,0.23061911761760712 | 3.5925185680389404,-0.030833035707473755,-4.767576911035576e-07 | 90.5 | 7.625132275279611e-05,-0.0017377483891323209,-0.02776857279241085 | 1.9466685056686401,-0.014173573814332485,-4.4624517613556236e-05 | 0,0
4720 | 157.3333415389061 | 112.67135620117188,191.5745391845703,0.23066729307174683 | 3.7188148498535156,-0.03056493028998375,-4.1954677953981445e-07 | 90.5 | 0.0012336315121501684,0.029784472659230232,0.08189254254102707 | -0.05069732293486595,0.0006899982108734548,-2.116803989338223e-05 | 0,0
4730 | 157.66667488962412 | 114.04347229003906,191.56369018554688,0.2306947261095047 | 3.9080302715301514,-0.028520550578832626,1.1823590284620877e-06 | 90.4 | -0.0008413739851675928,-0.025431707501411438,0.04014497622847557 | 1.9470762014389038,-0.01625262014567852,7.094153988873586e-05 | 0,0
4740 | 158.00000824034214 | 115.29377746582031,191.5548858642578,0.23065249621868134 | 4.373326778411865,-0.028303300961852074,-1.4302730733106728e-06 | 90.4 | -0.00015264624380506575,-0.0061357030645012856,0.13331712782382965 | 1.3102482557296753,-0.00013969837164040655,-1.3730621503782459e-05 | 0,0
4750 | 158.33334159106016 | 116.97350311279297,191.54454040527344,0.23066173493862152 | 4.7376508712768555,-0.024831561371684074,1.6019057511584833e-06 | 90.3 | 6.927995855221525e-05,0.007886418141424656,0.20563970506191254 | 0.7541226744651794,-0.0006830132915638387,6.12156800343655e-05 | 0,0
4760 | 158.66667494177818 | 118.4248275756836,191.5375518798828,0.23067988455295563 | 4.914121150970459,-0.018773939460515976,-9.535153822071152e-07 | 90.2 | 0.00013159163063392043,0.0071958196349442005,0.25564539432525635 | 0.469880074262619,0.01731516607105732,-3.547076994436793e-05 | 0,0
4770 | 159.0000082924962 | 119.86512756347656,191.5326690673828,0.23086249828338623 | 3.4555091857910156,-0.003846248844638467,-2.0977338408556534e-06 | 90.1 | 0.001993726007640362,0.08651036769151688,0.470361590385437 | -5.296453952789307,0.022949684411287308,-0.00011384973186068237 | 0,0
4780 | 159.33334164321423 | 121.0810317993164,191.53189086914062,0.23078811168670654 | 3.307180643081665,0.0016593696782365441,9.535153111528416e-08 | 90.0 | -0.0014722645282745361,-0.04108034446835518,0.194402277469635 | -0.04468917474150658,0.011959266848862171,2.4600694814580493e-05 | 0,0
4790 | 159.66667499393225 | 122.0698013305664,191.53245544433594,0.2307376116514206 | 3.2405900955200195,0.0044465805403888226,-2.288436888875367e-07 | 89.9 | -0.00021812398335896432,0.002556893276050687,0.22516533732414246 | -1.6409825086593628,0.009290039539337158,6.865310297143878e-06 | 0,0
4800 | 160.00000834465027 | 123.16841888427734,191.5341033935547,0.230697900056839 | 3.4984304904937744,0.007259014528244734,8.200231604860164e-07 | 89.9 | -0.000644400657620281,-0.031139271333813667,0.10022963583469391 | 1.6801785230636597,0.012337084859609604,4.691295180236921e-05 | 0,0
4810 | 160.3333416953683 | 124.22637176513672,191.53627014160156,0.23079119622707367 | 2.7847416400909424,0.009102897718548775,-2.479139880051662e-07 | 89.8 | 0.0010594186605885625,0.017921851947903633,0.13688184320926666 | -0.010621546767652035,0.006074057426303625,-5.721089451071748e-07 | 0,0
4820 | 160.6666750460863 | 125.22455596923828,191.53944396972656,0.230697900056839 | 3.257268190383911,0.011321771889925003,-1.0107263506142772e-06 | 89.8 | -0.0011740881018340588,-0.04147588089108467,0.04841360077261925 | 1.8472551107406616,0.0059632486663758755,-9.153747669188306e-06 | 0,0
4830 | 161.00000839680433 | 126.32894134521484,191.54408264160156,0.23073779046535492 | 2.858968496322632,0.02829301357269287,-5.530388875740755e-07 | 89.4 | 0.007960556074976921,0.09989737719297409,0.7818185687065125 | -5.338639736175537,0.17044749855995178,3.4326562854403164e-06 | 0,0
4840 | 161.33334174752235 | 127.08991241455078,191.5675506591797,0.23082168400287628 | 2.1617183685302734,0.15034930408000946,-8.200231604860164e-07 | 86.0 | 0.012658253312110901,-0.04024253785610199,3.6951842308044434 | -0.12319564074277878,0.9531226754188538,2.1740150259574875e-05 | 0,0
4850 | 161.66667509824038 | 127.79927825927734,191.64602661132812,0.23075512051582336 | 2.1008379459381104,0.401214063167572,-1.7163276311293885e-07 | 79.2 | -0.009923064149916172,-0.01504685077816248,9.181352615356445 | -0.11751651018857956,0.43290403485298157,-3.661499067675322e-05 | 0,0
4860 | 162.0000084489584 | 128.4865264892578,191.82199096679688,0.23074057698249817 | 1.9866045713424683,0.7984141111373901,1.220499711962475e-06 | 68.1 | 0.03316035494208336,-0.03846431151032448,16.74095916748047 | 1.8070863485336304,1.597516417503357,3.833131631836295e-05 | 0,0
4870 | 162.33334179967642 | 129.22732543945312,192.16127014160156,0.23067474365234375 | 2.3677845001220703,1.561403751373291,6.483904826382059e-07 | 56.6 | 0.049880560487508774,0.0038956855423748493,28.423622131347656 | -0.0044775004498660564,3.2819721698760986,3.089389792876318e-05 | 0,0
4880 | 162.66667515039444 | 129.95654296875,192.66932678222656,0.23070873320102692 | 2.1368749141693115,2.088170051574707,-1.0488669204278267e-06 | 45.7 | -0.0664924830198288,0.043245378881692886,32.41048812866211 | -3.4890315532684326,-0.6854223608970642,4.4052405428374186e-05 | 0,0
4890 | 163.00000850111246 | 130.4157257080078,193.11341857910156,0.2309047281742096 | 0.866873025894165,1.1451129913330078,5.530388875740755e-07 | 37.1 | 0.029533058404922485,-0.018199298530817032,16.44926643371582 | -0.008971094153821468,1.122747540473938,3.032178574358113e-05 | 0,0
4900 | 163.33334185183048 | 130.7762451171875,193.54820251464844,0.23073534667491913 | 1.0135560035705566,1.6136090755462646,1.3349215066682518e-07 | 32.1 | 0.015405639074742794,-0.014801518991589546,20.11290740966797 | -0.15410183370113373,0.17003773152828217,4.8629277443978935e-05 | 0,0
4910 | 163.6666752025485 | 131.11949157714844,194.05929565429688,0.23072998225688934 | 0.8880659341812134,1.682724118232727,-6.293201408880122e-07 | 27.8 | -0.02645965851843357,-0.028471095487475395,17.91366958618164 | 1.0253958702087402,-0.2766358554363251,-8.009528755792417e-06 | 0,0
4920 | 164.00000855326653 | 131.4576873779297,194.70993041992188,0.230666384100914 | 0.9028380513191223,2.491136312484741,-5.14898317760526e-07 | 19.9 | 0.0352555550634861,0.01152462512254715,26.04327392578125 | -0.26258108019828796,2.408766508102417,3.146600283798762e-05 | 0,0
4930 | 164.33334190398455 | 131.778564453125,195.59524536132812,0.23069670796394348 | 0.5823860168457031,2.6995787620544434,-4.576873777750734e-07 | 12.2 | -0.09168825298547745,0.007122463546693325,25.52001190185547 | -2.754617691040039,-3.7142226696014404,-7.437419299094472e-06 | 0,0
4940 | 164.66667525470257 | 131.8996124267578,196.04356384277344,0.23100779950618744 | -5.209855589782819e-05,0.00011118173279101029,-8.390935590796289e-07 | 0 | -0.08388551324605942,-0.0023123309947550297,0.00018220228957943618 | -0.8916603922843933,-5.293907642364502,4.5768715608573984e-06 | 0,0
4950 | 165.0000086054206 | 131.8996124267578,196.04376220703125,0.2308160364627838 | 1.4869638107484207e-05,-1.1314059520373121e-05,9.7258566711389e-07 | 0 | 0.06626348197460175,-0.008324811235070229,0.00017632739036343992 | -0.00010367142385803163,5.710651385015808e-05,5.778302875114605e-05 | 0,0
4960 | 165.3333419561386 | 131.89962768554688,196.0438232421875,0.23075133562088013 | -1.1100979691036628e-06,-1.7261185121242306e-06,-2.0977338976990723e-07 | 0 | 0.021404234692454338,-0.003044419689103961,-0.00010135299089597538 | 6.6870093178295065e-06,6.096746346884174e-06,9.725856216391549e-06 | 0,0
4970 | 165.66667530685663 | 131.89962768554688,196.04383850097656,0.23073145747184753 | -5.283623067953158e-07,-4.878298227595224e-07,1.907030799941367e-08 | 0 | 0.0066560725681483746,-0.0006859009154140949,-3.0175411666277796e-05 | 3.939238467864925e-06,1.0902680713797963e-07,5.721092293242691e-07 | 0,0
4980 | 166.00000865757465 | 131.89962768554688,196.04383850097656,0.2307235598564148 | -1.770153090774329e-07,-1.014943293853321e-07,1.3349215066682518e-07 | 0 | 0.0015945606864988804,-8.585731848143041e-06,-6.60960586174042e-06 | 2.7502464945428073e-06,-9.804255114431726e-07,-5.721092293242691e-06 | 0,0
4990 | 166.33334200829268 | 131.89962768554688,196.04383850097656,0.23072150349617004 | -4.437879752572371e-08,-1.3210237348459941e-08,5.530388875740755e-07 | 0 | 0.0002552922524046153,3.027629281859845e-05,-7.187882147263736e-07 | -1.331363819190301e-06,-3.963070867030183e-07,1.6591166058788076e-05 | 0,0
5000 | 166.6666753590107 | 131.89962768554688,196.04383850097656,0.23072150349617004 | -4.6575635792578396e-08,2.011519173450438e-09,3.623358395543619e-07 | 0 | 0.00013508755364455283,-7.890349661465734e-05,-8.136847782225232e-07 | -7.932718517622561e-07,4.522435403941927e-07,-5.721084903598239e-07 | 0,0
5010 | 167.00000870972872 | 131.89962768554688,196.04383850097656,0.23072047531604767 | 7.939222612662888e-09,-9.053704452810507e-09,6.293201408880122e-07 | 0 | 6.036007835064083e-05,8.544795491616242e-06,-1.971172736148219e-07 | 7.835646442799771e-07,-3.644552180048777e-07,2.288436735398136e-05 | 0,0
5020 | 167.33334206044674 | 131.89962768554688,196.04383850097656,0.23072047531604767 | -2.0162891800623584e-08,4.762049865547624e-09,3.8140612446113664e-07 | 0 | 1.05323033494642e-05,-1.54985100380145e-05,-2.633328399781476e-08 | -4.167457063886104e-07,8.950066643365062e-08,0.0 | 0,0
5030 | 167.66667541116476 | 131.89962768554688,196.04383850097656,0.23072047531604767 | 6.074925562593592e-10,-8.55267912047708e-10,-1.3349215066682518e-07 | 0 | 5.350497758627171e-06,-1.1494880709506106e-06,-1.9009114282653172e-08 | -5.618654985717342e-10,-6.421169818082717e-09,-1.1442184586485382e-06 | 0,0
5040 | 168.00000876188278 | 131.89962768554688,196.04383850097656,0.23072047531604767 | 5.1902743214427e-10,-2.2838127222701843e-10,-3.814061599882734e-08 | 0 | -7.590923587486031e-07,-3.338797341712052e-06,-7.222564213371641e-10 | 1.55708228533058e-08,-6.851437639454616e-09,-1.1442184586485382e-06 | 0,0
5050 | 168.3333421126008 | 131.89962768554688,196.04383850097656,0.23072047531604767 | 1.3897328843270884e-09,-6.560651466536171e-10,-4.576873777750734e-07 | 0 | -3.3240639822906815e-06,-1.0276997272740118e-05,-7.621861364270899e-09 | 4.3572967456384504e-07,-1.140736785032459e-07,-1.0870074220292736e-05 | 0,0
5060 | 168.66667546331882 | 131.89962768554688,196.04383850097656,0.23072047531604767 | 1.0363137015190205e-08,-3.806952975082822e-09,-9.535153111528416e-08 | 0 | 2.21044115278346e-06,2.6464758775546215e-06,-3.3179481384593146e-09 | 1.1389444125597947e-06,-4.125855355141539e-07,0.0 | 0,0
5070 | 169.00000881403685 | 131.89962768554688,196.04383850097656,0.23072047531604767 | 7.016345726640338e-09,-4.4883634586767585e-09,-2.0977338976990723e-07 | 0 | 1.741352753015235e-05,1.575199894432444e-05,1.7507899130464466e-08 | 7.623854116900475e-07,-4.409711493735813e-07,4.0047639231488574e-06 | 0,0
5080 | 169.33334216475487 | 131.89962768554688,196.04383850097656,0.23072047531604767 | 2.422591460771173e-09,-6.407169794719891e-10,0.0 | 0 | -2.0515437881840626e-06,-1.8484287238607067e-06,6.304391231282125e-09 | -6.906745397827763e-07,2.727099968069524e-07,0.0 | 0,0
5090 | 169.6666755154729 | 131.89962768554688,196.04383850097656,0.23072047531604767 | 5.324889834623647e-11,-7.45765948995114e-11,0.0 | 0 | 2.566249577284907e-07,-4.6985741164462524e-07,-7.863645290484556e-10 | 1.597466825487004e-09,-2.2372976804518885e-09,0.0 | 0,0
5100 | 170.0000088661909 | 131.89962768554688,196.04383850097656,0.23072047531604767 | -3.9847336541498635e-10,1.6594682572534936e-10,-1.907030799941367e-08 | 0 | -1.2958993877987268e-08,5.843367603119987e-07,7.131270574056714e-11 | 3.892922428860857e-09,-2.810222610172275e-10,0.0 | 0,0
5110 | 170.33334221690893 | 131.89962768554688,196.04383850097656,0.23072047531604767 | -3.7571243338696547e-10,1.9183248045617773e-10,0.0 | 0 | -3.338059855195752e-07,1.1715200116668711e-06,3.55107210303629e-09 | -8.76577477271212e-09,2.3262851645000637e-09,0.0 | 0,0
5120 | 170.66667556762695 | 131.90052795410156,196.04750061035156,0.23071688413619995 | 0.014108650386333466,0.027935592457652092,-1.3349215066682518e-07 | 0 | -0.0034107728861272335,-0.01314402837306261,-0.024977626278996468 | 0.03747763857245445,0.1979457288980484,-3.089389792876318e-05 | 0,0
5130 | 171.00000891834497 | 131.92333984375,196.14089965820312,0.23065917193889618 | 0.12406681478023529,0.6200566291809082,2.2312258352030767e-06 | 0 | 0.030456045642495155,-0.0005769239505752921,3.8317108154296875 | 0.36244285106658936,2.299623966217041,3.4326510558457812e-06 | 0,0
5140 | 171.333342269063 | 132.01600646972656,196.5480194091797,0.23057417571544647 | 0.29944151639938354,1.8214243650436401,-5.339686026673007e-07 | 9.3 | 0.015979506075382233,-0.00043387769255787134,11.504677772521973 | 0.37917670607566833,3.1240758895874023,5.148983291292097e-06 | 0,0
5150 | 171.66667561978102 | 132.13284301757812,197.17958068847656,0.2306632250547409 | 0.23850053548812866,1.9379404783248901,-1.3349215066682518e-07 | 7.0 | -0.039276208728551865,0.0048844520933926105,10.748398780822754 | -0.684204638004303,0.028281209990382195,-2.517280518077314e-05 | 0,0
5160 | 172.00000897049904 | 132.22886657714844,197.84852600097656,0.23067496716976166 | 0.2171960175037384,2.355586528778076,-4.386170644465892e-07 | 5.3 | 0.043178725987672806,0.006415180396288633,10.770143508911133 | -0.048702653497457504,2.8147599697113037,-1.4874838598188944e-05 | 0,0
5170 | 172.33334232121706 | 132.32273864746094,198.7596893310547,0.2306278496980667 | 0.18626345694065094,3.023603677749634,1.9070306223056832e-07 | 3.5 | -0.017950143665075302,-0.023394500836730003,10.61070442199707 | 0.5894167423248291,0.14725683629512787,-4.176396760158241e-05 | 0,0
5180 | 172.66667567193508 | 132.37721252441406,199.55189514160156,0.23081772029399872 | 0.08027827739715576,1.9312877655029297,-7.628123199765469e-08 | 2.4 | -0.013871382921934128,-0.015029226429760456,4.916048049926758 | 0.5112207531929016,0.14783261716365814,-1.659116787777748e-05 | 0,0
5190 | 173.0000090226531 | 132.40823364257812,200.27212524414062,0.23070059716701508 | 0.04093159735202789,2.4701552391052246,-8.772341288931784e-07 | 0.9 | 0.049830276519060135,0.010692667216062546,5.70210075378418 | -0.6881741285324097,2.0127437114715576,-9.725856216391549e-06 | 0,0
5200 | 173.33334237337112 | 132.4326629638672,201.29812622070312,0.23065993189811707 | -0.0015775185311213136,2.8398807048797607,-7.246716791087238e-07 | 360.0 | -0.0552891381084919,-0.0062076617032289505,5.1212334632873535 | -0.13569891452789307,-2.9802844524383545,-1.6019057511584833e-05 | 0,0
5210 | 173.66667572408915 | 132.4377899169922,201.95301818847656,0.23080752789974213 | -0.021281642839312553,1.9805550575256348,-1.0679372053346015e-06 | 359.4 | 0.015969015657901764,0.008604283444583416,2.8835010528564453 | -0.3603499233722687,-0.036967989057302475,-5.778302875114605e-05 | 0,0
5220 | 174.00000907480717 | 132.43618774414062,202.59906005859375,0.23076216876506805 | -0.025806384161114693,1.7925419807434082,-4.386170644465892e-07 | 359.2 | -0.007161266170442104,-0.006372406147420406,2.3746588230133057 | 0.22983942925930023,-1.0252474546432495,5.72109183849534e-06 | 0,0
5230 | 174.3333424255252 | 132.42979431152344,203.2407989501953,0.23068983852863312 | -0.04326333478093147,2.236670970916748,-7.05601394201949e-07 | 358.9 | 0.04896416515111923,0.00021601555636152625,1.958860993385315 | -0.10507038980722427,2.516519784927368,5.148981927050045e-06 | 0,0
5240 | 174.6666757762432 | 132.41661071777344,204.12060546875,0.23061953485012054 | -0.06539890915155411,2.9891600608825684,-1.487483928030997e-06 | 358.7 | 0.00998825766146183,-0.00035026096156798303,1.8299168348312378 | -0.050083767622709274,2.1402523517608643,-4.748506034957245e-05 | 0,0
5250 | 175.00000912696123 | 132.39378356933594,205.21011352539062,0.23065142333507538 | -0.08721372485160828,3.2196755409240723,-2.6698430133365036e-07 | 358.4 | -0.07185468822717667,-0.0005809718859381974,1.6257994174957275 | 0.08509016782045364,-3.156115770339966,9.725856216391549e-06 | 0,0
5260 | 175.33334247767925 | 132.36972045898438,206.16818237304688,0.230746790766716 | -0.08107111603021622,2.908374786376953,-3.432655262258777e-07 | 358.4 | 0.03007953055202961,-0.00297628459520638,0.7468198537826538 | 0.14231397211551666,1.3425706624984741,-4.233607614878565e-05 | 0,0
5270 | 175.66667582839727 | 132.34210205078125,207.1844024658203,0.2307054102420807 | -0.09159868210554123,3.0656752586364746,-1.3730621049035108e-06 | 358.3 | -0.0050812396220862865,0.0034724813885986805,0.6223984956741333 | -0.18618887662887573,-0.04745006188750267,-2.746123936958611e-05 | 0,0
5280 | 176.0000091791153 | 132.31317138671875,208.21229553222656,0.23070262372493744 | -0.09694892913103104,3.2581920623779297,-5.721092293242691e-07 | 358.3 | 0.037650927901268005,0.003074010368436575,0.2770475447177887 | -0.21313144266605377,3.1213042736053467,-6.522044714074582e-05 | 0,0
5290 | 176.33334252983332 | 132.27806091308594,209.44235229492188,0.23062342405319214 | -0.1156369000673294,4.032468795776367,-1.3349215066682518e-07 | 358.4 | 0.01117105595767498,-0.00012639685883186758,0.11950502544641495 | -0.06677693873643875,2.0124361515045166,4.576873834594153e-06 | 0,0
5300 | 176.66667588055134 | 132.23757934570312,210.88848876953125,0.23062846064567566 | -0.12701170146465302,4.5540361404418945,0.0 | 358.4 | -0.015302871353924274,0.00012724072439596057,0.041921406984329224 | -0.013080238364636898,0.7036685347557068,4.004764377896208e-06 | 0,0
5310 | 177.00000923126936 | 132.20167541503906,212.2003631591797,0.23084743320941925 | -0.0874953418970108,3.0943081378936768,9.535153111528416e-08 | 358.4 | -0.09221987426280975,0.00044999856618233025,0.22825106978416443 | 0.13555771112442017,-5.2909464836120605,-5.778303602710366e-05 | 0,0
5320 | 177.33334258198738 | 132.17332458496094,213.1953887939453,0.23077529668807983 | -0.08921487629413605,3.151923656463623,-4.958279760103323e-07 | 358.4 | 0.07047594338655472,-0.00024892808869481087,-0.081508107483387 | -0.035977136343717575,1.6367839574813843,5.148983291292097e-06 | 0,0
5330 | 177.6666759327054 | 132.14100646972656,214.35169982910156,0.23065638542175293 | -0.10079196840524673,3.7439324855804443,1.7163276311293885e-07 | 358.5 | 0.017527414485812187,-0.0009335370268672705,-0.160746231675148 | -0.005712434183806181,1.2007497549057007,2.746123936958611e-05 | 0,0
5340 | 178.00000928342342 | 132.10833740234375,215.59661865234375,0.23069529235363007 | -0.09195526689291,3.72684645652771,1.5256246399530937e-07 | 358.6 | -0.015598185360431671,-0.0005045231082476676,-0.254789263010025 | 0.03415703400969505,-0.0500178299844265,1.6019057511584833e-05 | 0,0
5350 | 178.33334263414145 | 132.0778350830078,216.873046875,0.23067829012870789 | -0.08710283786058426,4.067004203796387,5.14898317760526e-07 | 358.8 | 0.025876708328723907,-0.0014405128313228488,-0.5205437541007996 | 0.01717686466872692,1.6887472867965698,4.805716889677569e-05 | 1,3
5360 | 178.66667598485947 | 132.0536651611328,218.06817626953125,0.2308402955532074 | -0.04823901876807213,2.726069927215576,-1.6019057511584833e-06 | 359.0 | -0.10314710438251495,0.0013378961011767387,-0.1946556121110916 | 0.16233767569065094,-6.260847568511963,-4.748506034957245e-05 | 1,3
5370 | 179.0000093355775 | 132.04483032226562,218.57827758789062,0.23105628788471222 | 1.7221496818820015e-05,5.051582775195129e-05,6.865310524517554e-07 | 0 | -0.038035422563552856,0.0021773725748062134,-0.0005992178339511156 | 0.08483712375164032,-5.082085609436035,4.977349817636423e-05 | 1,3
5380 | 179.3333426862955 | 132.04483032226562,218.5784454345703,0.23085917532444 | -1.573082226968836e-05,-8.08509867056273e-06,-4.0047643778962083e-07 | 0 | 0.08415759354829788,-0.0008629064541310072,-5.833392151544103e-06 | 4.1776580474106595e-05,2.38437296502525e-05,8.581638212490361e-06 | 1,3
5390 | 179.66667603701353 | 132.04483032226562,218.57855224609375,0.23075877130031586 | 4.743046702060383e-07,-2.2985529994912213e-06,-3.2419524131910293e-07 | 0 | 0.023916272446513176,-0.000274232414085418,3.1565896279062144e-06 | -1.127324296135157e-07,8.170171895471867e-06,3.432654466450913e-06 | 1,3
5400 | 180.00000938773155 | 132.04483032226562,218.5785675048828,0.23073382675647736 | 7.779619437542351e-08,-6.880574687784247e-07,4.0047643778962083e-07 | 0 | 0.006872726604342461,-8.23767259134911e-05,8.531729349670059e-07 | -7.990117865119828e-07,8.722110464987054e-07,1.3158511137589812e-05 | 1,3
5410 | 180.33334273844957 | 132.04483032226562,218.5785675048828,0.23072494566440582 | 4.523157670632827e-08,-1.4873674558657513e-07,-2.0977338976990723e-07 | 0 | 0.001409903634339571,3.75884810637217e-05,1.5886797655184637e-07 | 7.505116172978887e-07,-4.5702276452175283e-07,1.1442178902143496e-06 | 1,3
5420 | 180.6666760891676 | 132.04483032226562,218.5785675048828,0.23072165250778198 | 0.0,0.0,0.0 | 0 | 0.0,0.0,0.0 | -9.359437171951868e-07,2.163475983252283e-06,4.004764377896208e-06 | 1,3
5430 | 181.00000943988562 | 132.04483032226562,218.5785675048828,0.23072165250778198 | -9.35094668363945e-09,-1.701154594968557e-08,3.8140612446113664e-07 | 0 | 0.00017968891188502312,-3.465803456492722e-05,2.382233432740577e-08 | 7.776765187372803e-08,7.682243818862844e-08,1.315851022809511e-05 | 1,3
5440 | 181.33334279060364 | 132.04483032226562,218.5785675048828,0.2307206243276596 | -2.581576374893757e-08,-6.1386451477574155e-09,5.14898317760526e-07 | 0 | 5.5397063988493755e-05,2.4885086531867273e-05,6.0323332995437795e-09 | -1.0356301345382235e-06,-5.954436388400097e-10,1.1442186860222137e-06 | 1,3
5450 | 181.66667614132166 | 132.04483032226562,218.5785675048828,0.2307206243276596 | -1.0887029056050324e-08,-2.1947632600216593e-09,3.2419524131910293e-07 | 0 | 1.683552000031341e-05,2.0095969375688583e-05,1.6064933827664163e-09 | -3.0554357266510124e-08,-2.0200364048150732e-08,0.0 | 1,3
5460 | 182.00000949203968 | 132.04483032226562,218.5785675048828,0.2307206243276596 | 3.434823259151898e-10,-5.70428648760668e-10,-9.535153111528416e-08 | 0 | 4.908667506242637e-06,2.2904526275624448e-08,4.2002104572169685e-10 | -1.0867194788488632e-07,-8.286234809418147e-09,-1.1442182312748628e-06 | 1,3
5470 | 182.3333428427577 | 132.04483032226562,218.5785675048828,0.2307206243276596 | 0.0,0.0,0.0 | 0 | 0.0,0.0,0.0 | 5.552608968173445e-07,-3.6800791747282346e-08,-1.7163275742859696e-06 | 1,3
5480 | 182.66667619347572 | 132.04483032226562,218.5785675048828,0.2307206243276596 | -4.230727324028294e-09,-9.360959923876422e-11,-5.7210922221884175e-08 | 0 | 2.5622847488193656e-07,5.978008175588911e-06,2.861771930540158e-10 | -1.060938984664972e-06,5.949393866444552e-08,5.721091383747989e-06 | 1,3
5490 | 183.00000954419374 | 132.04483032226562,218.5785675048828,0.2307206243276596 | -1.2302195928626247e-09,1.2462121612433208e-10,0.0 | 0 | -1.6898783314900356e-06,2.5278754947066773e-06,-2.4201426973569085e-10 | -1.3459879433241895e-08,-1.9354271518778887e-09,0.0 | 1,3
5500 | 183.33334289491177 | 132.04483032226562,218.5785675048828,0.2307206243276596 | -1.5554542098783486e-09,3.357854966301588e-11,0.0 | 0 | -7.007859608165745e-07,2.45254682340601e-06,-8.457344546908274e-11 | 4.7712598316707044e-09,-8.605334500533246e-11,0.0 | 1,3
5510 | 183.6666762456298 | 132.04483032226562,218.5785675048828,0.2307206243276596 | 2.8195609735881533e-10,-1.1506915212344815e-11,0.0 | 0 | 1.6135540192863118e-07,-6.785149366805854e-07,1.581677670781101e-11 | 4.770286832211923e-09,-8.607890095158055e-11,0.0 | 1,3
5520 | 184.0000095963478 | 132.04483032226562,218.5785675048828,0.2307206243276596 | 0.0,0.0,0.0 | 0 | 0.0,0.0,0.0 | 1.5620855720044347e-08,-4.485085358663099e-10,0.0 | 1,3
5530 | 184.33334294706583 | 132.04483032226562,218.5785675048828,0.2307206243276596 | -7.593322637333699e-10,1.9251624600036266e-11,0.0 | 0 | -3.780625945637439e-07,1.0952011280096485e-06,-4.725925206727766e-11 | 4.44366499152693e-09,-9.20718154495681e-11,0.0 | 1,3
5540 | 184.66667629778385 | 132.04483032226562,218.5785675048828,0.2307206243276596 | -5.031282612755206e-10,1.539750445200827e-11,0.0 | 0 | -2.835450061411393e-07,8.213078785956895e-07,-4.8659909435144755e-11 | -3.322479003031731e-08,-6.01644900566356e-10,0.0 | 1,3
5550 | 185.00000964850187 | 132.04483032226562,218.5785675048828,0.2307206243276596 | -2.7841121075233843e-10,4.590448680896753e-12,0.0 | 0 | -1.24491904784918e-07,2.762076576345862e-07,-1.7621943834700282e-11 | 4.448190704664512e-09,-9.198924955100551e-11,0.0 | 1,3
5560 | 185.3333429992199 | 132.04483032226562,218.5785675048828,0.2307206243276596 | 4.371079498355357e-09,-1.9100803161364865e-09,-2.0977338976990723e-07 | 0 | 1.1326756975904573e-05,2.3625891117262654e-05,3.800524131514216e-11 | 1.2744398247832578e-07,-5.7043280321522616e-08,-6.293201295193285e-06 | 1,3
5570 | 185.66667634993792 | 132.04483032226562,218.5785675048828,0.2307206243276596 | 0.0,0.0,0.0 | 0 | 0.0,0.0,0.0 | 1.1894924512034777e-07,-4.786870011486144e-09,0.0 | 1,3
5580 | 186.00000970065594 | 132.04483032226562,218.5785675048828,0.2307206243276596 | -2.3925974534932948e-09,2.6746137856553664e-12,0.0 | 0 | -4.1025373320735525e-07,2.9640418688359205e-06,-1.1434552957267918e-11 | 1.1078317818657979e-08,2.0235515485467204e-09,0.0 | 1,3
5590 | 186.33334305137396 | 132.04483032226562,218.5785675048828,0.2307206243276596 | -2.6103483818928908e-09,-1.0144440842907443e-10,0.0 | 0 | 3.7259448504300963e-07,4.4356120270094834e-06,3.500434317404988e-11 | -2.3507380930709587e-08,5.741727648889139e-10,0.0 | 1,3
5600 | 186.66667640209198 | 132.04483032226562,218.5785675048828,0.2307206243276596 | -2.1630926383409133e-08,2.1426462826212855e-09,-3.432655262258777e-07 | 0 | -9.871543625195045e-06,-4.7281158913392574e-05,7.413490932250966e-10 | -6.984094511608419e-07,6.18508053662481e-08,-1.0297964763594791e-05 | 1,3
5610 | 187.00000975281 | 132.04483032226562,218.5785675048828,0.2307206243276596 | -2.361154882724037e-10,-7.12050210460724e-11,0.0 | 0 | 6.248348540793813e-07,2.1875762001855037e-07,7.237931781700624e-11 | 3.471983367475673e-09,-1.0087346929976704e-10,0.0 | 1,3
5620 | 187.33334310352802 | 132.04483032226562,218.5785675048828,0.2307206243276596 | -6.02640826130596e-10,-8.741436047232654e-11,-1.907030799941367e-08 | 0 | 4.751921949264215e-07,3.692647624120582e-06,1.1778885158908459e-11 | -1.807922345165025e-08,-2.6224307170252814e-09,-5.721092293242691e-07 | 1,3
5630 | 187.66667645424604 | 132.04483032226562,218.5785675048828,0.2307206243276596 | 3.303545881294667e-08,1.6827542137498597e-10,-1.7163276311293885e-07 | 0 | 3.9936767279868945e-06,2.3615397367393598e-05,1.3254117803285226e-09 | 1.0096508731294307e-06,-1.8384016087225064e-08,-7.437419299094472e-06 | 1,3
5640 | 188.00000980496407 | 132.04483032226562,218.5785675048828,0.2307206243276596 | 6.464782043025252e-09,-1.0184959542414163e-09,-1.1442184444376835e-07 | 0 | 3.1013642001198605e-06,2.1523572286241688e-05,-8.798101691631643e-10 | 6.189987402649422e-07,-6.983110267810844e-08,-6.293200840445934e-06 | 1,3
5650 | 188.3333431556821 | 132.04483032226562,218.5785675048828,0.2307206243276596 | -2.8454802958322034e-09,-6.71791566819735e-10,-9.535153111528416e-08 | 0 | 5.426639290817548e-06,6.445453436754178e-06,5.585527595997064e-10 | -3.449679653044768e-08,-4.7575792194720634e-09,0.0 | 1,3
5660 | 188.6666765064001 | 132.04483032226562,218.5785675048828,0.2307206243276596 | -7.909289223562155e-09,1.6572110350665525e-09,1.7163276311293885e-07 | 0 | -9.946362297341693e-06,-1.513853385404218e-05,7.459155515476823e-11 | -1.874971502502376e-07,5.381905410217769e-08,5.72109183849534e-06 | 1,3
5670 | 189.00000985711813 | 132.04483032226562,218.5785675048828,0.2307206243276596 | 0.0,0.0,0.0 | 0 | 0.0,0.0,0.0 | 8.029473974602297e-07,-3.0023386443644995e-08,1.4302730050985701e-05 | 1,3
5680 | 189.33334320783615 | 132.04483032226562,218.5785675048828,0.2307206243276596 | 7.674103019716938e-10,2.983604752149205e-10,0.0 | 0 | -2.554789489295217e-06,-2.8678198304987745e-06,-2.107659602401668e-10 | 4.857645876654715e-07,-1.1461148474722904e-08,0.0 | 1,3
5690 | 189.66667655855417 | 132.04483032226562,218.5785675048828,0.2307206243276596 | 3.3685839895269964e-08,2.788205222259421e-10,-9.535153111528416e-08 | 0 | 3.2890304737520637e-06,1.9341081497259438e-05,1.5723246038490402e-09 | 8.273074172393535e-07,3.696182560020134e-08,-5.721089451071748e-07 | 1,3
5700 | 190.0000099092722 | 132.04483032226562,218.5785675048828,0.2307206243276596 | -5.058250263090258e-09,-4.07968547833093e-10,-5.7210922221884175e-08 | 0 | 2.353740910621127e-06,1.453982349630678e-05,-9.124470623511627e-11 | 1.2365980239792407e-07,-5.822904469710011e-08,-6.865310297143878e-06 | 1,3
5710 | 190.33334325999022 | 132.04483032226562,218.5785675048828,0.2307206243276596 | -1.7822662234934228e-09,-2.1002052874585786e-10,-1.907030799941367e-08 | 0 | 1.3952550261819852e-06,5.8873474699794315e-06,9.384961557890037e-11 | -2.1449123721595242e-07,-5.744716702338337e-09,0.0 | 1,3
5720 | 190.66667661070824 | 132.04483032226562,218.5785675048828,0.2307206243276596 | 0.0,0.0,0.0 | 0 | 0.0,0.0,0.0 | -9.423420124221593e-07,-4.9378416910883516e-09,4.004764377896208e-06 | 1,3
5730 | 191.00000996142626 | 132.04483032226562,218.5785675048828,0.2307206243276596 | -4.545160636748591e-10,-1.5463802460757847e-10,0.0 | 0 | 1.1263213082202128e-06,6.466415811701154e-07,7.859594919334967e-11 | 3.742030685316422e-09,-2.4990323144180593e-09,0.0 | 1,3
5740 | 191.33334331214428 | 132.04483032226562,218.5785675048828,0.2307206243276596 | 1.2371137447786396e-09,-2.8702758919640914e-11,0.0 | 0 | 5.486254508468846e-07,-2.3073237116477685e-06,6.066218360967213e-11 | 4.775796202949323e-09,-8.59797094632242e-11,0.0 | 1,3
5750 | 191.6666766628623 | 132.04483032226562,218.5785675048828,0.2307206243276596 | -3.434267592528073e-10,9.479203880169429e-12,0.0 | 0 | -1.8903148202298325e-07,5.475476996252837e-07,-3.717328181385149e-11 | -3.072703336215454e-08,-5.469715791406315e-10,0.0 | 1,3
5760 | 192.00001001358032 | 132.04483032226562,218.5785675048828,0.2307206243276596 | -5.822170523472892e-10,1.3778158301780419e-11,0.0 | 0 | -2.85849012016115e-07,9.547499075779342e-07,-4.838470596402189e-11 | -3.072711152185548e-08,-5.469726338525049e-10,0.0 | 1,3
5770 | 192.33334336429834 | 132.04483032226562,218.5785675048828,0.2307206243276596 | 0.0,0.0,0.0 | 0 | 0.0,0.0,0.0 | -1.7910034344481573e-08,3.352529087674583e-10,0.0 | 1,3
5780 | 192.66667671501637 | 132.04483032226562,218.5785675048828,0.2307206243276596 | 3.582073249130957e-10,-6.876223982571483e-12,0.0 | 0 | 1.3368814677505725e-07,-8.096600936369214e-07,1.2342564470468886e-11 | 4.775799755663002e-09,-8.597891149042525e-11,0.0 | 1,3
5790 | 193.0000100657344 | 132.04483032226562,218.5785675048828,0.2307206243276596 | -3.977202595040197e-11,2.8878356411916883e-13,0.0 | 0 | -2.7674357028217855e-08,-1.309961561446471e-07,-6.344205976532846e-12 | 4.775309037086117e-09,-8.598739081877582e-11,0.0 | 1,3
5800 | 193.3333434164524 | 132.04483032226562,218.5785675048828,0.2307206243276596 | -3.601587084123281e-11,1.5673141950944824e-10,0.0 | 0 | -1.5539978903689189e-06,-1.4720917818067392e-07,-1.9308830923048248e-10 | -1.9295841369171285e-08,-1.0544239925636134e-09,0.0 | 1,3
5810 | 193.66667676717043 | 132.04483032226562,218.5785675048828,0.2307206243276596 | 2.8195609735881533e-10,-1.1506907406089173e-11,0.0 | 0 | 1.6135540192863118e-07,-6.785149366805854e-07,1.5817102835824493e-11 | 4.770287276301133e-09,-8.607884544042932e-11,0.0 | 1,3
5820 | 194.00001011788845 | 132.04483032226562,218.5785675048828,0.2307206243276596 | 0.0,0.0,0.0 | 0 | 0.0,0.0,0.0 | 3.234684342601213e-08,-8.410724894325483e-10,0.0 | 1,3
5830 | 194.33334346860647 | 132.04483032226562,218.5785675048828,0.2307206243276596 | 9.887394375462932e-11,-3.673035486873033e-11,0.0 | 0 | 3.654271267805598e-07,-3.6103017464483855e-07,4.074704115786254e-11 | 4.775307260729278e-09,-8.598756429112342e-11,0.0 | 1,3
5840 | 194.6666768193245 | 132.04483032226562,218.5785675048828,0.2307206243276596 | -3.977202595040197e-11,2.8878399780003783e-13,0.0 | 0 | -2.7674357028217855e-08,-1.309961561446471e-07,-6.344172149425065e-12 | 4.775309037086117e-09,-8.598747408550267e-11,0.0 | 1,3
5850 | 195.00001017004251 | 132.04483032226562,218.5785675048828,0.2307206243276596 | -4.3645817515702845e-10,7.476522873028912e-12,0.0 | 0 | -1.890355321165771e-07,5.476747446664376e-07,-2.54947278566231e-11 | 1.9848613863615583e-09,-1.4605958109648043e-10,0.0 | 1,3
5860 | 195.33334352076054 | 132.04483032226562,218.5785675048828,0.2307206243276596 | 4.420200316879175e-10,3.2010574746443865e-11,0.0 | 0 | -9.449378524095664e-08,2.729201185047714e-07,2.2912243283212952e-11 | 9.572206138841466e-09,1.2194457665870573e-09,0.0 | 1,3
5870 | 195.66667687147856 | 132.04483032226562,218.5785675048828,0.2307206243276596 | 0.0,0.0,0.0 | 0 | 0.0,0.0,0.0 | -2.017214661975686e-08,1.5174460576972137e-09,0.0 | 1,3
5880 | 196.00001022219658 | 132.04483032226562,218.5785675048828,0.2307206243276596 | 9.88735551765707e-11,-3.673037568541204e-11,0.0 | 0 | 3.654271267805598e-07,-3.6102690614825406e-07,4.07464374740929e-11 | 4.7715587037089335e-09,-8.605553075691219e-11,0.0 | 1,3
5890 | 196.3333435729146 | 132.04483032226562,218.5785675048828,0.2307206243276596 | -3.977222023943128e-11,2.887810704541721e-13,0.0 | 0 | -2.7674357028217855e-08,-1.309961561446471e-07,-6.344025998972214e-12 | 4.775793538414064e-09,-8.59791751683936e-11,0.0 | 1,3
5900 | 196.66667692363262 | 132.04483032226562,218.5785675048828,0.2307206243276596 | -4.377593010307379e-10,7.453587226591285e-12,0.0 | 0 | -1.8903605791820155e-07,5.47680713225418e-07,-2.5029076033966646e-11 | 4.77574513269019e-09,-8.597499795426344e-11,0.0 | 1,3
5910 | 197.00001027435064 | 132.04483032226562,218.5785675048828,0.2307206243276596 | 2.8195609735881533e-10,-1.1506912610259601e-11,0.0 | 0 | 1.6135540192863118e-07,-6.785149366805854e-07,1.581691895513604e-11 | 4.770287720390343e-09,-8.607887319600493e-11,0.0 | 1,3
5920 | 197.33334362506866 | 132.04483032226562,218.5785675048828,0.2307206243276596 | 0.0,0.0,0.0 | 0 | 0.0,0.0,0.0 | 1.2790887460312206e-08,-5.092796184769099e-10,0.0 | 1,3
5930 | 197.6666769757867 | 132.04483032226562,218.5785675048828,0.2307206243276596 | -1.812676408974312e-08,5.876611974819923e-10,0.0 | 0 | -1.8826114001058158e-06,3.2983743949444033e-06,6.840840116595359e-10 | -5.199543693379383e-07,1.1677527389508668e-08,0.0 | 1,3
5940 | 198.0000103265047 | 132.04483032226562,218.5785675048828,0.2307206243276596 | -1.9354533253856943e-10,-1.2057400217146963e-11,0.0 | 0 | 5.765186372741482e-08,1.2899332091365068e-07,5.597378463506608e-12 | 1.1093873375500607e-08,1.931319514036911e-11,0.0 | 1,3
5950 | 198.33334367722273 | 132.04483032226562,218.5785675048828,0.2307206243276596 | 3.2137228989093103e-10,5.98311816757402e-11,0.0 | 0 | -5.257273869574419e-07,-7.590805353174801e-07,-6.702349092391202e-11 | 4.775783324362237e-09,-8.597455386505359e-11,0.0 | 1,3
5960 | 198.66667702794075 | 132.04483032226562,218.5785675048828,0.2307206243276596 | 2.8195609735881533e-10,-1.1506908273450911e-11,0.0 | 0 | 1.6135540192863118e-07,-6.785149366805854e-07,1.581771172376456e-11 | 4.770287720390343e-09,-8.607874135702076e-11,0.0 | 1,3
5970 | 199.00001037865877 | 132.04483032226562,218.5785675048828,0.2307206243276596 | 0.0,0.0,0.0 | 0 | 0.0,0.0,0.0 | -1.0129912020317988e-08,1.2308796204507644e-09,0.0 | 1,3
5980 | 199.3333437293768 | 132.04483032226562,218.5785675048828,0.2307206243276596 | -1.9946896911982037e-10,6.207558338883201e-12,0.0 | 0 | -1.2219112477396266e-07,1.4275742898917088e-07,-1.783268498145585e-11 | 2.2780584085779765e-09,-1.4064942266411862e-10,0.0 | 1,3
5990 | 199.66667708009481 | 132.04483032226562,218.5785675048828,0.2307206243276596 | -3.963293582209815e-11,2.9166252746293253e-13,0.0 | 0 | -2.7677643288370746e-08,-1.3100451212721964e-07,-6.4034966565373885e-12 | 4.482628934709965e-09,-9.137835627059943e-11,0.0 | 1,3
6000 | 200.00001043081284 | 132.04483032226562,218.5785675048828,0.2307206243276596 | 2.802813259261683e-10,-8.475120778783651e-12,0.0 | 0 | 1.3138551935298892e-07,-6.762188036191219e-07,1.221138468121552e-11 | 4.775799755663002e-09,-8.597902945162161e-11,0.0 | 1,3
6010 | 200.33334378153086 | 132.04483032226562,218.5785675048828,0.2307206243276596 | 2.8195609735881533e-10,-1.1506916079706553e-11,0.0 | 0 | 1.6135540192863118e-07,-6.785149366805854e-07,1.5817264165107758e-11 | 4.770287720390343e-09,-8.607894952383788e-11,0.0 | 1,3
6020 | 200.66667713224888 | 132.04483032226562,218.5785675048828,0.2307206243276596 | 0.0,0.0,0.0 | 0 | 0.0,0.0,0.0 | -8.479162261210149e-09,-1.4174428297764052e-09,0.0 | 1,3
6030 | 201.0000104829669 | 132.04483032226562,218.5785675048828,0.2307206243276596 | -1.2724070685976585e-09,5.6295943601236687e-11,0.0 | 0 | -1.0327682957722573e-06,2.610745241327095e-06,-1.6240367384234844e-10 | -1.1114515530152858e-08,-1.8832913006860963e-09,0.0 | 1,3
6040 | 201.33334383368492 | 132.04483032226562,218.5785675048828,0.2307206243276596 | 1.043525377220078e-09,-1.0627107527305668e-10,0.0 | 0 | 1.2610810244950699e-06,-1.9621879800979514e-06,1.468538762816607e-10 | 4.775789541611175e-09,-8.597954986866441e-11,0.0 | 1,3
6050 | 201.66667718440294 | 132.04483032226562,218.5785675048828,0.2307206243276596 | -1.0851150200608117e-08,1.7084869075034703e-09,-3.623358395543619e-07 | 0 | -1.119656371884048e-05,-3.8140322430990636e-05,-3.3222402606725154e-10 | -2.2623154904977127e-07,4.75357282425648e-08,-1.0297964763594791e-05 | 1,3
6060 | 202.00001053512096 | 132.04483032226562,218.5785675048828,0.2307206243276596 | 4.411472021015328e-10,-1.4372904776072115e-11,0.0 | 0 | 2.2590040771319764e-07,-9.499830753156857e-07,2.3295651865873346e-11 | 4.775732698192314e-09,-8.597993844672303e-11,0.0 | 1,3
6070 | 202.33334388583899 | 132.04483032226562,218.5785675048828,0.2307206243276596 | 0.0,0.0,0.0 | 0 | 0.0,0.0,0.0 | 4.356954264039814e-08,-1.2748658795302958e-09,0.0 | 1,3
6080 | 202.666677236557 | 132.04483032226562,218.5785675048828,0.2307206243276596 | -4.1444767756582124e-11,3.320611147161756e-12,0.0 | 0 | -5.7644236051146436e-08,-1.2870005150489305e-07,-9.951774647409817e-12 | 4.7758001997522115e-09,-8.597910577945456e-11,0.0 | 1,3
6090 | 203.00001058727503 | 132.04483032226562,218.5785675048828,0.2307206243276596 | -3.9755698733046074e-11,2.890626648634209e-13,0.0 | 0 | -2.7674360580931534e-08,-1.3099598561439052e-07,-6.353508431172772e-12 | 4.737374492691515e-09,-8.665513445693662e-11,0.0 | 1,3
6100 | 203.33334393799305 | 132.04483032226562,218.5785675048828,0.2307206243276596 | 1.2110826230760097e-10,-5.608604726481392e-12,0.0 | 0 | 6.683889353098493e-08,-4.0476027152180905e-07,4.7284563417515635e-12 | 4.7414636661358145e-09,-8.658426753349602e-11,0.0 | 1,3
6110 | 203.66667728871107 | 132.04483032226562,218.5785675048828,0.2307206243276596 | 2.819560696032397e-10,-1.1506918681791767e-11,0.0 | 0 | 1.6135540192863118e-07,-6.785149366805854e-07,1.5816282311620355e-11 | 4.770286388122713e-09,-8.607897727941349e-11,0.0 | 1,3
6120 | 204.0000106394291 | 132.04483032226562,218.5785675048828,0.2307206243276596 | 0.0,0.0,0.0 | 0 | 0.0,0.0,0.0 | -8.47916048485331e-09,-1.4174428297764052e-09,0.0 | 1,3
6130 | 204.3333439901471 | 132.04483032226562,218.5785675048828,0.2307206243276596 | 3.5821109967137943e-10,-6.876139848482898e-12,0.0 | 0 | 1.3368814677505725e-07,-8.096665737866715e-07,1.2342427427314284e-11 | 4.775798423395372e-09,-8.597896700157648e-11,0.0 | 1,3
6140 | 204.66667734086514 | 132.04483032226562,218.5785675048828,0.2307206243276596 | -3.977601234494976e-11,2.886905937828782e-13,0.0 | 0 | -2.7674357028217855e-08,-1.3098964757318754e-07,-6.3440385757174145e-12 | 4.7758001997522115e-09,-8.597903639051552e-11,0.0 | 1,3
6150 | 205.00001069158316 | 132.04483032226562,218.5785675048828,0.2307206243276596 | -4.2668424349301404e-10,7.656758040097689e-12,0.0 | 0 | -1.8903453735674702e-07,5.47662750705058e-07,-2.7860710266613964e-11 | -1.899197066279612e-08,-1.0488157009547194e-09,0.0 | 1,3
6160 | 205.33334404230118 | 132.04483032226562,218.5785675048828,0.2307206243276596 | 1.4533024783602855e-09,1.5726506208402213e-10,0.0 | 0 | -9.477170124227996e-07,-2.3261284241016256e-06,-6.115319362010041e-11 | 2.2517568254443177e-08,1.9033061793294337e-09,0.0 | 1,3
6170 | 205.6666773930192 | 132.04483032226562,218.5785675048828,0.2307206243276596 | 0.0,0.0,0.0 | 0 | 0.0,0.0,0.0 | 2.4832843337208033e-08,2.1324286780810553e-09,0.0 | 1,3
6180 | 206.00001074373722 | 132.04483032226562,218.5785675048828,0.2307206243276596 | -1.1479150963111806e-09,2.965132306353979e-11,0.0 | 0 | -5.693918296856282e-07,1.7761528852133779e-06,-7.238427912614753e-11 | -1.9323691091699402e-08,-1.0549076057131401e-09,0.0 | 1,3
6190 | 206.33334409445524 | 132.04483032226562,218.5785675048828,0.2307206243276596 | 1.7111957406612532e-09,7.473743152131007e-11,0.0 | 0 | -1.685285155872407e-07,-4.117142907489324e-06,2.2043280395456222e-11 | 8.146174224066272e-08,2.439133117704273e-09,0.0 | 1,3
6200 | 206.66667744517326 | 132.04483032226562,218.5785675048828,0.2307206243276596 | -3.676963594712035e-11,1.3834149104052784e-10,0.0 | 0 | -1.3741688462687307e-06,-1.6098120170227048e-07,-1.686706330161769e-10 | 3.871189147020004e-09,-1.1824831391837876e-10,0.0 | 1,3
6210 | 207.00001079589128 | 132.04483032226562,218.5785675048828,0.2307206243276596 | 2.8195609735881533e-10,-1.1506906538727435e-11,0.0 | 0 | 1.6135540192863118e-07,-6.785149366805854e-07,1.5817826215513975e-11 | 4.770286832211923e-09,-8.607876911259638e-11,0.0 | 1,3
6220 | 207.3333441466093 | 132.04483032226562,218.5785675048828,0.2307206243276596 | 4.476015738608119e-11,-7.178869911722563e-12,0.0 | 0 | 6.453917222870587e-08,-2.713123024022934e-07,4.189945699423214e-12 | 1.3428046452546027e-09,-2.153660860759743e-10,0.0 | 1,3
6230 | 207.66667749732733 | 132.04483032226562,218.5785675048828,0.2307206243276596 | 9.887376334338782e-11,-3.673035833817728e-11,0.0 | 0 | 3.654271267805598e-07,-3.6103017464483855e-07,4.0747672597207796e-11 | 4.77574602086861e-09,-8.59800702857072e-11,0.0 | 1,3
6240 | 208.00001084804535 | 132.04483032226562,218.5785675048828,0.2307206243276596 | 2.0470891648471934e-10,4.564895336733876e-11,0.0 | 0 | -2.835178634086333e-07,8.203292622965819e-07,-8.967498618672742e-12 | -4.6550727716976326e-09,1.6667166535810907e-09,0.0 | 1,3
6250 | 208.33334419876337 | 132.04483032226562,218.5785675048828,0.2307206243276596 | -4.364582306681797e-10,7.47651506677327e-12,0.0 | 0 | -1.890355321165771e-07,5.476747446664376e-07,-2.5496266556346292e-11 | 1.9848580556924844e-09,-1.4605974762993412e-10,0.0 | 1,3
6260 | 208.6666775494814 | 132.04483032226562,218.5785675048828,0.2307206243276596 | -5.822171078584404e-10,1.3778155699695205e-11,0.0 | 0 | -2.85849012016115e-07,9.547499075779342e-07,-4.8385299239450674e-11 | -3.072711152185548e-08,-5.469725228302025e-10,0.0 | 1,3
6270 | 209.0000109001994 | 132.04483032226562,218.5785675048828,0.2307206243276596 | 0.0,0.0,0.0 | 0 | 0.0,0.0,0.0 | -2.017214661975686e-08,1.5174460576972137e-09,0.0 | 1,3
6280 | 209.33334425091743 | 132.0448455810547,218.578125,0.23072130978107452 | -0.00016418912855442613,-0.0061489008367061615,0.0 | 0 | -0.00045296107418835163,0.0005375213222578168,0.01705135963857174 | -0.013099773786962032,0.34065014123916626,-4.519662252278067e-05 | 0,0
6290 | 209.66667760163546 | 132.04409790039062,218.60006713867188,0.2306952178478241 | -0.004477201495319605,0.2929741442203522,1.0107263506142772e-06 | 0 | 0.041907742619514465,-0.001419389620423317,-0.9348090887069702 | -0.0477893203496933,2.6555542945861816,1.0297966582584195e-05 | 0,0
6300 | 210.00001095235348 | 132.03863525390625,218.88575744628906,0.23059867322444916 | -0.016169076785445213,1.3491843938827515,4.576873777750734e-07 | 359.3 | 0.04109349474310875,-0.0008421395905315876,-0.3285142481327057 | -0.05600234121084213,4.975200653076172,1.6591166058788076e-05 | 0,0
6310 | 210.3333443030715 | 132.03152465820312,219.44155883789062,0.2305883765220642 | -0.022138778120279312,1.9987953901290894,-3.0512492799061874e-07 | 359.4 | -0.05227161571383476,0.0025417543947696686,-0.28826969861984253 | -0.06007382273674011,-0.026721952483057976,-2.2884369172970764e-06 | 0,0
6320 | 210.66667765378952 | 132.02462768554688,220.1062774658203,0.23069049417972565 | -0.01516619324684143,1.9901014566421509,1.7163276311293885e-07 | 359.6 | -0.02127508819103241,5.417009015218355e-05,-0.37600454688072205 | 0.04137122631072998,-0.025953052565455437,-5.148982381797396e-06 | 0,0
6330 | 211.00001100450754 | 132.01805114746094,220.90704345703125,0.23062850534915924 | -0.01526421308517456,2.7964701652526855,-1.1442184444376835e-07 | 359.7 | 0.02032880298793316,-0.0004932402516715229,-0.5550982356071472 | -0.021524278447031975,2.2038815021514893,1.3730620594287757e-05 | 0,0
6340 | 211.33334435522556 | 132.0124053955078,221.96023559570312,0.23061271011829376 | -0.007821979001164436,3.476961374282837,9.535153111528416e-08 | 359.9 | -0.0005193055840209126,-0.0005423976108431816,-0.6573750376701355 | 0.003320630406960845,1.9710015058517456,-2.2312258806778118e-05 | 0,0
6350 | 211.66667770594358 | 132.00973510742188,223.23255920410156,0.230616495013237 | 0.0025156394112855196,4.119919776916504,5.911795142310439e-07 | 0.0 | -0.0015382805140689015,-0.000964456528890878,-0.655063271522522 | 0.07664666324853897,1.8988322019577026,6.293201295193285e-06 | 0,0
6360 | 212.0000110566616 | 132.01145935058594,224.71502685546875,0.2306206077337265 | 0.016350755468010902,4.732381343841553,-4.576873777750734e-07 | 0.2 | -0.0030329832807183266,0.0010016802698373795,-0.604871392250061 | 0.0006781517877243459,1.6795347929000854,-2.86054591924767e-06 | 0,0
6370 | 212.33334440737963 | 132.01846313476562,226.36285400390625,0.23140090703964233 | 0.032035402953624725,5.031567096710205,0.004428945481777191 | 0.4 | -0.02694857306778431,0.0006108461529947817,-0.4759770631790161 | 0.05290086939930916,2.012486219406128,0.025542961433529854 | 0,0
13250 | 441.66668970137835 | 136.4557647705078,225.31259155273438,0.23118869960308075 | -0.09943792223930359,-5.398622512817383,-6.102498559812375e-07 | 181.1 | 0.0014033688930794597,0.000650515896268189,-3.2622103691101074 | -0.41210663318634033,-0.004105567466467619,-3.547076994436793e-05 | 0,0
13260 | 442.00002305209637 | 136.42041015625,223.51031494140625,0.2311897575855255 | -0.14229333400726318,-5.402328968048096,3.623358395543619e-07 | 181.5 | 0.001245281775481999,-0.008665390312671661,-1.8977103233337402 | 0.03249182924628258,-0.016679761931300163,-3.4326553759456147e-06 | 0,0
13270 | 442.3333564028144 | 136.37184143066406,221.70692443847656,0.23119044303894043 | -0.16418549418449402,-5.406888484954834,5.911795142310439e-07 | 181.7 | 0.001349295605905354,-0.004550720099359751,-0.9929952621459961 | -0.012277363799512386,-0.016150472685694695,-5.835513729834929e-05 | 0,0
13280 | 442.6666897535324 | 136.31646728515625,219.90208435058594,0.23119090497493744 | -0.17685315012931824,-5.411998748779297,1.029796635521052e-06 | 181.9 | 0.001465769368223846,-0.00022915037698112428,-0.5468336939811707 | -0.06279944628477097,-0.014605521224439144,6.007146293995902e-05 | 0,0
13290 | 443.00002310425043 | 136.2575225830078,218.0955810546875,0.23119112849235535 | -0.18415091931819916,-5.4172587394714355,7.05601394201949e-07 | 181.9 | 0.0014961540000513196,0.0002707178355194628,-0.3305659890174866 | -0.05162983760237694,-0.014448164962232113,1.0870075129787438e-05 | 0,0
13300 | 443.33335645496845 | 136.1952362060547,216.28741455078125,0.23119112849235535 | -0.19265836477279663,-5.422389984130859,7.628123199765469e-08 | 182.0 | 0.0014580381102859974,-0.0006514679989777505,-0.2641025483608246 | -0.01990511827170849,-0.015835760161280632,7.437419299094472e-06 | 0,0
13310 | 443.6666898056865 | 136.13148498535156,214.47750854492188,0.2311914712190628 | -0.18796303868293762,-5.428112030029297,1.0107263506142772e-06 | 182.0 | 0.0013416084693744779,-0.004015828017145395,0.07239431887865067 | 0.11999978870153427,-0.020813940092921257,1.6019059330574237e-05 | 0,0
13320 | 444.0000231564045 | 136.0709686279297,212.66574096679688,0.23119215667247772 | -0.16791926324367523,-5.434115886688232,-5.721092293242691e-07 | 181.8 | 0.0014751325361430645,-0.0015108213992789388,0.5189485549926758 | 0.07797225564718246,-0.017952917143702507,2.6889130822382867e-05 | 0,0
13330 | 444.3333565071225 | 136.020751953125,210.90724182128906,0.2308952659368515 | -0.09982907772064209,-4.394189834594727,-0.010296220891177654 | 181.3 | 0.17372700572013855,-0.005894678644835949,1.5101218223571777 | 0.42223063111305237,13.007711410522461,-0.30885571241378784 | 1,6
13340 | 444.66668985784054 | 136.0061492919922,210.1929473876953,0.23092876374721527 | -0.0020706932991743088,-0.2020881175994873,0.0010757751297205687 | 0 | 0.07201064378023148,0.005482106003910303,0.20103740692138672 | 0.1175743043422699,11.035420417785645,-0.00015446798352058977 | 1,6
13350 | 445.00002320855856 | 136.00572204589844,210.19178771972656,0.23085550963878632 | 2.0573133951984346e-05,1.0347540410293732e-05,0.0003312893968541175 | 0 | -0.12032243609428406,0.004184436984360218,1.3219681932241656e-05 | -4.585626447806135e-05,-3.09468996420037e-05,-0.0016705585876479745 | 1,6
13360 | 445.3333565592766 | 136.00572204589844,210.19168090820312,0.23076441884040833 | -4.660134607092914e-07,3.4985253023478435e-06,8.019064262043685e-05 | 0 | -0.03597555309534073,0.0011785830138251185,-7.913015906524379e-06 | -1.282814650949149e-06,-9.597994903742801e-06,-0.0002048150636255741 | 1,6
13370 | 445.6666899099946 | 136.00570678710938,210.19163513183594,0.23073355853557587 | -7.086091358132762e-08,9.138313430412381e-07,2.000475251406897e-05 | 0 | -0.008992447517812252,0.00022385272313840687,-1.939970616149367e-06 | -1.3137226915205247e-06,-7.662623033866112e-07,-1.1442169807196478e-06 | 1,6
13380 | 446.0000232607126 | 136.00570678710938,210.19161987304688,0.2307249754667282 | 1.3607084348166154e-08,1.8841321036688896e-07,3.928483238269109e-06 | 0 | -0.0017252879915758967,2.587699236755725e-05,-3.303846085600526e-07 | 1.1387575113985804e-06,8.191979077309952e-07,5.148983291292097e-06 | 1,6
13390 | 446.33335661143064 | 136.00570678710938,210.19161987304688,0.2307216227054596 | -2.2755058282086793e-08,8.6771450469314e-08,2.2693666323903017e-06 | 0 | -0.0008704055799171329,-5.827655513712671e-06,-1.98957906150099e-07 | -2.128318676852814e-08,-3.3498557172606525e-07,-5.148983291292097e-06 | 1,6
13400 | 446.66668996214867 | 136.00570678710938,210.19161987304688,0.2307216227054596 | 1.467673360622257e-08,2.680688204748094e-08,8.009528755792417e-07 | 0 | -0.00026894864276982844,2.7043966838391498e-05,-6.065672408794853e-08 | 1.2824509099118586e-07,6.185291834270856e-09,-6.29320402367739e-06 | 1,6
13410 | 447.0000233128667 | 136.00570678710938,210.19161987304688,0.23072059452533722 | -8.476920498878826e-09,8.363001846589668e-09,8.200231604860164e-07 | 0 | -7.869264663895592e-05,-4.585918577504344e-05,-1.6151954440601912e-08 | 4.2149508772126865e-07,3.484380428631084e-08,-2.288439191033831e-06 | 1,6
13420 | 447.3333566635847 | 136.00570678710938,210.19161987304688,0.23072059452533722 | 5.412768899759612e-09,1.5093436500634994e-09,6.293201408880122e-07 | 0 | -1.3564505024987739e-05,-1.1314236871839967e-05,-2.8262128193290437e-09 | -5.560432327911258e-07,-8.849235655361554e-08,1.8879603885579854e-05 | 1,6
13430 | 447.66669001430273 | 136.00570678710938,210.19161987304688,0.23072059452533722 | -2.0825094981802295e-09,3.963835371045832e-10,0.0 | 0 | -2.9008770070504397e-06,5.651690116792452e-06,-4.703195055633103e-10 | -4.8717783585061625e-08,5.478288489513261e-09,0.0 | 1,6
13440 | 448.00002336502075 | 136.00570678710938,210.19161987304688,0.23072059452533722 | 1.7068273461262606e-09,5.447068907038499e-10,2.479139880051662e-07 | 0 | -5.362635420169681e-06,-2.123283138644183e-06,-1.0443937936699399e-09 | -1.7767012749914102e-08,2.5308246609512253e-09,0.0 | 1,6
13450 | 448.3333567157388 | 136.00570678710938,210.19161987304688,0.23072059452533722 | 1.0829387164790205e-08,1.063882426599605e-09,1.907030799941367e-08 | 0 | -5.796514415123966e-06,7.953726708365139e-06,2.0976234638148128e-10 | 4.0779659116196854e-07,1.1149267287180464e-08,5.721092293242691e-07 | 1,6
13460 | 448.6666900664568 | 136.00570678710938,210.19161987304688,0.23072059452533722 | -4.68256766694708e-10,-3.030906428613811e-11,2.479139880051662e-07 | 0 | 4.636924302303669e-07,8.999763281281048e-07,1.1239358749248751e-10 | 1.254264425654128e-08,3.5315955715375935e-10,5.721089451071748e-07 | 1,6
13470 | 449.0000234171748 | 136.00570678710938,210.19161987304688,0.23072059452533722 | -1.3981152902076133e-09,-6.070070834862662e-11,2.0977338976990723e-07 | 0 | 7.306805969164998e-07,2.5853391889540944e-06,1.00277230963286e-10 | -2.054177627996978e-08,-7.776075339194222e-10,1.1442186860222137e-06 | 1,6
13480 | 449.33335676789284 | 136.00570678710938,210.19161987304688,0.23072059452533722 | -1.2893542233882727e-08,-4.1611883383474435e-10,1.1442184444376835e-07 | 0 | -2.0152366442260927e-09,-1.1545659361900107e-07,-1.2836320895104336e-09 | -6.851192324575095e-07,-3.4756371114497142e-09,-1.4874840417178348e-05 | 1,6
13490 | 449.66669011861086 | 136.00570678710938,210.19161987304688,0.23072059452533722 | -3.3373777075240696e-09,-1.6841715522186718e-10,5.721092293242691e-07 | 0 | 9.930313353834208e-07,-1.9832632460747845e-05,1.0083670010097023e-10 | -1.3682078758847638e-07,-3.9235064086540206e-09,4.576873379846802e-06 | 1,6
13500 | 450.0000234693289 | 136.00570678710938,210.19161987304688,0.23072059452533722 | 5.929887691991098e-10,4.114518448172788e-11,2.479139880051662e-07 | 0 | -4.3262295434942644e-07,-8.31282420676871e-07,-5.7469320968728255e-11 | -2.9765372389078948e-09,8.018468666826095e-10,0.0 | 1,6
13510 | 450.3333568200469 | 136.00570678710938,210.19161987304688,0.23072059452533722 | 8.311245025538483e-10,2.9737087792192085e-11,2.0977338976990723e-07 | 0 | -4.800241413249751e-07,-1.9004618252438377e-06,-1.0038456871308554e-10 | 1.15977014658597e-08,-3.8635103449813357e-10,1.1442186860222137e-06 | 1,6
13520 | 450.6666901707649 | 136.00570678710938,210.19161987304688,0.23072059452533722 | -8.990333477676415e-11,6.145174646920992e-11,1.1442184444376835e-07 | 0 | -6.02618229095242e-07,-2.4341412085959746e-07,-1.2827959527950128e-10 | -7.147484826219852e-09,9.832894221073474e-11,5.721093430111068e-07 | 1,6
13530 | 451.00002352148294 | 136.00570678710938,210.19161987304688,0.23072059452533722 | -6.696865284538944e-12,4.764402414259017e-11,9.535153111528416e-08 | 0 | -3.9175580468508997e-07,-1.616190274944529e-07,-1.1718741255162257e-10 | 4.4656704289991467e-07,1.1813444444896959e-08,0.0 | 1,6
13540 | 451.33335687220097 | 136.00570678710938,210.19161987304688,0.23072059452533722 | 1.8605119667114423e-09,-2.606886234657324e-11,3.623358395543619e-07 | 0 | -1.5637071726359864e-07,-4.075723609275883e-06,-8.852556881988605e-11 | 5.257635962152563e-07,1.0239192604899472e-08,1.1442178902143496e-06 | 1,6
13550 | 451.666690222919 | 136.00570678710938,210.19161987304688,0.23072059452533722 | -1.4360147737590978e-08,-4.441625400808391e-10,3.2419524131910293e-07 | 0 | 4.513745750500675e-07,-1.6785739944680245e-06,-1.3931110709464178e-09 | -4.6664013098052237e-07,-1.0448252041328487e-08,0.0 | 1,6
13560 | 452.000023573637 | 136.00570678710938,210.19161987304688,0.23072059452533722 | -2.1301913122329097e-08,-8.498526327116451e-10,3.2419524131910293e-07 | 0 | 5.252256869425764e-06,1.1864147381857038e-05,-9.951298673982478e-10 | -8.707227721060917e-07,-1.1813306599606221e-07,1.2014293133688625e-05 | 1,6
13570 | 452.33335692435503 | 136.00570678710938,210.19161987304688,0.23072059452533722 | 4.2050409376770403e-08,-1.988058162538664e-09,-2.479139880051662e-07 | 0 | 6.039899290044559e-06,7.109576108632609e-05,-1.756858769574876e-09 | 1.937639581228723e-06,-1.3732427817103598e-07,-2.4028584448387846e-05 | 1,6
13580 | 452.66669027507305 | 136.00570678710938,210.19161987304688,0.23072059452533722 | -2.9164864301378657e-08,5.810584791099416e-10,1.1442184444376835e-07 | 0 | 4.792555614585581e-07,8.641865889558176e-09,1.1826661872049726e-09 | -1.1757019819924608e-06,2.770188523015804e-08,-1.4874840417178348e-05 | 1,6
13590 | 453.0000236257911 | 136.00570678710938,210.19161987304688,0.23072059452533722 | 7.293223316939823e-12,1.2849871167119886e-10,2.0977338976990723e-07 | 0 | -1.164375476037094e-06,1.8177912863848178e-07,-2.2149659884007633e-10 | -4.319491875293124e-09,8.159851683231523e-10,0.0 | 1,6
13600 | 453.3333569765091 | 136.00570678710938,210.19161987304688,0.23072059452533722 | 4.679935994289508e-09,1.6317535100895952e-09,9.535153111528416e-08 | 0 | -9.76748106040759e-06,2.1390434994827956e-05,-2.2201861182846727e-10 | 1.2872304466782225e-07,4.866437208761454e-08,-4.004764832643559e-06 | 1,6
13610 | 453.6666903272271 | 136.00570678710938,210.19161987304688,0.23072059452533722 | 1.2572322072301745e-09,-4.756845958797662e-11,2.479139880051662e-07 | 0 | 2.9695084435843455e-07,-1.9777787656494183e-06,1.0729482580185135e-10 | -2.976492163853095e-09,8.018447017477115e-10,0.0 | 1,6
13620 | 454.00002367794514 | 136.00570678710938,210.19161987304688,0.23072059452533722 | 2.5486221133519393e-08,2.0727914940010805e-09,-1.1442184444376835e-07 | 0 | -1.7147040125564672e-05,3.912212378054392e-06,-1.6102924549343811e-09 | 2.639177125729475e-07,1.4160927719331085e-07,-1.6591166058788076e-05 | 1,6
13630 | 454.33335702866316 | 136.00570678710938,210.19161987304688,0.23072059452533722 | 1.8168835325127475e-08,-2.546979072093336e-09,3.2419524131910293e-07 | 0 | 1.4675594684376847e-05,2.6211180738755502e-05,5.503456579347699e-10 | 2.5435588213440496e-07,-6.384770045997357e-08,-8.581638212490361e-06 | 1,6
13640 | 454.6666903793812 | 136.00570678710938,210.19161987304688,0.23072059452533722 | -9.349549578985261e-09,1.3749555938247227e-09,2.6698430133365036e-07 | 0 | -4.541382168099517e-06,-1.4167203516990412e-05,1.5348982085328089e-09 | -6.435569730456336e-07,9.305900761091834e-08,-5.148982381797396e-06 | 1,6
13650 | 455.0000237300992 | 136.00570678710938,210.19161987304688,0.23072059452533722 | 7.877512864240543e-09,-1.535838234367759e-09,4.386170644465892e-07 | 0 | 6.099746769905323e-06,1.4282459233072586e-05,-1.2258274395549051e-09 | -2.239544372173441e-08,-1.02499331244843e-09,1.1442186860222137e-06 | 1,6
13660 | 455.3333570808172 | 136.00570678710938,210.19161987304688,0.23072059452533722 | 2.649354513550861e-09,-1.0986168225146642e-10,2.479139880051662e-07 | 0 | 5.16524892191228e-07,-5.02674947711057e-06,1.3594433911912063e-10 | 1.1707540714667175e-08,-3.8795069934316473e-10,1.1442178902143496e-06 | 1,6
13670 | 455.66669043153524 | 136.00570678710938,210.19161987304688,0.23072059452533722 | -5.440751738028382e-10,4.541973047667014e-11,9.535153111528416e-08 | 0 | -2.511784202852141e-07,1.1145028793180245e-06,-3.257038388992939e-11 | -3.594366138059968e-09,8.055725531086466e-10,0.0 | 1,6
13680 | 456.00002378225327 | 136.00570678710938,210.19161987304688,0.23072059452533722 | -1.2756945722003366e-08,-3.693699512918869e-10,9.535153111528416e-08 | 0 | -3.7469780522769724e-07,-9.417702244718384e-07,-1.320208053989802e-09 | -6.810212767049961e-07,-2.0731680816510334e-09,-1.544694896438159e-05 | 1,6
13690 | 456.3333571329713 | 136.00570678710938,210.19161987304688,0.23072059452533722 | -1.5248975415715904e-08,9.506776477152812e-10,4.1954677953981445e-07 | 0 | 7.02482168435381e-07,-9.932210787155782e-07,2.503825147215366e-09 | -4.740860219953902e-07,3.043975382865938e-08,1.1442195955169154e-06 | 1,6
13700 | 456.6666904836893 | 136.00570678710938,210.19161987304688,0.23072059452533722 | 1.5412253695501477e-09,6.17443804418194e-11,3.2419524131910293e-07 | 0 | -8.183989734789066e-07,-2.4587270672782324e-06,-1.298385149395287e-10 | 7.1426558001519425e-09,9.277923429529267e-10,5.721093430111068e-07 | 1,6
13710 | 457.00002383440733 | 136.00570678710938,210.19161987304688,0.23072059452533722 | -4.944944453910693e-10,4.963272848268474e-11,1.5256246399530937e-07 | 0 | -4.129972523969627e-07,3.702213007272803e-07,-1.0222012819527393e-10 | 1.0256883342663059e-08,-3.722415986562311e-10,1.1442184586485382e-06 | 1,6
13720 | 457.33335718512535 | 136.00570678710938,210.19161987304688,0.23072059452533722 | 5.31115462720777e-09,1.5559646904250712e-09,1.907030799941367e-08 | 0 | -9.156692613032646e-06,2.0301937183830887e-05,-8.315560046101567e-11 | 1.287248636572258e-07,4.866435787675982e-08,-4.004764377896208e-06 | 1,6
13730 | 457.6666905358434 | 136.00570678710938,210.19161987304688,0.23072059452533722 | -1.2893540457525887e-08,-4.161191113905005e-10,1.1442184444376835e-07 | 0 | -2.0152366442260927e-09,-1.1545658651357371e-07,-1.2835827956081403e-09 | -6.851191756140906e-07,-3.4756428846094423e-09,-1.4874840417178348e-05 | 1,6
13740 | 458.0000238865614 | 136.00570678710938,210.19161987304688,0.23072059452533722 | 9.111449927878823e-10,-2.025930118110253e-11,4.386170644465892e-07 | 0 | 9.591148852905462e-08,-1.4591963690691045e-06,5.036960432081017e-11 | 1.390025694547603e-08,3.3881103478350383e-10,5.721084903598239e-07 | 1,6
13750 | 458.3333572372794 | 136.00570678710938,210.19161987304688,0.23072059452533722 | 1.1574681213488702e-09,-4.355406660327965e-11,2.8605461466213455e-07 | 0 | 5.937979352665934e-08,-1.8617220121086575e-06,-2.175868860088137e-11 | -1.7345224145870475e-09,-1.2695153817077198e-09,1.1442186860222137e-06 | 1,6
13760 | 458.66669058799744 | 136.00570678710938,210.19161987304688,0.23072059452533722 | -7.551200220667909e-10,6.960769460828686e-11,1.3349215066682518e-07 | 0 | -5.552067250391701e-07,8.263650101980602e-07,-1.345955014109279e-10 | 1.3771482565427817e-10,-4.981854373475869e-10,1.1442184586485382e-06 | 1,6
13770 | 459.00002393871546 | 136.00570678710938,210.19161987304688,0.23072059452533722 | -1.5308621925669286e-08,4.2526191457170626e-09,-1.3349215066682518e-07 | 0 | -1.7054482668754645e-05,7.704312338319141e-06,3.3023455081604425e-09 | -6.264187959459377e-07,8.830861730757533e-08,-2.0595929527189583e-05 | 1,6
13780 | 459.3333572894335 | 136.00570678710938,210.19161987304688,0.23072059452533722 | 6.129121654652181e-10,-4.7208743858551117e-11,1.1442184444376835e-07 | 0 | 1.890599463649778e-07,-1.2522777979029343e-06,-5.757561441499526e-11 | 4.033960863125685e-07,1.0390028393203465e-08,1.1442183449617005e-06 | 1,6
13790 | 459.6666906401515 | 136.00570678710938,210.19161987304688,0.23072059452533722 | 2.854808389685104e-09,-2.0304453951514034e-10,4.0047643778962083e-07 | 0 | 1.3779603023067466e-06,-5.430596502264962e-06,3.1421093504846453e-10 | 6.400389196414835e-08,-8.115978444855898e-10,1.1442178902143496e-06 | 1,6
13800 | 460.0000239908695 | 136.00570678710938,210.19161987304688,0.23072059452533722 | -3.7485958781502404e-10,-2.6554390630817437e-11,3.432655262258777e-07 | 0 | 3.018805614374287e-07,1.5562503108412784e-07,5.240860523336721e-11 | 1.1579519565430019e-08,-3.8608871655299026e-10,1.1442178902143496e-06 | 1,6
13810 | 460.33335734158754 | 136.00570678710938,210.19161987304688,0.23072059452533722 | 4.4148754096973164e-10,3.64922432549708e-11,2.0977338976990723e-07 | 0 | -4.691257800004678e-07,-1.2332490086919279e-06,-1.0288350033027527e-10 | 1.1597713012179156e-08,-3.863505071421969e-10,1.1442186860222137e-06 | 1,6
13820 | 460.66669069230556 | 136.00570678710938,210.19161987304688,0.23072059452533722 | 7.973645632652904e-10,-1.3921025443508483e-10,2.0977338976990723e-07 | 0 | 1.0570305448709405e-06,-1.2560585673782043e-06,1.8793887279766608e-10 | -2.950339750285025e-09,-1.2457465059512174e-09,1.1442186860222137e-06 | 1,6
13830 | 461.0000240430236 | 136.00570678710938,210.19161987304688,0.23072059452533722 | -1.549429029523708e-08,-4.1059819433364453e-10,7.628123199765469e-08 | 0 | 4.797247470378352e-07,5.632999844351616e-08,-1.110115332991768e-09 | -8.780614280112786e-07,6.057295109940242e-08,-2.231225516879931e-05 | 1,6
13840 | 461.3333573937416 | 136.00570678710938,210.19161987304688,0.23072059452533722 | 3.769200784820015e-10,6.540241265229341e-11,2.288436888875367e-07 | 0 | -7.366505769823561e-07,-1.1194141507075983e-06,-1.6107597200498702e-10 | 1.1581502867841209e-08,-3.8611694397339136e-10,1.1442186860222137e-06 | 1,6
13850 | 461.66669074445963 | 136.00570678710938,210.19161987304688,0.23072059452533722 | 6.871367363991965e-10,5.693641738635513e-11,2.0977338976990723e-07 | 0 | -7.154026775424427e-07,-1.65100357207848e-06,-1.526760662340365e-10 | 1.1599826876818042e-08,-3.863770414724854e-10,1.1442186860222137e-06 | 0,0
13860 | 462.00002409517765 | 136.00570678710938,210.19190979003906,0.23072035610675812 | -0.00044840388000011444,-0.0037119234912097454,-9.535153822071152e-07 | 0 | -0.0014026968274265528,0.0007498137420043349,-0.0005791590665467083 | -0.0016379250446334481,-0.15987680852413177,-3.0321789381559938e-05 | 0,0
13870 | 462.3333574458957 | 136.00486755371094,210.14308166503906,0.23067313432693481 | -0.0037414762191474438,-0.4555487632751465,-1.5637651813449338e-06 | 0 | -0.03923233225941658,-0.00042145358747802675,1.148423194885254 | -0.002021679887548089,-1.799082636833191,-2.9177568649174646e-05 | 0,0
13880 | 462.6666907966137 | 136.00111389160156,209.8182830810547,0.23058493435382843 | -0.01023841928690672,-1.4904372692108154,1.3158512501831865e-06 | 180.4 | -0.019863314926624298,0.0009437320986762643,-0.009994913823902607 | 0.003954972606152296,-2.9528722763061523,2.1740150259574875e-05 | 0,0
13890 | 463.0000241473317 | 135.9963836669922,209.23841857910156,0.23064491152763367 | -0.0064023337326943874,-1.7670930624008179,6.483904826382059e-07 | 180.2 | 0.042477186769247055,-0.0028643140103667974,0.5991380214691162 | 0.07997054606676102,0.023185012862086296,5.721101956623897e-07 | 0,0
13900 | 463.33335749804974 | 135.99327087402344,208.63592529296875,0.23068279027938843 | -0.0033968170173466206,-2.06095814704895,-1.1442184586485382e-06 | 180.1 | -0.041540179401636124,-0.00010701351857278496,0.5210239291191101 | 0.032653823494911194,-3.5018060207366943,-4.233607978676446e-05 | 0,0
13910 | 463.66669084876776 | 135.99131774902344,207.79611206054688,0.23061271011829376 | 0.004329589661210775,-2.8776042461395264,3.623358395543619e-07 | 179.9 | -0.006771978922188282,-0.00036793414619751275,0.759494960308075 | 0.016829876229166985,-2.099475622177124,8.009528755792417e-06 | 0,0
13920 | 464.0000241994858 | 135.99224853515625,206.71897888183594,0.23061297833919525 | 0.015314187854528427,-3.5458383560180664,9.535153111528416e-08 | 179.8 | 0.0023034587502479553,-0.0006082875188440084,0.7864909172058105 | 0.010746912099421024,-1.9574545621871948,9.725856216391549e-06 | 0,0
13930 | 464.3333575502038 | 135.99755859375,205.42462158203125,0.23061801493167877 | 0.028421301394701004,-4.185764789581299,1.1442184444376835e-07 | 179.6 | 0.0015666881809011102,0.002466022502630949,0.6975098252296448 | -0.061807647347450256,-1.8928240537643433,3.547076994436793e-05 | 0,0
13940 | 464.6666909009218 | 136.00833129882812,203.9221954345703,0.2306235134601593 | 0.04445888102054596,-4.780632972717285,5.721092293242691e-07 | 179.5 | 0.004794438369572163,0.0018490098882466555,0.596640408039093 | 0.013228542171418667,-1.5680407285690308,1.144218367699068e-05 | 0,0
13950 | 465.00002425163984 | 136.02426147460938,202.28466796875,0.2306741327047348 | 0.05756331607699394,-4.92765998840332,2.135874410669203e-06 | 179.3 | 0.026565419510006905,0.0006218609632924199,0.5335495471954346 | -0.01626681350171566,0.06856440752744675,6.178779585752636e-05 | 0,0
13960 | 465.33335760235786 | 136.04385375976562,200.6433563232422,0.2307070940732956 | 0.06647374480962753,-4.995150089263916,-2.479139880051662e-07 | 179.2 | -0.01331009715795517,-0.0003252493916079402,0.2932986617088318 | 0.07968953996896744,-1.8834255933761597,-1.4874838598188944e-05 | 0,0
13970 | 465.6666909530759 | 136.06637573242188,198.9174041748047,0.23148111999034882 | 0.08214007318019867,-5.249276638031006,-0.0011979966657236218 | 179.1 | 0.01183281745761633,-0.009920498356223106,0.5307579636573792 | 0.2648801803588867,0.2270364612340927,-0.00047313395771197975 | 0,0
13980 | 466.0000243037939 | 136.1488494873047,196.99839782714844,0.23126108944416046 | 0.6144123673439026,-5.211298942565918,-0.00031103671062737703 | 173.3 | 0.013060323894023895,-0.12720371782779694,13.366966247558594 | 3.7431271076202393,0.5627345442771912,0.0016013327986001968 | 0,0
13990 | 466.33335765451193 | 136.47621154785156,195.4897003173828,0.23127830028533936 | 2.0235257148742676,-4.734562397003174,-7.03122204868123e-05 | 156.9 | 0.0591067336499691,-0.17626608908176422,40.3608283996582 | 6.232834815979004,3.249535322189331,0.00033582813921384513 | 0,0
14000 | 466.66669100522995 | 137.29302978515625,194.0358428955078,0.23041705787181854 | 3.5129308700561523,-3.8049025535583496,0.0005289530963636935 | 137.3 | -0.002146044047549367,0.008555551059544086,52.459877014160156 | 3.6272547245025635,2.780606508255005,0.01582225039601326 | 0,0
14010 | 467.00002435594797 | 138.5426483154297,192.91091918945312,0.23164218664169312 | 4.573625087738037,-2.547067880630493,0.002121457364410162 | 119.1 | -0.0012735944474115968,0.005212320946156979,54.117435455322266 | 2.5678679943084717,4.19290018081665,-0.06465692073106766 | 0,0
14020 | 467.333357706666 | 140.08705139160156,192.2098846435547,0.2314607948064804 | 5.125056743621826,-1.2593780755996704,-0.00042688881512731314 | 103.8 | -0.08933837711811066,0.03800872340798378,46.81025314331055 | 0.6720542311668396,1.9724141359329224,-0.0031906524673104286 | 0,0
14030 | 467.666691057384 | 141.78770446777344,191.75930786132812,0.23127803206443787 | 5.284134864807129,-0.9004978537559509,-0.00019247662567067891 | 99.7 | -0.03431444987654686,0.002973185619339347,25.561927795410156 | 0.2984761893749237,1.424830436706543,0.0010000461479648948 | 0,0
14040 | 468.00002440810204 | 143.5459747314453,191.4925079345703,0.23122985661029816 | 5.362170219421387,-0.41962382197380066,-3.829317938652821e-05 | 94.5 | -0.027255382388830185,0.0012326660798862576,18.619430541992188 | 0.15003202855587006,0.6695678234100342,0.00021339669183362275 | 0,0
14050 | 468.33335775882006 | 145.33132934570312,191.36135864257812,0.23120898008346558 | 5.394463539123535,-0.17765961587429047,-8.18116131995339e-06 | 91.9 | -0.03344929963350296,0.0006870238576084375,11.003652572631836 | 0.06330012530088425,0.2881394028663635,1.4874848602630664e-05 | 0,0
14060 | 468.6666911095381 | 147.3083953857422,191.3074188232422,0.231199711561203 | 5.407700538635254,-0.016499560326337814,6.865310524517554e-07 | 90.2 | -0.01278256718069315,-0.0003331500629428774,6.0933451652526855 | 0.02120017819106579,0.33419138193130493,8.581636939197779e-05 | 0,0
14070 | 469.0000244602561 | 148.92996215820312,191.30538940429688,0.23119662702083588 | 5.411730766296387,0.07540018111467361,-6.865310524517554e-07 | 89.2 | 0.006259826477617025,-0.0002828331489581615,4.1422224044799805 | 0.0004720687575172633,0.6300014853477478,-3.261022357037291e-05 | 0,0
14080 | 469.3333578109741 | 150.73361206054688,191.33224487304688,0.23119445145130157 | 5.4154510498046875,0.12690366804599762,9.153747555501468e-07 | 88.7 | -0.0065729692578315735,-0.0003341573756188154,2.2869510650634766 | 0.011487006209790707,0.11052779108285904,6.979732279432938e-05 | 0,0
14090 | 469.66669116169214 | 152.5389404296875,191.37655639648438,0.23119322955608368 | 5.419250965118408,0.16125869750976562,-7.05601394201949e-07 | 88.3 | -0.00119227753020823,-0.0002050667826551944,1.3151766061782837 | 0.010056494735181332,0.14117000997066498,1.6019057511584833e-05 | 0,0
14100 | 470.00002451241016 | 154.34588623046875,191.4299774169922,0.23119235038757324 | 5.423813343048096,0.17620714008808136,-3.2419524131910293e-07 | 88.1 | -0.0002681245096027851,-0.00015897181583568454,0.6634311676025391 | 0.012345313094556332,0.09205161780118942,1.9451712432783097e-05 | 0,0
14110 | 470.3333578631282 | 156.1544952392578,191.48890686035156,0.2311919778585434 | 5.428708553314209,0.18690192699432373,5.721092293242691e-07 | 88.0 | -0.0011889452580362558,-0.00015471712686121464,0.35742756724357605 | 0.01534938719123602,0.02435937337577343,-3.432654466450913e-06 | 0,0
14120 | 470.6666912138462 | 157.9647979736328,191.55224609375,0.23119193315505981 | 5.433722496032715,0.19964070618152618,-7.628122489222733e-07 | 87.9 | -0.00024804091663099825,-9.72663692664355e-05,0.30159756541252136 | 0.015177725814282894,0.035621967166662216,-1.7163255279228906e-06 | 0,0
14130 | 471.0000245645642 | 159.77682495117188,191.6190185546875,0.2311917096376419 | 5.439569473266602,0.20361554622650146,5.911795142310439e-07 | 87.8 | -0.0019201303366571665,-0.00017149996710941195,0.045360829681158066 | 0.016837118193507195,-0.01859128288924694,-2.746123936958611e-05 | 0,0
14140 | 471.33335791528225 | 161.59071350097656,191.68521118164062,0.23119120299816132 | 5.44481086730957,0.1905636489391327,5.530388875740755e-07 | 88.0 | -0.0028788913041353226,-0.00019943914958275855,-0.38103702664375305 | 0.018353460356593132,-0.07599859684705734,0.00010183543781749904 | 0,0
14150 | 471.66669126600027 | 163.40676879882812,191.7447967529297,0.23119036853313446 | 5.451041221618652,0.1591459959745407,-3.2419524131910293e-07 | 88.3 | 0.0007885078666731715,-0.00010242237476631999,-0.903215229511261 | 0.016522405669093132,-0.017281023785471916,1.8879603885579854e-05 | 0,0
14160 | 472.0000246167183 | 165.22499084472656,191.79269409179688,0.23118999600410461 | 5.457482814788818,0.11180206388235092,1.6781871181592578e-06 | 88.8 | -0.004366197157651186,-0.00020324681827332824,-1.413217306137085 | 0.020356176421046257,-0.22898933291435242,7.094153988873586e-05 | 0,0
14170 | 472.3333579674363 | 167.04544067382812,191.82603454589844,0.2311898022890091 | 5.463496208190918,0.06854315847158432,-6.674607675449806e-07 | 89.3 | 0.00037649148725904524,-6.784545257687569e-05,-1.4884099960327148 | 0.01758098416030407,-0.11926307529211044,-6.579255568794906e-05 | 0,0
14180 | 472.66669131815434 | 168.86781311035156,191.8450927734375,0.2311898022890091 | 5.469011306762695,0.027547627687454224,-9.153747555501468e-07 | 89.7 | -0.0004850421391893178,-6.623152148677036e-05,-1.4333008527755737 | 0.016107557341456413,-0.13945138454437256,4.2908184695988894e-05 | 0,0
