Simulation Frame | Timestamp | Position | Velocity | Heading | Angular Velocity | Acceleration | Stopped at Red Light + Light ID 
8310 | 277.0000144466758 | 136.2794952392578,225.7568359375,0.22588355839252472 | -0.07095861434936523,-4.9913225173950195,-1.3349215066682518e-07 | 180.8 | 0.0006664602551609278,0.002954446244984865,-2.1690194606781006 | -0.17627587914466858,-0.031671520322561264,3.2038118661148474e-05 | 0,0
8320 | 277.3333477973938 | 136.25608825683594,224.11196899414062,0.22581587731838226 | -0.07602326571941376,-4.606709003448486,-1.106077775148151e-06 | 180.9 | -0.21083609759807587,0.015923090279102325,-0.8054609298706055 | 0.1310565173625946,5.182685375213623,-1.3158509318600409e-05 | 0,0
8330 | 277.6666811481118 | 136.23915100097656,223.0730743408203,0.22518542408943176 | -0.036221906542778015,-2.0244266986846924,-4.9964205572905485e-06 | 181.0 | 0.01829984411597252,0.00043029195512644947,-0.1556432545185089 | -0.0009077041759155691,1.0056780576705933,6.350411422317848e-05 | 0,0
8340 | 278.00001449882984 | 136.22760009765625,222.40670776367188,0.22563567757606506 | -0.03396577388048172,-1.9332326650619507,3.0321787107823184e-06 | 181.0 | 0.17561155557632446,-0.00041477661579847336,-0.07076579332351685 | 0.01714411936700344,0.1252126544713974,7.4374174801050685e-06 | 0,0
8350 | 278.33334784954786 | 136.2147216796875,221.67344665527344,0.22598181664943695 | -0.045349638909101486,-2.5715224742889404,-2.8605461466213455e-07 | 181.0 | 0.1587662398815155,-0.002318923594430089,-0.025584546849131584 | -0.05496002361178398,-2.4769160747528076,-4.80571725347545e-05 | 0,0
8360 | 278.6666812002659 | 136.19778442382812,220.69618225097656,0.22605636715888977 | -0.05116843432188034,-2.9627139568328857,-1.2777105666827993e-06 | 181.0 | -0.1957872211933136,0.0025195127818733454,-0.061307355761528015 | 0.061090994626283646,3.296041250228882,-8.352793520316482e-05 | 0,0
8370 | 279.0000145509839 | 136.18641662597656,220.0364227294922,0.22550299763679504 | -0.024103941395878792,-1.3732448816299438,-1.8498197960070684e-06 | 181.0 | 0.012779947370290756,-0.0004639133403543383,-0.0024391624610871077 | -0.0026831587310880423,-0.15230296552181244,-1.7735384972183965e-05 | 0,0
8380 | 279.3333479017019 | 136.1763153076172,219.4602813720703,0.2259521484375 | -0.03835377097129822,-2.2095680236816406,1.735397972879582e-06 | 181.0 | 0.2549199163913727,-0.0026006766129285097,0.04315854236483574 | -0.05301888659596443,-3.2534048557281494,1.0297966582584195e-05 | 0,0
8390 | 279.66668125241995 | 136.1610565185547,218.57723999023438,0.22610759735107422 | -0.04866326227784157,-2.85144305229187,-4.0047643778962083e-07 | 181.0 | -0.09561973810195923,0.0012508932268247008,0.014703959226608276 | 0.0038471815641969442,0.03848075494170189,1.7163281427201582e-06 | 0,0
8400 | 280.00001460313797 | 136.15025329589844,217.94146728515625,0.22547458112239838 | -0.018350807949900627,-1.0966613292694092,-2.3837885692046257e-06 | 181.0 | -0.0646614208817482,0.0005474917124956846,0.01936238445341587 | 0.0014550982741639018,0.01344680693000555,6.064356421120465e-05 | 0,0
8410 | 280.333347953856 | 136.1405487060547,217.36056518554688,0.22605964541435242 | -0.03922121226787567,-2.4266955852508545,7.05601394201949e-07 | 180.9 | 0.24663713574409485,-0.002281030872836709,0.0993468165397644 | -0.05017194524407387,-3.237461805343628,-4.920138599118218e-05 | 0,0
8420 | 280.666681304574 | 136.12936401367188,216.6538848876953,0.22566597163677216 | -0.015220536850392818,-0.9798728227615356,-2.974967856061994e-06 | 0 | -0.6293689608573914,0.006484410259872675,-0.1098608523607254 | 0.2086162567138672,13.139786720275879,-5.606669947155751e-05 | 0,0
8430 | 281.00001465529203 | 136.12896728515625,216.62619018554688,0.22549700736999512 | 1.1004991392837837e-05,0.00012128311209380627,2.7461242098070215e-06 | 0 | 0.26367780566215515,-0.002809865167364478,-2.237182343378663e-06 | 5.854125902260421e-06,-7.467096565960674e-06,-3.2610227208351716e-05 | 0,0
8440 | 281.33334800601006 | 136.12896728515625,216.62649536132812,0.2257501482963562 | 3.803184654316283e-06,4.4249685743125156e-05,6.483904826382059e-07 | 0 | 0.09377620369195938,-0.0009600138291716576,-1.497096832281386e-06 | -1.7201788068632595e-05,-5.066423545940779e-05,-2.1168038074392825e-05 | 0,0
8450 | 281.6666813567281 | 136.12896728515625,216.62660217285156,0.22583995759487152 | -1.9835848519278443e-08,9.650933861848898e-06,6.674607675449806e-07 | 0 | 0.020472683012485504,-0.0002635284618008882,5.700691758647736e-07 | -1.1997586852885433e-06,2.9888740755268373e-05,-1.7163272332254564e-06 | 0,0
8460 | 282.0000147074461 | 136.12896728515625,216.6266326904297,0.22586627304553986 | 2.3746816069092347e-08,9.544605745759327e-07,2.479139880051662e-07 | 0 | 0.002400629222393036,-5.994920138618909e-05,-4.19222914160855e-08 | -2.0228280845913105e-06,-0.00010762063175207004,-1.144218367699068e-05 | 0,0
8470 | 282.3333480581641 | 136.12896728515625,216.6266326904297,0.2258721888065338 | 5.831156002500393e-08,1.1789057907662936e-06,1.7163276311293885e-07 | 0 | 0.0024530149530619383,-9.889042848953977e-05,8.084061420277067e-08 | 1.2824297073166235e-06,-4.675857326219557e-06,-9.153747669188306e-06 | 0,0
8480 | 282.66668140888214 | 136.12896728515625,216.62664794921875,0.2258749008178711 | 1.1742698369232585e-08,3.328052855522401e-07,0.0 | 0 | 0.0006921301246620715,7.896649185568094e-05,2.262386011864237e-08 | 1.6573503103245457e-07,-1.240142864844529e-06,-5.721091383747989e-06 | 0,0
8490 | 283.00001475960016 | 136.12896728515625,216.62664794921875,0.2258749008178711 | 3.100184997606448e-08,8.235610948759131e-08,3.0512492799061874e-07 | 0 | 0.00017403719539288431,1.6448660971946083e-05,4.653143204080834e-09 | 1.4527612393067102e-06,-3.59942674776903e-07,1.0870074220292736e-05 | 0,0
8500 | 283.3333481103182 | 136.12896728515625,216.62664794921875,0.2258749008178711 | 1.122024517741238e-08,1.5734739733375136e-08,1.9070306223056832e-07 | 0 | 3.486589776002802e-05,-8.046285074669868e-06,6.030416721536369e-10 | 8.452488486909715e-08,2.0211385276525107e-07,1.1442178902143496e-06 | 0,0
8510 | 283.6666814610362 | 136.12896728515625,216.62664794921875,0.2258749008178711 | 4.923053631422647e-10,9.444456328111528e-10,1.907030799941367e-08 | 0 | 2.3732377485430334e-06,-1.245669068339339e-06,-4.789149632422607e-11 | 3.6515487522592593e-07,-4.0850696336747205e-07,-2.2312256987788714e-05 | 0,0
8520 | 284.0000148117542 | 136.12896728515625,216.62664794921875,0.2258749008178711 | 9.730821481923613e-09,5.627555310638854e-09,9.535153111528416e-08 | 0 | 1.4752979041077197e-05,2.6080173483933322e-05,-4.592879895848334e-11 | 5.342439521882625e-07,1.3310756230566767e-07,6.8653098423965275e-06 | 0,0
8530 | 284.33334816247225 | 136.12896728515625,216.62664794921875,0.2258749008178711 | 1.2131640581003467e-08,3.3609777183585265e-09,1.7163276311293885e-07 | 0 | 9.95196751318872e-06,2.1083387764520012e-05,-6.492863469098609e-10 | -7.91671226352264e-08,2.550373778831272e-08,0.0 | 0,0
8540 | 284.66668151319027 | 136.12896728515625,216.62664794921875,0.2258749008178711 | 9.196848615999897e-09,2.4681932053738365e-09,1.907030799941367e-08 | 0 | 5.443128884508042e-06,-1.2054600119881798e-05,-6.52024989555855e-10 | 5.586348379438277e-07,1.5758168103729986e-07,6.865310751891229e-06 | 0,0
8550 | 285.0000148639083 | 136.12896728515625,216.62664794921875,0.2258749008178711 | 7.874569440957657e-09,1.3696523915029957e-09,1.907030799941367e-08 | 0 | 3.1159916034084745e-06,-7.4912891250278335e-06,6.139166258689599e-11 | 9.007131751559427e-08,1.3942689669477204e-08,0.0 | 0,0
8560 | 285.3333482146263 | 136.12896728515625,216.62664794921875,0.2258749008178711 | -4.018066990241209e-10,4.442144221905586e-11,0.0 | 0 | 1.1164896562831927e-07,1.0168355402129237e-06,2.4305399273089057e-12 | -4.937424478157482e-07,-1.10514697837516e-07,-1.1442184586485382e-06 | 0,0
8570 | 285.66668156534433 | 136.12896728515625,216.62664794921875,0.2258749008178711 | 3.6253902102600932e-09,4.958082278072595e-10,1.907030799941367e-08 | 0 | 1.0944130508505623e-06,-5.5168993640108965e-06,-4.571619818816153e-11 | 2.385688162576116e-07,-8.504146831178616e-10,0.0 | 0,0
8580 | 286.00001491606236 | 136.12896728515625,216.62664794921875,0.2258749008178711 | -6.651634798515715e-09,4.929667785091851e-10,1.907030799941367e-08 | 0 | 9.064833648153581e-07,2.0563720681820996e-06,-8.309731236444406e-10 | -9.245366641152941e-07,1.925563850591061e-07,-9.153747669188306e-06 | 0,0
8590 | 286.3333482667804 | 136.12896728515625,216.62664794921875,0.2258749008178711 | 1.6014848114309643e-08,-5.821504944769629e-10,0.0 | 0 | -2.190438181060017e-06,3.208659836673178e-05,-4.059659899913193e-11 | -1.8311979488316865e-07,-4.157442390351207e-09,0.0 | 0,0
8600 | 286.6666816174984 | 136.12896728515625,216.62664794921875,0.2258749008178711 | 4.386379259813111e-08,-2.17915782640965e-10,0.0 | 0 | -8.614825333097542e-07,8.258796697191428e-06,-1.5636719696843215e-10 | 1.4656795883638551e-06,1.8760755171598475e-09,0.0 | 0,0
8610 | 287.0000149682164 | 136.12896728515625,216.62664794921875,0.2258749008178711 | 7.466592344407275e-10,-8.80498937649854e-11,1.907030799941367e-08 | 0 | -2.2130183197077713e-07,-1.8895412949859747e-06,-4.267956214137891e-12 | 3.6012190207657113e-07,-6.733893087584875e-08,8.009528755792417e-06 | 0,0
8620 | 287.33334831893444 | 136.12896728515625,216.62664794921875,0.2258749008178711 | -1.4484935029202006e-08,2.1238466541007028e-10,1.907030799941367e-08 | 0 | 1.7671554530807043e-07,1.2773275557265151e-05,-2.8501296808758347e-11 | -1.1359459506365965e-07,3.844383034135035e-09,0.0 | 0,0
8630 | 287.66668166965246 | 136.12896728515625,216.62664794921875,0.2258749008178711 | -4.760147831461836e-09,6.675311969850384e-10,1.907030799941367e-08 | 0 | 1.333349359811109e-06,4.6991976887511555e-06,4.008325962812087e-11 | -7.344927865915452e-08,3.903673828631327e-09,0.0 | 0,0
8640 | 288.0000150203705 | 136.12896728515625,216.62664794921875,0.2258749008178711 | -1.445067066008221e-09,5.242019041062917e-10,1.907030799941367e-08 | 0 | 1.1002990731867612e-06,1.95759344023827e-06,4.74052221088872e-11 | -7.344941366227431e-08,3.903687151307622e-09,0.0 | 0,0
8650 | 288.3333483710885 | 136.12896728515625,216.62664794921875,0.2258749008178711 | 8.852603095022005e-09,-3.96481068462573e-12,1.907030799941367e-08 | 0 | 2.0183134097351285e-07,-6.570081040990772e-06,5.928459112514162e-11 | -3.6600692254751266e-08,3.305927531727093e-09,0.0 | 0,0
8660 | 288.6666817218065 | 136.12896728515625,216.62664794921875,0.2258749008178711 | -9.618585927739787e-10,-6.426831983263881e-11,0.0 | 0 | -1.614400133576055e-07,2.434103407722432e-06,1.3497776681081763e-11 | 5.233341937582736e-08,-1.1942007382970132e-08,-5.721092293242691e-07 | 0,0
8670 | 289.00001507252455 | 136.12896728515625,216.62664794921875,0.2258749008178711 | 3.569939455161375e-09,2.0120013988211838e-10,1.907030799941367e-08 | 0 | 4.443627403816208e-07,-1.0187484804191627e-05,-1.0985414800046556e-09 | 7.761701681374689e-07,1.365743003134412e-07,-9.153747669188306e-06 | 0,0
8680 | 289.33334842324257 | 136.12896728515625,216.62664794921875,0.2258749008178711 | -4.287886667952989e-08,5.216647558370369e-09,2.479139880051662e-07 | 0 | 1.2897468877781648e-05,-4.449242987902835e-05,-1.6537929359294878e-10 | -2.078134230032447e-06,1.2823726081023779e-07,6.8653098423965275e-06 | 0,0
8690 | 289.6666817739606 | 136.12896728515625,216.62664794921875,0.2258749008178711 | 2.5633467570784774e-10,6.37506158973622e-10,1.907030799941367e-08 | 0 | 1.3734742196902516e-06,5.468099857353081e-07,6.26144067150669e-11 | -7.344949182197524e-08,3.903682266326314e-09,0.0 | 0,0
8700 | 290.0000151246786 | 136.12896728515625,216.62664794921875,0.2258749008178711 | -1.3208002691555976e-08,-8.552773073100539e-11,0.0 | 0 | -4.232187222896755e-07,1.1721320333890617e-05,-4.109266399376921e-11 | -1.1151875867199124e-07,3.811027049493987e-09,0.0 | 0,0
8710 | 290.33334847539663 | 136.12896728515625,216.62664794921875,0.2258749008178711 | 1.3067195103744211e-09,2.0640104209102006e-11,1.907030799941367e-08 | 0 | 5.1787754529186714e-08,-3.3068311040551635e-06,-1.533514287777038e-11 | -9.948574586360337e-08,-2.581964864134534e-08,0.0 | 0,0
8720 | 290.66668182611465 | 136.12896728515625,216.62664794921875,0.2258749008178711 | -1.4549148552589486e-08,4.918184193236641e-10,1.907030799941367e-08 | 0 | 7.627534159837523e-07,1.2820893061871175e-05,-1.1729934731863345e-11 | -1.1359662011045657e-07,3.844417229004193e-09,0.0 | 0,0
8730 | 291.0000151768327 | 136.12896728515625,216.62664794921875,0.2258749008178711 | -7.045977579167584e-09,5.637330047214562e-10,1.907030799941367e-08 | 0 | 1.0561194585534395e-06,5.817721103085205e-06,1.606192782943605e-11 | -5.983400086506663e-08,3.7142744435669783e-09,0.0 | 0,0
8740 | 291.3333485275507 | 136.12896728515625,216.62664794921875,0.2258749008178711 | 1.2241998526008047e-09,9.018671920379973e-10,0.0 | 0 | 1.93559890249162e-06,-1.1330515690133325e-06,5.2891802049259695e-11 | 8.0158404358599e-09,2.6632145377902816e-09,0.0 | 0,0
8750 | 291.6666818782687 | 136.12896728515625,216.62664794921875,0.2258749008178711 | -5.8585980511338676e-09,4.766257943877861e-10,0.0 | 0 | 9.425693860976025e-07,4.6608865886810236e-06,2.5949971338423694e-12 | -5.6643138179879315e-08,7.164316251362379e-09,0.0 | 0,0
8760 | 292.00001522898674 | 136.12896728515625,216.62664794921875,0.2258749008178711 | -9.618585927739787e-10,-6.42683128937449e-11,0.0 | 0 | -1.614400133576055e-07,2.434103407722432e-06,1.3499664927585364e-11 | -1.0296714663127204e-06,-3.3267866683672764e-08,-5.721092293242691e-07 | 0,0
8770 | 292.33334857970476 | 136.12896728515625,216.62664794921875,0.2258749008178711 | -1.6055359708389005e-08,7.228469489639622e-10,1.907030799941367e-08 | 0 | 1.2261530173418578e-06,1.4581567484128755e-05,1.8592637152092806e-10 | -1.5772166079841554e-06,5.6508675072564074e-08,0.0 | 0,0
8780 | 292.6666819304228 | 136.12896728515625,216.62664794921875,0.2258749008178711 | 3.2487752488208343e-09,1.30226551764423e-10,1.907030799941367e-08 | 0 | 3.109868202955113e-07,-5.7274028222309425e-06,-2.8288338338455787e-10 | 1.7347284710922395e-06,3.1491900198687972e-09,0.0 | 0,0
8790 | 293.0000152811408 | 136.12896728515625,216.62664794921875,0.2258749008178711 | -4.891976157495037e-09,1.942609614835611e-11,1.907030799941367e-08 | 0 | 4.792588725877067e-08,1.0508728337299544e-05,8.939163298471442e-10 | -6.984777769503125e-07,1.56996918576624e-07,-9.153747669188306e-06 | 0,0
8800 | 293.3333486318588 | 136.12896728515625,216.62664794921875,0.2258749008178711 | 8.532786699433359e-10,2.577901503375557e-10,0.0 | 0 | 5.741300697081897e-07,-8.138154043990653e-07,1.1337061497918022e-11 | 9.758063690412655e-09,2.635884177593084e-09,0.0 | 0,0
8810 | 293.66668198257685 | 136.12896728515625,216.62664794921875,0.2258749008178711 | 7.466592344407275e-10,-8.80498937649854e-11,1.907030799941367e-08 | 0 | -2.2130183197077713e-07,-1.8895412949859747e-06,-4.270192706379294e-12 | 3.896641089795594e-07,-2.680679678235265e-08,0.0 | 0,0
8820 | 294.00001533329487 | 136.12896728515625,216.62664794921875,0.2258749008178711 | 2.8049031985943884e-09,-3.534919579273321e-10,5.7210922221884175e-08 | 0 | -6.894608191032603e-07,-4.732990248612623e-07,6.62994034672515e-11 | -1.7125830709119327e-07,-2.947089905447342e-09,0.0 | 0,0
8830 | 294.3333486840129 | 136.12896728515625,216.62664794921875,0.2258749008178711 | -1.741553745659985e-08,9.55006962399807e-10,1.907030799941367e-08 | 0 | 1.631542090763105e-06,1.215418342326302e-05,-5.480711717797959e-11 | 2.4783107122061665e-08,6.638920524437708e-09,0.0 | 0,0
8840 | 294.6666820347309 | 136.12896728515625,216.62664794921875,0.2258749008178711 | -2.47542453202243e-09,4.934927466671013e-10,1.907030799941367e-08 | 0 | 1.0145317901333328e-06,2.810368187056156e-06,3.987988064779735e-11 | -7.109206023869774e-08,3.866686082432125e-09,0.0 | 0,0
8850 | 295.00001538544893 | 136.12881469726562,216.60784912109375,0.22592459619045258 | -0.003711465746164322,-0.23889625072479248,-4.0047643778962083e-07 | 0 | 0.09663160145282745,0.0008094339282251894,-1.4050395488739014 | -0.018666867166757584,-1.4019705057144165,-7.780684973113239e-05 | 0,0
8860 | 295.33334873616695 | 136.12583923339844,216.38714599609375,0.22611041367053986 | -0.02300471067428589,-1.1426454782485962,-1.487483928030997e-06 | 181.2 | 0.12748494744300842,-0.002074198331683874,0.7153950333595276 | -0.08585023880004883,-3.7110862731933594,-7.036943134153262e-05 | 0,0
8870 | 295.666682086885 | 136.113525390625,215.75498962402344,0.22627341747283936 | -0.04399911314249039,-2.4148871898651123,-9.535153111528416e-08 | 181.0 | -0.02324514649808407,0.001361666596494615,0.2515420615673065 | -0.03534681722521782,-2.731811761856079,2.8605456918739947e-06 | 0,0
8880 | 296.000015437603 | 136.0973663330078,214.83924865722656,0.22610023617744446 | -0.044939108192920685,-2.8002865314483643,6.865310524517554e-07 | 180.9 | -0.1983523666858673,0.0016948162810876966,0.2931489050388336 | 0.032831352204084396,1.3273857831954956,3.318233575555496e-05 | 0,0
8890 | 296.333348788321 | 136.08929443359375,214.33010864257812,0.22532524168491364 | -0.007453089114278555,-0.5343664884567261,-3.4517256608523894e-06 | 0 | -0.024219056591391563,-5.0843224016716704e-05,0.07766853272914886 | 0.0009045749320648611,0.005952715408056974,8.8676912127994e-05 | 0,0
8900 | 296.66668213903904 | 136.08168029785156,213.7896270751953,0.22608798742294312 | -0.028081310912966728,-2.2607316970825195,1.3349215066682518e-07 | 180.7 | 0.20346836745738983,-0.0012062060413882136,0.3636361062526703 | -0.031095797196030617,-2.965864896774292,-8.009527846297715e-06 | 0,0
8910 | 297.00001548975706 | 136.07093811035156,212.88226318359375,0.22618301212787628 | -0.0302116796374321,-3.117647409439087,1.1442184444376835e-07 | 180.6 | -0.008457701653242111,0.0005993943195790052,0.5192734003067017 | -0.0013137235073372722,-2.4259040355682373,8.009528755792417e-06 | 0,0
8920 | 297.3333488404751 | 136.06060791015625,211.7044677734375,0.22615978121757507 | -0.024008775129914284,-3.9033851623535156,-1.5828354662517086e-06 | 180.4 | -0.010989258997142315,0.0010772920213639736,0.6739585399627686 | 0.02445816807448864,-2.310039758682251,-0.00010641230619512498 | 0,0
8930 | 297.6666821911931 | 136.05331420898438,210.27462768554688,0.22613371908664703 | -0.01039654016494751,-4.600085258483887,9.535153111528416e-08 | 180.1 | -0.031245032325387,0.0013423132477328181,0.7584473490715027 | 0.05220307782292366,-1.6395376920700073,1.4874838598188944e-05 | 0,0
8940 | 298.0000155419111 | 136.05116271972656,208.6786346435547,0.22602695226669312 | 0.005441165063530207,-4.893557548522949,6.483904826382059e-07 | 179.9 | -0.06935788691043854,-0.0024407804012298584,0.6474255323410034 | 0.019550494849681854,-0.38051602244377136,4.348029688117094e-05 | 0,0
8950 | 298.33334889262915 | 136.05372619628906,207.24896240234375,0.2255016267299652 | 0.00959609355777502,-3.063284158706665,-2.7270539249002468e-06 | 179.8 | -0.5082428455352783,-0.007421548943966627,0.12966492772102356 | -0.026010887697339058,10.069355010986328,-2.1168036255403422e-05 | 0,0
8960 | 298.66668224334717 | 136.05648803710938,206.36976623535156,0.22557422518730164 | 0.010663531720638275,-2.6010265350341797,3.165670932503417e-06 | 179.8 | 0.23043464124202728,0.0017858927603811026,0.2293826788663864 | 0.012239198200404644,0.03497600182890892,1.3158509318600409e-05 | 0,0
8970 | 299.0000155940652 | 136.05992126464844,205.5528106689453,0.22578662633895874 | 0.013498065061867237,-2.4994378089904785,-8.390935590796289e-07 | 179.7 | 0.1601962447166443,0.0031584801618009806,0.2516222596168518 | 0.04116268455982208,-1.6795634031295776,-7.094153988873586e-05 | 0,0
8980 | 299.3333489447832 | 136.06497192382812,204.5971221923828,0.22604556381702423 | 0.019852355122566223,-3.2239303588867188,5.721092293242691e-07 | 179.6 | 0.090024933218956,-0.0002858478983398527,0.24739260971546173 | -0.0014461575774475932,-2.29067063331604,-5.721084903598239e-07 | 0,0
8990 | 299.66668229550123 | 136.07264709472656,203.39022827148438,0.22612442076206207 | 0.028089098632335663,-3.9744160175323486,-5.7210922221884175e-08 | 179.6 | 0.013616573065519333,-0.0012726265704259276,0.21690060198307037 | 0.004738736432045698,-2.1886680126190186,2.0595929527189583e-05 | 0,0
9000 | 300.00001564621925 | 136.08216857910156,202.090087890625,0.22579734027385712 | 0.024563444778323174,-3.222266435623169,-6.674607675449806e-07 | 179.6 | -0.4218492805957794,-0.00599301140755415,-0.014750286005437374 | -0.04402052238583565,6.721593856811523,0.0 | 0,0
9010 | 300.3333489969373 | 136.08871459960938,201.21633911132812,0.22564437985420227 | 0.020390667021274567,-2.6355018615722656,1.0679372053346015e-06 | 179.6 | 0.23859842121601105,0.003828964428976178,0.09713862836360931 | 0.02588951773941517,-1.6794847249984741,1.0297964763594791e-05 | 0,0
9020 | 300.6666823476553 | 136.09596252441406,200.26405334472656,0.22590671479701996 | 0.0228878166526556,-2.904320240020752,-3.0512492799061874e-07 | 179.5 | 0.0064338259398937225,0.0002705936203710735,0.050158433616161346 | 0.0044045778922736645,0.039267536252737045,-1.1442186860222137e-06 | 0,0
9030 | 301.0000156983733 | 136.1035919189453,199.29586791992188,0.22589710354804993 | 0.025339290499687195,-2.9900522232055664,6.674607675449806e-07 | 179.5 | 0.06681378185749054,0.0025467316154390574,0.12529265880584717 | 0.05136072263121605,-2.9238007068634033,4.1191859054379165e-05 | 0,0
9040 | 301.33334904909134 | 136.11856079101562,198.18484497070312,0.22595779597759247 | 0.08645506948232651,-3.113682746887207,2.8605461466213455e-07 | 178.4 | -0.29982590675354004,0.024065647274255753,2.0237925052642822 | 0.46804946660995483,5.985388278961182,5.72109183849534e-06 | 0,0
9050 | 301.66668239980936 | 136.16502380371094,197.3839874267578,0.22568842768669128 | 0.26545074582099915,-2.386138439178467,-4.0047643778962083e-07 | 173.7 | 0.1937486231327057,0.09778624027967453,7.515903949737549 | 1.769779086112976,-1.5835903882980347,-5.148981927050045e-06 | 0,0
9060 | 302.0000157505274 | 136.29981994628906,196.46966552734375,0.22602203488349915 | 0.6782613396644592,-3.0640666484832764,6.674607675449806e-07 | 167.5 | 0.11174990236759186,0.015997547656297684,15.505672454833984 | 0.7343726754188538,-2.307135820388794,1.3730620594287757e-05 | 0,0
9070 | 302.3333491012454 | 136.58673095703125,195.4629669189453,0.22580425441265106 | 0.964935302734375,-2.2928693294525146,-3.2800926419440657e-06 | 157.2 | -0.3976433277130127,-0.2677994966506958,18.886568069458008 | -2.235595941543579,7.115306377410889,-0.00014359940541908145 | 0,0
9080 | 302.6666824519634 | 136.87142944335938,194.81741333007812,0.22569052875041962 | 1.050062894821167,-1.8117722272872925,3.0512492799061874e-07 | 149.9 | 0.0747641772031784,0.12549220025539398,18.187068939208984 | 1.6160075664520264,1.2235342264175415,3.4326558306929655e-06 | 0,0
9090 | 303.00001580268145 | 137.2235870361328,194.2237091064453,0.22582553327083588 | 1.252539873123169,-1.6557443141937256,3.0512492799061874e-07 | 142.9 | 0.03188664838671684,0.013042289763689041,19.43330192565918 | 0.6560253500938416,0.5645512938499451,-2.6889134460361674e-05 | 0,0
9100 | 303.33334915339947 | 137.64093017578125,193.6924591064453,0.22590385377407074 | 1.625842809677124,-1.5968549251556396,-9.7258566711389e-07 | 134.5 | 0.07491056621074677,0.12118580937385559,24.200716018676758 | 2.296396255493164,-1.023938536643982,-6.808099715271965e-05 | 0,0
9110 | 303.6666825041175 | 138.2977752685547,193.1017608642578,0.2260718047618866 | 2.544841766357422,-1.6679524183273315,-1.353991819996736e-06 | 123.2 | -0.13668304681777954,0.18320907652378082,35.98337936401367 | 3.5315535068511963,2.0670888423919678,-6.350412149913609e-05 | 0,0
9120 | 304.0000158548355 | 139.39413452148438,192.50184631347656,0.22609131038188934 | 3.6176633834838867,-1.4026446342468262,-2.0977338976990723e-07 | 111.2 | 0.11925490945577621,-0.03522534668445587,37.54523468017578 | 2.431325674057007,-0.7494091391563416,5.148981927050045e-06 | 0,0
9130 | 304.33334920555353 | 140.569091796875,192.07884216308594,0.22607307136058807 | 4.171838760375977,-1.0838322639465332,3.623358395543619e-07 | 104.6 | 0.014997472055256367,-0.14139994978904724,29.354290008544922 | -1.134738802909851,1.8223999738693237,1.7163272332254564e-06 | 0,0
9140 | 304.66668255627155 | 141.690673828125,191.82232666015625,0.22555845975875854 | 2.8729050159454346,-0.38087114691734314,-2.5554211333655985e-06 | 97.6 | -0.0001752628741087392,-0.025104470551013947,17.550369262695312 | -0.3753518760204315,1.2850865125656128,-6.12156800343655e-05 | 0,0
9150 | 305.0000159069896 | 142.6825408935547,191.67523193359375,0.22580645978450775 | 3.0358517169952393,-0.2892589271068573,1.3730621049035108e-06 | 95.4 | -0.0031554934103041887,0.0815616324543953,12.61825180053711 | 0.028345583006739616,0.984839141368866,2.2884365534991957e-05 | 0,0
9160 | 305.3333492577076 | 143.69276428222656,191.57481384277344,0.22587096691131592 | 3.073105812072754,-0.20180971920490265,3.8140612446113664e-07 | 93.8 | 0.013555563986301422,0.04616639390587807,8.68494701385498 | 1.1598871946334839,0.1436246782541275,5.148981927050045e-06 | 0,0
9170 | 305.6666826084256 | 144.87307739257812,191.50006103515625,0.22608478367328644 | 3.9375343322753906,-0.13456426560878754,7.818825906724669e-07 | 92.0 | -0.02911044843494892,0.07413792610168457,8.287504196166992 | 2.372596025466919,0.6789953708648682,-5.148983291292097e-06 | 0,0
9180 | 306.00001595914364 | 146.24212646484375,191.45608520507812,0.22592322528362274 | 3.6610772609710693,-0.048607178032398224,-3.814061599882734e-08 | 90.8 | 0.028157517313957214,-0.4155339300632477,4.609999656677246 | -6.9109649658203125,0.11418598890304565,9.153746759693604e-06 | 0,0
9190 | 306.33334930986166 | 146.98672485351562,191.44601440429688,0.22517916560173035 | 0.8858621716499329,-0.004560771398246288,-4.710365828941576e-06 | 0 | 0.008490748703479767,-0.23433858156204224,0.788869321346283 | -8.231793403625488,0.033643268048763275,5.549458001041785e-05 | 0,0
9200 | 306.6666826605797 | 147.39730834960938,191.4429473876953,0.2257806658744812 | 1.63502037525177,-0.0013645995641127229,4.824787993129576e-06 | 90.0 | 0.00530284084379673,0.34015461802482605,2.0918290615081787 | 2.6746413707733154,0.010244263336062431,-2.0595920432242565e-05 | 0,0
9210 | 307.0000160112977 | 148.1159210205078,191.44129943847656,0.22613471746444702 | 2.6048192977905273,0.008637528866529465,-8.009528755792417e-07 | 89.8 | -0.00048593906103633344,0.0707317516207695,1.6282473802566528 | 2.600562334060669,0.032738830894231796,1.1442203913247795e-06 | 0,0
9220 | 307.3333493620157 | 149.1287841796875,191.4459686279297,0.22616516053676605 | 3.4202919006347656,0.038715966045856476,-1.1823590284620877e-06 | 89.4 | -0.004964472725987434,-0.005204884801059961,1.822444200515747 | 2.371680498123169,0.1514461189508438,-1.601905569259543e-05 | 0,0
9230 | 307.66668271273375 | 150.2707061767578,191.45852661132812,0.22580768167972565 | 2.577310085296631,0.03908771276473999,-1.0488669204278267e-06 | 89.1 | 0.017196225002408028,-0.5983925461769104,0.7011384963989258 | -10.067488670349121,-0.12392721325159073,-4.233607978676446e-05 | 0,0
9240 | 308.00001606345177 | 150.72293090820312,191.4647216796875,0.22538699209690094 | 1.0159738063812256,0.014703165739774704,2.3837885692046257e-06 | 89.2 | -0.003211929462850094,0.2623741030693054,0.21036900579929352 | -0.012559889815747738,-0.026689235121011734,2.7461246645543724e-05 | 0,0
9250 | 308.3333494141698 | 151.1136932373047,191.47024536132812,0.2258663922548294 | 1.45077645778656,0.023598993197083473,2.3456477720174007e-06 | 89.1 | -0.0017386949621140957,0.20902206003665924,1.2334095239639282 | 2.0586845874786377,0.042050328105688095,1.3730621503782459e-05 | 0,0
9260 | 308.6666827648878 | 151.77674865722656,191.48046875,0.22615858912467957 | 2.4940834045410156,0.04192139580845833,-2.0214527012285544e-06 | 89.0 | -2.309951560164336e-05,0.07813159376382828,0.4053431451320648 | 2.8338000774383545,0.02037539891898632,-5.4922486015129834e-05 | 0,0
9270 | 309.00001611560583 | 152.75515747070312,191.4970245361328,0.2261674851179123 | 3.2424328327178955,0.058444757014513016,-3.0512492799061874e-07 | 89.0 | 0.0022193212062120438,-0.07801482826471329,0.32442206144332886 | 0.35329338908195496,0.01183535810559988,-6.865310751891229e-06 | 0,0
9280 | 309.33334946632385 | 153.56106567382812,191.51145935058594,0.22552527487277985 | 1.3658415079116821,0.024412337690591812,-2.8414758617145708e-06 | 89.0 | 0.009241822175681591,-0.388837993144989,-0.011352849192917347 | -7.822150707244873,-0.14530162513256073,-1.7735390429152176e-05 | 0,0
9290 | 309.6666828170419 | 153.99227905273438,191.5189971923828,0.2257913500070572 | 1.7362972497940063,0.03136182576417923,2.5935619305528235e-06 | 89.0 | -0.005939365830272436,0.36166760325431824,0.46220847964286804 | 3.4866461753845215,0.04955581948161125,-7.208575698314235e-05 | 0,0
9300 | 310.0000161677599 | 154.75233459472656,191.53271484375,0.22614428400993347 | 2.7219009399414062,0.05043163150548935,-8.772341288931784e-07 | 88.9 | -0.0020096779335290194,0.05837884545326233,0.11075503379106522 | 2.553083658218384,0.05667887255549431,-8.924903522711247e-05 | 0,0
9310 | 310.3333495184779 | 155.60498046875,191.54840087890625,0.22574493288993835 | 1.629852056503296,0.02967110648751259,-2.116804125762428e-06 | 89.0 | 0.013780645094811916,-0.5712703466415405,-0.11596807092428207 | -10.020635604858398,-0.18791790306568146,-4.748506034957245e-05 | 0,0
9320 | 310.66668286919594 | 155.88824462890625,191.55337524414062,0.2256881594657898 | 1.4342026710510254,0.026405122131109238,5.911795142310439e-06 | 88.9 | -0.014307428151369095,0.6026903986930847,0.06218830123543739 | 6.273378849029541,0.1144728735089302,3.547076994436793e-05 | 0,0
9330 | 311.00001621991396 | 156.59188842773438,191.56637573242188,0.226189985871315 | 2.5853335857391357,0.04829810932278633,3.8140612446113664e-07 | 88.9 | -0.0015054800314828753,0.04650082811713219,0.038691867142915726 | 2.624816656112671,0.05155026540160179,-5.721092747990042e-06 | 0,0
9340 | 311.333349570632 | 157.51524353027344,191.58372497558594,0.22594965994358063 | 2.2965426445007324,0.042836494743824005,-4.0047643778962083e-07 | 88.9 | 0.011613821610808372,-0.4633207321166992,-0.10171260684728622 | -7.220363140106201,-0.1392630785703659,-2.7461241188575514e-05 | 0,0
9350 | 311.66668292135 | 157.79025268554688,191.58889770507812,0.2252359390258789 | -6.520541501231492e-05,1.1193426416866714e-06,-2.2312258352030767e-06 | 0 | -0.003261743811890483,0.15559881925582886,-2.206912768087932e-06 | -0.0019421883625909686,0.00020327763922978193,4.576873470796272e-05 | 0,0
9360 | 312.000016272068 | 157.7897491455078,191.58889770507812,0.22565753757953644 | -3.225749242119491e-05,1.3640005818160716e-06,4.1954677953981445e-07 | 0 | -0.0016285227611660957,0.07194564491510391,-1.5708568525951705e-06 | -0.0009677247144281864,4.0920014725998044e-05,1.258640259038657e-05 | 0,0
9370 | 312.33334962278605 | 157.78955078125,191.58888244628906,0.2258179783821106 | -2.6833777155843563e-05,-9.364756010654673e-07,4.576873777750734e-07 | 0 | -0.0014041687827557325,0.056041378527879715,-1.7406772201411513e-07 | 0.00011600798461586237,3.404511971893953e-06,-1.1442184586485382e-05 | 0,0
9380 | 312.66668297350407 | 157.7895050048828,191.58888244628906,0.2258574217557907 | -7.780154192005284e-06,-2.639815761540376e-07,8.009528755792417e-07 | 0 | -0.0002727970131672919,0.016229039058089256,-5.6292634553756216e-08 | 2.6772839191835374e-05,1.430592760698346e-06,1.9451712432783097e-05 | 0,0
9390 | 313.0000163242221 | 157.7894744873047,191.58888244628906,0.2258693277835846 | -2.0706434042949695e-06,-1.2405695315464982e-07,3.432655262258777e-07 | 0 | -0.00017119864060077816,0.004334722179919481,-1.9599752931753756e-08 | 3.363067889949889e-06,-2.211672835983336e-06,6.8653098423965275e-06 | 0,0
9400 | 313.3333496749401 | 157.7894744873047,191.58888244628906,0.22587355971336365 | -4.7139741354840226e-07,-4.147775456431191e-08,7.628123199765469e-08 | 0 | -9.858272824203596e-05,0.000994528760202229,-4.639128192707176e-09 | -8.953247174758872e-07,-1.6052148339440464e-06,-5.72109183849534e-06 | 0,0
9410 | 313.66668302565813 | 157.7894744873047,191.58888244628906,0.2258746325969696 | -6.961075627032187e-08,5.166081606944317e-08,5.14898317760526e-07 | 0 | -1.8316492287340225e-06,0.00014861792442388833,-2.283894184884616e-09 | -2.0883226170553826e-06,1.5498243328693206e-06,1.544694896438159e-05 | 0,0
9420 | 314.00001637637615 | 157.7894744873047,191.58888244628906,0.2258746325969696 | -5.253728829757165e-08,-1.148198425227065e-08,3.814061599882734e-08 | 0 | -1.8858387193176895e-05,0.0001091357262339443,7.227001219689555e-10 | 1.3416359934126376e-07,-2.253843149446766e-06,-5.72109183849534e-06 | 0,0
9430 | 314.3333497270942 | 157.7894744873047,191.58888244628906,0.22587566077709198 | -2.6801130204034962e-08,3.521045144339041e-08,4.0047643778962083e-07 | 0 | 2.895112629630603e-05,5.6491502618882805e-05,-2.9990898653409204e-10 | -1.782348562073821e-07,1.1265462518394997e-07,1.1442178902143496e-06 | 0,0
9440 | 314.6666830778122 | 157.7894744873047,191.58888244628906,0.22587566077709198 | -6.37280783699623e-10,1.2226930579117834e-08,5.911795142310439e-07 | 0 | 1.0430700967845041e-05,1.2800769582099747e-06,1.2960709762366296e-11 | 1.8838472115589866e-08,3.107636459276364e-08,0.0 | 0,0
9450 | 315.0000164285302 | 157.7894744873047,191.58888244628906,0.22587566077709198 | -1.5869042746530226e-09,-9.338213757814628e-09,1.907030799941367e-08 | 0 | -8.709365829417948e-06,3.6245085084374296e-06,-2.837730571358943e-11 | -1.3793814979123908e-08,-8.971079523689696e-08,0.0 | 0,0
9460 | 315.33334977924824 | 157.7894744873047,191.58888244628906,0.22587566077709198 | -4.371838724370747e-10,-1.876444111204023e-09,1.907030799941367e-08 | 0 | -2.492903377060429e-06,1.0355209951740107e-06,7.1574404389429525e-12 | -1.3115514896355762e-08,-5.6293320227496224e-08,5.721092293242691e-07 | 0,0
9470 | 315.66668312996626 | 157.7894744873047,191.58888244628906,0.22587566077709198 | -2.2466040139335064e-09,-4.070397352506916e-08,2.0977338976990723e-07 | 0 | -3.849533823085949e-05,5.66138987778686e-06,8.000035633948244e-10 | -1.4700160022584896e-07,-8.729456340006436e-07,-8.58163730299566e-06 | 0,0
9480 | 316.0000164806843 | 157.7894744873047,191.58888244628906,0.22587566077709198 | 4.286702104394635e-10,-1.9253034722055418e-09,1.9070306223056832e-07 | 0 | -3.678944267448969e-06,-9.338832569483202e-07,7.730446838216665e-11 | 1.0347176448988193e-08,-1.993311684600485e-07,0.0 | 0,0
9490 | 316.3333498314023 | 157.7894744873047,191.58888244628906,0.22587566077709198 | -9.02305674621573e-10,3.616319022015091e-09,2.288436888875367e-07 | 0 | 1.8701448425417766e-06,1.7845055708676227e-06,2.1681691164676664e-11 | 3.930459069323433e-09,-2.9502897902489167e-08,1.1442186860222137e-06 | 0,0
9500 | 316.6666831821203 | 157.7894744873047,191.58888244628906,0.22587566077709198 | -7.968369020172617e-11,-9.918189602942107e-10,1.3349215066682518e-07 | 0 | -6.947014412617136e-07,2.3342214205968048e-07,-1.3709612438350671e-11 | -7.1646235610955955e-09,1.1955688883347193e-08,1.1442184586485382e-06 | 0,0
9510 | 317.00001653283834 | 157.7894744873047,191.58888244628906,0.22587566077709198 | -2.1686982765167784e-10,2.529389198091536e-10,3.814061599882734e-08 | 0 | 3.311966167984792e-07,4.928742214360682e-07,-9.756282587369824e-12 | -6.506094329949974e-09,7.588167427741155e-09,1.1442184586485382e-06 | 0,0
9520 | 317.33334988355637 | 157.7894744873047,191.58888244628906,0.22587566077709198 | -2.6343902059799973e-10,2.626797668270342e-10,3.8140612446113664e-07 | 0 | 3.39798845061523e-07,5.905690727558977e-07,-1.1045345194027334e-11 | -7.1682282332119485e-09,1.2128801962774105e-08,1.1442178902143496e-06 | 0,0
9530 | 317.6666832342744 | 157.7894744873047,191.58888244628906,0.22587566077709198 | -5.053382157171882e-09,-2.3200446008786457e-08,0.0 | 0 | -6.871714140288532e-05,1.2374962352623697e-05,1.3081302707718123e-10 | -1.3643231966398162e-07,-9.650743777456228e-07,-8.581638212490361e-06 | 0,0
9540 | 318.0000165849924 | 157.7894744873047,191.58888244628906,0.22587566077709198 | 5.828210136726852e-10,2.3499426848871963e-09,2.288436888875367e-07 | 0 | 2.1837988697370747e-06,-1.235281501976715e-06,-1.7574369043371618e-11 | -5.113461210015657e-09,8.04300768209032e-08,1.1442186860222137e-06 | 0,0
9550 | 318.33334993571043 | 157.7894744873047,191.58888244628906,0.22587566077709198 | -6.163914934020909e-10,1.0200329469967073e-09,1.3349215066682518e-07 | 0 | 5.368887627810182e-07,1.2276976804059814e-06,-1.7515412948157505e-12 | -1.2335231724946993e-09,4.818042409482359e-09,1.1442184586485382e-06 | 0,0
9560 | 318.66668328642845 | 157.7894744873047,191.58888244628906,0.22587566077709198 | -2.1686982765167784e-10,2.5293897532030485e-10,3.814061599882734e-08 | 0 | 3.311966167984792e-07,4.928742214360682e-07,-9.756972139951525e-12 | -6.506094329949974e-09,7.588169204097994e-09,1.1442184586485382e-06 | 0,0
9570 | 319.0000166371465 | 157.7894744873047,191.58888244628906,0.22587566077709198 | -7.222749620616753e-10,6.526638340886848e-09,3.623358395543619e-07 | 0 | 1.1054038623115048e-05,1.4358716953211115e-06,-9.3983332227765e-10 | 1.360210006851048e-07,6.945589348106296e-07,1.0297964763594791e-05 | 0,0
9580 | 319.3333499878645 | 157.7894744873047,191.58888244628906,0.22587566077709198 | 7.048764349981695e-11,-3.121079616974498e-09,2.6698430133365036e-07 | 0 | -3.886607373715378e-06,-1.0766637359438391e-07,5.8912319467197e-11 | 7.734581863871881e-09,-1.8195305528934114e-07,5.721093430111068e-07 | 0,0
9590 | 319.6666833385825 | 157.7894744873047,191.58888244628906,0.22587566077709198 | 5.501781322192478e-12,-6.335113544864157e-10,2.288436888875367e-07 | 0 | -1.7297667227467173e-06,-2.6217488624524776e-08,4.185082835839182e-11 | 3.3344160765835795e-09,-1.143722485608123e-07,1.1442186860222137e-06 | 0,0
9600 | 320.00001668930054 | 157.7894744873047,191.58888244628906,0.22587566077709198 | -6.583696365858316e-10,2.0631512054336554e-09,1.1442184444376835e-07 | 0 | 1.1174812470926554e-06,1.3340725217858562e-06,-1.817547674864972e-11 | -2.4928674680069207e-09,3.611158660987712e-08,5.721093430111068e-07 | 0,0
9610 | 320.33335004001856 | 157.7894744873047,191.58888244628906,0.22587566077709198 | 2.2399980481591086e-10,-6.874167346460069e-10,3.814061599882734e-08 | 0 | -9.065117865247885e-07,-5.015876922698226e-07,1.486868267397412e-11 | 6.719993894677145e-09,-2.0622501040179486e-08,1.1442184586485382e-06 | 0,0
9620 | 320.6666833907366 | 157.7894744873047,191.58888244628906,0.22587566077709198 | -1.0841388203841618e-10,2.4118915198378943e-10,4.0047643778962083e-07 | 0 | 3.0487854019156657e-07,1.9973947473772569e-07,-5.262017818002951e-12 | 3.0612730128609655e-09,3.741557463854406e-08,1.1442178902143496e-06 | 0,0
9630 | 321.0000167414546 | 157.7894744873047,191.58888244628906,0.22587566077709198 | 1.5880442794102834e-10,1.3641223706173378e-09,3.0512492799061874e-07 | 0 | 1.2614417528311606e-06,-3.2236573588306783e-07,-2.308275098839019e-12 | -7.164635107415052e-09,1.195738796866408e-08,1.1442186860222137e-06 | 0,0
9640 | 321.3333500921726 | 157.7894744873047,191.58888244628906,0.22587566077709198 | 8.48056694313648e-12,-1.6633280308653298e-09,2.288436888875367e-07 | 0 | -1.723883315207786e-06,-2.6127869645620194e-08,1.0909003735071199e-11 | 7.522150013983264e-09,-3.296781869721599e-08,1.1442186860222137e-06 | 0,0
9650 | 321.66668344289064 | 157.7894744873047,191.58888244628906,0.22587566077709198 | 1.6515540324224531e-10,-1.7434247379100043e-09,1.3349215066682518e-07 | 0 | -1.3119529285177123e-06,-2.637606542066351e-07,-1.3522512970487455e-11 | -7.110101840623884e-09,1.0267612537973037e-08,1.1442184586485382e-06 | 0,0
9660 | 322.00001679360867 | 157.7894744873047,191.58888244628906,0.22587566077709198 | -2.1686984152946565e-10,2.529389198091536e-10,3.814061599882734e-08 | 0 | 3.311966167984792e-07,4.928742214360682e-07,-9.75706494765749e-12 | -6.506094774039184e-09,7.588167427741155e-09,1.1442184586485382e-06 | 0,0
9670 | 322.3333501443267 | 157.7894744873047,191.58888244628906,0.22587566077709198 | -1.3536576026762503e-10,9.206511109027815e-10,4.0047643778962083e-07 | 0 | 8.875473440639325e-07,3.061613824684173e-07,-7.206341426369001e-12 | -7.168914351041167e-09,1.2166170293426148e-08,1.1442178902143496e-06 | 0,0
9680 | 322.6666834950447 | 157.7894744873047,191.58888244628906,0.22587566077709198 | -8.171618381958012e-10,6.0526694767304434e-09,3.2419524131910293e-07 | 0 | 6.023220521456096e-06,1.6035278349590953e-06,-4.7168640521233485e-11 | -5.8478586417720635e-09,2.172414923506949e-07,1.1442186860222137e-06 | 0,0
9690 | 323.00001684576273 | 157.7894744873047,191.58888244628906,0.22587566077709198 | 5.727328056259751e-10,-6.327510737591524e-10,1.9070306223056832e-07 | 0 | 4.763402898788627e-07,-1.1635678447419195e-06,-3.258493128099893e-11 | -2.9878430840568626e-09,9.395022715352752e-08,1.1442178902143496e-06 | 0,0
9700 | 323.33335019648075 | 157.7894744873047,191.58888244628906,0.22587566077709198 | -1.1360195423248953e-10,-7.194518314435072e-09,1.3349215066682518e-07 | 0 | -5.832917850057129e-06,4.4831671175415977e-07,-3.6254613894337595e-11 | -7.057634032747728e-09,6.84585677035443e-09,1.1442184586485382e-06 | 0,0
9710 | 323.6666835471988 | 157.7894744873047,191.58888244628906,0.22587566077709198 | 2.6729690683069407e-10,-3.25188365124518e-09,1.907030799941367e-08 | 0 | -3.202917014277773e-06,-5.363661443880119e-07,4.59967446075904e-11 | 8.018906427764705e-09,-9.755650154374962e-08,5.721092293242691e-07 | 0,0
9720 | 324.0000168979168 | 157.7894744873047,191.58888244628906,0.22587566077709198 | -4.970030498263611e-10,3.083313160345824e-09,4.0047643778962083e-07 | 0 | 2.6698119199863868e-06,1.0161302270716988e-06,-3.0190544075131553e-12 | -7.1689565395161026e-09,1.2168725582739626e-08,1.1442178902143496e-06 | 0,0
9730 | 324.3333502486348 | 157.7894744873047,191.58888244628906,0.22587566077709198 | -2.6310234546578215e-10,2.0297854508299906e-09,3.2419524131910293e-07 | 0 | 1.3277082189233624e-06,4.5913355961602065e-07,2.173662985716085e-11 | 7.517693134673209e-09,-3.272704063306264e-08,1.1442186860222137e-06 | 0,0
9740 | 324.66668359935284 | 157.7894744873047,191.58888244628906,0.22587566077709198 | -4.802262754122211e-11,1.2436436325202749e-09,2.288436888875367e-07 | 0 | 1.157125439021911e-06,1.1511546205156264e-07,-5.1473794844547616e-12 | -7.175613880860965e-09,1.2547445749078179e-08,1.1442186860222137e-06 | 0,0
9750 | 325.00001695007086 | 157.7894744873047,191.58888244628906,0.22587566077709198 | -3.733696685159771e-10,3.246962421155075e-10,1.3349215066682518e-07 | 0 | -8.068000312277945e-08,7.305088161047024e-07,1.1368333358019456e-11 | 6.057131241021807e-09,-1.6042060124732416e-08,1.1442184586485382e-06 | 0,0
9760 | 325.3333503007889 | 157.7894744873047,191.58888244628906,0.22587566077709198 | 5.6474611653811735e-09,-1.9987988153502556e-08,-5.7210922221884175e-08 | 0 | -5.0773098337231204e-05,-1.4137308426143136e-05,4.5286960292934e-10 | 1.6691245718902792e-07,-5.954213406766939e-07,-5.72109183849534e-06 | 0,0
9770 | 325.6666836515069 | 157.7894744873047,191.58888244628906,0.22587566077709198 | -5.941988567848e-10,7.184594252862553e-09,3.8140612446113664e-07 | 0 | 1.1601767255342565e-05,1.1514582638483262e-06,-9.359963915045455e-10 | 1.3602031856407848e-07,6.945973041183606e-07,1.029796385410009e-05 | 0,0
9780 | 326.0000170022249 | 157.7894744873047,191.58888244628906,0.22587566077709198 | -6.746152525494153e-10,1.4071283693795067e-08,3.0512492799061874e-07 | 0 | 1.3147025129001122e-05,1.1260124210821232e-06,-1.9331596046168187e-10 | -1.0076754985988146e-09,1.5769522860864527e-06,1.1442186860222137e-06 | 0,0
9790 | 326.33335035294294 | 157.7894744873047,191.58888244628906,0.22587566077709198 | 5.972423666733562e-10,-7.54268558722515e-09,1.5256246399530937e-07 | 0 | -5.244285148364725e-06,-1.0550604656600626e-06,-5.8170950695268786e-11 | -2.9878530760640842e-09,9.395039057835675e-08,1.1442184586485382e-06 | 0,0
9800 | 326.66668370366096 | 157.7894744873047,191.58888244628906,0.22587566077709198 | -8.142391760834755e-10,1.2650518410595168e-09,1.3349215066682518e-07 | 0 | 1.1570284641493345e-06,1.7249707298105932e-06,-1.3254594470601955e-11 | -7.168953430891634e-09,1.2168608343188225e-08,1.1442184586485382e-06 | 0,0
9810 | 327.000017054379 | 157.7894744873047,191.58888244628906,0.22587566077709198 | 2.2399983257148648e-10,-6.874166236237045e-10,3.814061599882734e-08 | 0 | -9.065117865247885e-07,-5.015876922698226e-07,1.487546544276519e-11 | 6.719994338766355e-09,-2.0622497487465807e-08,1.1442184586485382e-06 | 0,0
9820 | 327.333350405097 | 157.7894744873047,191.58888244628906,0.22587566077709198 | -7.014364089563685e-11,-2.8436472732096263e-08,3.8140612446113664e-07 | 0 | 1.916226938192267e-05,-4.4161623691252316e-07,8.531344519724371e-10 | -1.5182974877347988e-09,-1.511459572611784e-06,1.1442178902143496e-06 | 0,0
9830 | 327.66668375581503 | 157.7894744873047,191.58888244628906,0.22587566077709198 | -7.82925113629318e-10,-1.7071943858582017e-08,4.767576911035576e-07 | 0 | 1.6230880646617152e-05,4.589113359543262e-06,4.683048393516742e-10 | 6.076776060126576e-08,-1.15122554689151e-06,1.1442186860222137e-06 | 0,0
9840 | 328.00001710653305 | 157.7894744873047,191.58888244628906,0.22587566077709198 | 8.93698337556259e-10,8.742553347929061e-10,2.288436888875367e-07 | 0 | 3.9758586467542045e-07,-1.945349822563003e-06,2.998397016784615e-11 | 7.522204192866866e-09,-3.297055073403499e-08,1.1442186860222137e-06 | 0,0
9850 | 328.3333504572511 | 157.7894744873047,191.58888244628906,0.22587566077709198 | -8.142391760834755e-10,1.2650518410595168e-09,1.3349215066682518e-07 | 0 | 1.1570284641493345e-06,1.7249707298105932e-06,-1.3253991654194053e-11 | -7.168954763159263e-09,1.2168608343188225e-08,1.1442184586485382e-06 | 0,0
9860 | 328.6666838079691 | 157.7894744873047,191.58888244628906,0.22587566077709198 | 2.810467969460717e-10,-4.16303125305717e-09,0.0 | 0 | -5.508745744009502e-06,-5.713154109798779e-07,5.578225381608348e-11 | 8.431403131226034e-09,-1.2489093137446616e-07,0.0 | 0,0
9870 | 329.0000171586871 | 157.7894744873047,191.58888244628906,0.22587566077709198 | -2.8906796400995916e-10,5.821079174239685e-09,3.8140612446113664e-07 | 0 | 3.7572337987512583e-06,4.471436341191293e-07,2.3465684256818164e-11 | -3.3602105542485106e-09,-8.642192739216625e-09,1.1442178902143496e-06 | 0,0
9880 | 329.33335050940514 | 157.7894744873047,191.58888244628906,0.22587566077709198 | -6.085774106878716e-10,7.43283345983059e-09,3.2419524131910293e-07 | 0 | 7.127098797354847e-06,1.1324042361593456e-06,-1.5140583231598725e-11 | -2.987978087176657e-09,9.395724731575683e-08,1.1442186860222137e-06 | 0,0
9890 | 329.66668386012316 | 157.7894744873047,191.58888244628906,0.22587566077709198 | 2.6949031894929476e-10,8.246730520689027e-10,2.288436888875367e-07 | 0 | 1.6760207017796347e-06,-5.599957262347743e-07,-3.0380906124172213e-11 | -2.987172731394594e-09,9.391194311092477e-08,1.1442186860222137e-06 | 0,0
9900 | 330.0000172108412 | 157.7894744873047,191.58888244628906,0.22587566077709198 | -1.2851855690776404e-10,-4.276241583056617e-10,1.3349215066682518e-07 | 0 | -6.979245767979592e-07,2.3332863463565445e-07,1.1200236051112089e-11 | 6.057149448679411e-09,-1.604435517776892e-08,1.1442184586485382e-06 | 0,0
9910 | 330.3333505615592 | 157.7894744873047,191.58888244628906,0.22587566077709198 | 1.2441787877737198e-10,1.9578688670307542e-10,3.814061599882734e-08 | 0 | 2.614887080198969e-07,-2.887532559725514e-07,1.7644654183926467e-12 | 3.732536058009828e-09,5.8736060459807504e-09,1.1442184586485382e-06 | 0,0
9920 | 330.6666839122772 | 157.7894744873047,191.58888244628906,0.22587566077709198 | -1.9821144725540307e-10,1.9604323497901532e-08,3.623358395543619e-07 | 0 | 1.5172610801528208e-05,-6.297758403661646e-08,7.538465685019702e-11 | -3.4131881765375738e-09,-5.19072740345905e-09,1.1442178902143496e-06 | 0,0
9930 | 331.00001726299524 | 157.7894744873047,191.58888244628906,0.22587566077709198 | -7.869360024725935e-11,1.9868244827137005e-09,2.6698430133365036e-07 | 0 | -4.4035678570253367e-07,4.205777059951288e-08,8.15104581053383e-11 | 9.316081239774121e-09,-1.6774350797277293e-07,0.0 | 0,0
9940 | 331.33335061371326 | 157.7894744873047,191.58888244628906,0.22587566077709198 | -1.6789503121117377e-10,1.366570856475846e-09,2.288436888875367e-07 | 0 | 1.8383309097202982e-08,2.929556330855121e-07,2.4045985688725402e-11 | 5.395075053371556e-09,-4.640740058903248e-08,1.1442186860222137e-06 | 0,0
9950 | 331.6666839644313 | 157.7894744873047,191.58888244628906,0.22587566077709198 | -7.433499926712273e-10,1.713738928543762e-09,1.3349215066682518e-07 | 0 | 2.2924855329620186e-06,1.547030819892825e-06,-1.4520423925745707e-11 | -5.042278150568791e-09,2.5629219635447953e-08,1.1442184586485382e-06 | 0,0
9960 | 332.0000173151493 | 157.7894744873047,191.58888244628906,0.22587566077709198 | -7.474931784656746e-11,1.9621910762879224e-09,3.814061599882734e-08 | 0 | 2.597491175038158e-06,1.3692371680917859e-07,-2.4448623681117e-11 | -2.242479313352419e-09,5.8865730068191624e-08,1.1442184586485382e-06 | 0,0
9970 | 332.33335066586733 | 157.7894744873047,191.58888244628906,0.22587566077709198 | 4.67690997041359e-10,-1.1451018799846224e-08,3.432655262258777e-07 | 0 | -1.067590437742183e-05,-7.470932814612752e-07,6.526945216939195e-12 | 3.348586963269895e-09,-1.1515667353023673e-07,1.1442178902143496e-06 | 0,0
9980 | 332.66668401658535 | 157.7894744873047,191.58888244628906,0.22587566077709198 | 1.4559882466347318e-10,-2.904830598282615e-09,3.2419524131910293e-07 | 0 | -2.7498413146531675e-06,-2.85578465764047e-07,8.43291755869835e-12 | 7.57387397243292e-09,-3.635023304582319e-08,1.1442186860222137e-06 | 0,0
9990 | 333.00001736730337 | 157.7894744873047,191.58888244628906,0.22587566077709198 | 3.9269953955312076e-10,3.106156720722453e-10,2.288436888875367e-07 | 0 | -8.065501333476277e-08,-8.793510346549738e-07,2.24584916636017e-11 | 7.522197087439508e-09,-3.297049033790245e-08,1.1442186860222137e-06 | 0,0
10000 | 333.3333507180214 | 157.7894744873047,191.58888244628906,0.22587566077709198 | -8.142392315946267e-10,1.2650519520818193e-09,1.3349215066682518e-07 | 0 | 1.1570284641493345e-06,1.7249707298105932e-06,-1.3254507734428156e-11 | -7.168954763159263e-09,1.2168608343188225e-08,1.1442184586485382e-06 | 0,0
10010 | 333.6666840687394 | 157.7894744873047,191.58888244628906,0.22587566077709198 | -7.474932478546137e-11,1.9621910762879224e-09,3.814061599882734e-08 | 0 | 2.597491175038158e-06,1.3692371680917859e-07,-2.445096035363914e-11 | -2.242479535397024e-09,5.8865730068191624e-08,1.1442184586485382e-06 | 0,0
10020 | 334.00001741945744 | 157.7894744873047,191.58888244628906,0.22587566077709198 | -3.2182873033193005e-10,9.677653123318919e-10,4.1954677953981445e-07 | 0 | 9.222526955454668e-07,6.969585797378386e-07,-9.04605643864409e-12 | -7.168958315872942e-09,1.2168708707349651e-08,1.1442195955169154e-06 | 0,0
10030 | 334.33335077017546 | 157.7894744873047,191.58888244628906,0.22587566077709198 | -7.848033334312277e-10,-4.68429850464247e-10,3.2419524131910293e-07 | 0 | -2.7755734777201724e-07,1.7032489267876372e-06,-1.943139919802217e-11 | -7.1689565395161026e-09,1.2168666962963925e-08,1.1442186860222137e-06 | 0,0
10040 | 334.6666841208935 | 157.7894744873047,191.58888244628906,0.22587566077709198 | -5.525167545705756e-10,1.3135331045077692e-08,2.288436888875367e-07 | 0 | 9.808315553527791e-06,8.314713682011643e-07,4.7307019412912155e-11 | -3.4126550474411488e-09,-5.220357035540246e-09,1.1442186860222137e-06 | 0,0
10050 | 335.0000174716115 | 157.7894744873047,191.58888244628906,0.22587566077709198 | -5.354813814584247e-10,6.716168066134287e-09,1.3349215066682518e-07 | 0 | 5.6780131671985146e-06,1.012891630125523e-06,9.465721609314137e-12 | -7.221423903303048e-09,1.5590554625077857e-08,1.1442184586485382e-06 | 0,0
10060 | 335.3333508223295 | 157.7894744873047,191.58888244628906,0.22587566077709198 | -7.474930396877966e-11,1.9621912983325274e-09,3.814061599882734e-08 | 0 | 2.597491175038158e-06,1.3692371680917859e-07,-2.4442213877873264e-11 | -2.242478869263209e-09,5.88657336209053e-08,1.1442184586485382e-06 | 0,0
10070 | 335.66668417304754 | 157.7894744873047,191.58888244628906,0.22587566077709198 | -1.583322188636327e-11,-1.5067188607886806e-09,4.1954677953981445e-07 | 0 | -2.7166390736965695e-07,9.347898810574407e-08,-3.762665526374498e-11 | -2.9053590644423366e-09,6.344662040191906e-08,1.1442195955169154e-06 | 0,0
10080 | 336.00001752376556 | 157.7894744873047,191.58888244628906,0.22587566077709198 | -2.9544918594970326e-11,-7.907863253109326e-10,3.2419524131910293e-07 | 0 | -1.0023271670434042e-06,3.3583891223543105e-08,1.3767428169719764e-11 | 7.522199751974767e-09,-3.29705649448897e-08,1.1442186860222137e-06 | 0,0
10090 | 336.3333508744836 | 157.7894744873047,191.58888244628906,0.22587566077709198 | 7.400838275550825e-10,-2.891748396294247e-09,2.288436888875367e-07 | 0 | -3.5814805414702278e-06,-1.517770328973711e-06,4.073992185271713e-11 | 3.288737504547612e-09,-1.1133630550830276e-07,1.1442186860222137e-06 | 0,0
10100 | 336.6666842252016 | 157.7894744873047,191.58888244628906,0.22587566077709198 | -7.430084325577013e-10,2.5256141622520545e-09,1.3349215066682518e-07 | 0 | 2.2878593881614506e-06,1.5469609024876263e-06,-2.6687591372920316e-11 | -5.0320312361407105e-09,4.9985477090785935e-08,1.1442184586485382e-06 | 0,0
10110 | 337.0000175759196 | 157.7894744873047,191.58888244628906,0.22587566077709198 | 1.8168128113060789e-10,-4.5618073207798204e-10,3.814061599882734e-08 | 0 | -3.21311233619781e-07,-3.9514574723398255e-07,1.0615896182952778e-11 | 5.450437878806724e-09,-1.3685420796605285e-08,1.1442184586485382e-06 | 0,0
10120 | 337.33335092663765 | 157.7894744873047,191.58888244628906,0.22587566077709198 | -2.0505085129851608e-10,-4.4242723373777437e-10,4.0047643778962083e-07 | 0 | -2.42717618448296e-07,4.841829195356695e-07,-1.3009107679984311e-11 | -7.164618232025077e-09,1.1955419765286024e-08,1.1442178902143496e-06 | 0,0
10130 | 337.66668427735567 | 157.7894744873047,191.58888244628906,0.22587566077709198 | 1.536036742244562e-09,-3.735132381166295e-08,2.6698430133365036e-07 | 0 | 9.569201893100399e-07,2.6002123831858626e-07,3.513160873325205e-10 | 5.0548610630585245e-08,-1.1019607200069004e-06,1.1442183449617005e-06 | 0,0
10140 | 338.0000176280737 | 157.7894744873047,191.58888244628906,0.22587566077709198 | -4.115407736815513e-10,1.2043624986191048e-09,2.288436888875367e-07 | 0 | 6.408449166883656e-07,7.902206107246457e-07,1.704789608092394e-11 | 7.5178370195772e-09,-3.2757270673755556e-08,1.1442186860222137e-06 | 0,0
10150 | 338.3333509787917 | 157.79502868652344,191.58900451660156,0.2258855700492859 | 0.03178040310740471,0.00026820998755283654,8.96304470643372e-07 | 0 | 0.0024432186037302017,-0.003873437410220504,0.5509434342384338 | 0.55977463722229,-0.006829164922237396,3.0321789381559938e-05 | 0,0
10160 | 338.66668432950974 | 157.9621124267578,191.59181213378906,0.22608256340026855 | 0.9685109257698059,0.017566343769431114,1.2967809652764117e-06 | 0 | -0.0039393226616084576,0.14510519802570343,0.057207461446523666 | 3.6201255321502686,0.056931279599666595,-5.148980108060641e-06 | 0,0
10170 | 339.00001768022776 | 158.49456787109375,191.60145568847656,0.22624842822551727 | 2.167947769165039,0.04000478610396385,-6.102498559812375e-07 | 88.9 | -0.0009607792017050087,0.047611355781555176,0.02275688387453556 | 3.5132501125335693,0.0676981657743454,-4.576873834594153e-06 | 0,0
10180 | 339.3333510309458 | 159.37013244628906,191.61753845214844,0.22617271542549133 | 2.8335719108581543,0.05119887739419937,4.576873777750734e-07 | 89.0 | 0.004374495707452297,-0.16065670549869537,-0.06807184219360352 | -0.03817319497466087,-0.005220360588282347,7.551841554231942e-05 | 0,0
10190 | 339.6666843816638 | 159.98849487304688,191.62863159179688,0.225458562374115 | 0.9895768761634827,0.016676632687449455,-4.424311100592604e-06 | 0 | 0.002415685448795557,-0.08320789784193039,-0.04404826834797859 | -0.01196980383247137,-0.0010225361911579967,8.009532393771224e-06 | 0,0
10200 | 340.0000177323818 | 160.54013061523438,191.63783264160156,0.22605933248996735 | 2.3537096977233887,0.03875149041414261,1.3349215066682518e-07 | 89.1 | -0.005933280102908611,0.25364944338798523,-0.08251059800386429 | 3.2679531574249268,0.04934806004166603,-5.32061567355413e-05 | 0,0
10210 | 340.33335108309984 | 161.47390747070312,191.6529083251953,0.22614672780036926 | 2.9628562927246094,0.0450555756688118,-7.628123199765469e-08 | 89.1 | 0.003724808804690838,-0.1800965964794159,-0.24501918256282806 | -2.3420045375823975,-0.04844091460108757,-7.437419299094472e-06 | 0,0
10220 | 340.66668443381786 | 162.1694793701172,191.66319274902344,0.2256370484828949 | 1.7810032367706299,0.023982683196663857,-3.8140612446113664e-07 | 89.2 | -0.0013883019564673305,0.09068030118942261,-0.14257144927978516 | 1.1650835275650024,0.011721420101821423,-1.3730619684793055e-05 | 0,0
10230 | 341.0000177845359 | 162.89601135253906,191.67279052734375,0.22600406408309937 | 2.588433265686035,0.031660933047533035,1.9070306223056832e-07 | 89.3 | -0.0028965596575289965,0.15466071665287018,-0.22006328403949738 | 2.5225064754486084,0.02260615862905979,2.2312256987788714e-05 | 0,0
10240 | 341.3333511352539 | 163.9014434814453,191.6844482421875,0.2261352837085724 | 3.39727520942688,0.034488972276449203,-6.483904826382059e-07 | 89.4 | 0.0008297564927488565,0.023473747074604034,-0.35698401927948 | 2.370922327041626,-0.005320943426340818,-6.865310751891229e-06 | 0,0
10250 | 341.6666844859719 | 165.03683471679688,191.69532775878906,0.22580966353416443 | 2.6231367588043213,0.019055750221014023,-1.5828354662517086e-06 | 89.6 | 0.007413137704133987,-0.5361277461051941,-0.48534542322158813 | -7.975337028503418,-0.09342882037162781,-1.9451712432783097e-05 | 0,0
10260 | 342.00001783668995 | 165.85032653808594,191.70103454589844,0.22572273015975952 | 2.428615093231201,0.01317509263753891,-1.7163276311293885e-07 | 89.7 | -0.0018957083811983466,0.10899192839860916,-0.3041144907474518 | -0.032393928617239,-0.012608644552528858,-2.1168038074392825e-05 | 0,0
10270 | 342.33335118740797 | 166.630126953125,191.70513916015625,0.22583171725273132 | 2.410128593444824,0.009211446158587933,2.288436888875367e-07 | 89.8 | -0.0021463059820234776,0.12499607354402542,-0.2674492597579956 | 1.7430208921432495,0.015046409331262112,4.576873379846802e-06 | 0,0
10280 | 342.666684538126 | 167.55845642089844,191.7083740234375,0.2260563224554062 | 3.1461024284362793,0.006704948842525482,7.437419640154985e-07 | 89.9 | 0.0022699940018355846,0.0812210887670517,-0.34200960397720337 | 2.310347318649292,-0.0564119927585125,1.0297964763594791e-05 | 0,0
10290 | 343.000017888844 | 168.7404022216797,191.7106170654297,0.2261275053024292 | 3.9024970531463623,0.0022110380232334137,-1.1442184444376835e-07 | 90.0 | 0.001069438992999494,0.012232442386448383,-0.36009711027145386 | 2.2118852138519287,-0.03586140647530556,1.544694896438159e-05 | 0,0
18080 | 602.6666980981827 | 98.92803192138672,191.6364288330078,0.22488410770893097 | 2.7539031505584717,-0.027222122997045517,-0.0020793499425053596 | 90.6 | -0.00421128747984767,-0.7743220329284668,-0.2938554286956787 | -15.504432678222656,0.11297391355037689,0.055235426872968674 | 0,0
18090 | 603.0000314489007 | 99.23999786376953,191.63336181640625,0.2248421013355255 | 0.4850275218486786,-0.005210332106798887,0.000876986188814044 | 0 | 0.0011049732565879822,0.5272433757781982,-7.238543184939772e-05 | -0.00612527085468173,3.207474583177827e-05,-0.0024818098172545433 | 0,0
18100 | 603.3333647996187 | 99.4976577758789,191.63064575195312,0.22583232820034027 | 1.2356364727020264,-0.013963299803435802,0.00020458624931052327 | 90.6 | 0.003483543172478676,0.3442286252975464,0.48974183201789856 | 3.83532977104187,-0.06079251319169998,-0.0011013103649020195 | 0,0
18110 | 603.6666981503367 | 100.09487915039062,191.62388610839844,0.22617332637310028 | 2.2714364528656006,-0.025906717404723167,3.089389792876318e-05 | 90.7 | -0.00024282812955789268,0.050986941903829575,0.036947719752788544 | 2.7440998554229736,-0.028951706364750862,-0.00022140621149446815 | 0,0
18120 | 604.0000315010548 | 101.00099182128906,191.61363220214844,0.22617946565151215 | 3.108520746231079,-0.034553881734609604,2.4982102786452742e-06 | 90.6 | -0.00031810649670660496,-0.015250454656779766,0.04879411309957504 | 2.414903402328491,-0.023408642038702965,-6.979733007028699e-05 | 0,0
18130 | 604.3333648517728 | 101.8462905883789,191.6043701171875,0.22558265924453735 | 1.4713417291641235,-0.016414258629083633,-1.5828354662517086e-06 | 90.6 | -0.0024282485246658325,-0.434112012386322,-0.06379806995391846 | -6.719140529632568,0.07387401163578033,4.004766196885612e-06 | 0,0
18140 | 604.6666982024908 | 102.21553802490234,191.6002960205078,0.22569575905799866 | 1.3129013776779175,-0.014908499084413052,5.28247483089217e-06 | 90.7 | 0.0010600541718304157,0.2592558264732361,0.009975476190447807 | -0.029704568907618523,0.0018419231055304408,2.5172801542794332e-05 | 0,0
