Simulation Frame | Timestamp | Position | Velocity | Heading | Angular Velocity | Acceleration | Stopped at Red Light + Light ID 
1716 | 57.20000298321247 | 136.14950561523438,221.06866455078125,0.17241314053535461 | -0.12577113509178162,-5.284893035888672,0.0015281037194654346 | 181.4 | -0.2643379867076874,0.013851974159479141,-0.3976975381374359 | -0.05720525607466698,-1.4019297361373901,-0.061421073973178864 | 0,0
1756 | 58.53333638608456 | 136.0172882080078,214.11973571777344,0.17262539267539978 | -0.04217667505145073,-5.161929607391357,-5.568529559241142e-06 | 180.5 | 0.006507462356239557,0.013511995784938335,0.9381067752838135 | 0.07386177033185959,-0.08211135119199753,8.753270958550274e-05 | 0,0
1797 | 59.900003124028444 | 136.00515747070312,210.562255859375,0.17344245314598083 | -0.00010474972805241123,0.001206127111800015,0.00022766133770346642 | 0 | -0.6683796048164368,-0.018913807347416878,0.0002139769057976082 | 0.00041764293564483523,-0.0055244737304747105,-0.0014497243100777268 | 1,6
1838 | 61.26666986197233 | 136.00518798828125,210.5614776611328,0.17221404612064362 | -1.4619217836298048e-07,5.221143965172814e-06,8.200231604860164e-07 | 0 | -0.0028002227190881968,-9.829828195506707e-05,-5.438595280793379e-07 | -4.906112494040826e-08,-1.9254488506703638e-05,2.860544327631942e-06 | 1,6
1877 | 62.566669929772615 | 136.00518798828125,210.5614776611328,0.1722089797258377 | -3.1087243890226546e-09,5.7888939863914857e-08,6.674607675449806e-07 | 0 | -3.092531915172003e-05,-2.1792156985611655e-06,-5.846259920616603e-09 | -6.5055423270621304e-09,-6.262017677727272e-07,1.258640259038657e-05 | 1,6
1917 | 63.9000033326447 | 136.00518798828125,210.5614776611328,0.1722089797258377 | -2.593320957283707e-12,6.585501588496356e-10,-3.814061599882734e-08 | 0 | -3.4862844700001006e-07,-9.639617992718286e-10,-5.595612861952759e-11 | -7.779962091225556e-11,1.9756503988332952e-08,-1.1442184586485382e-06 | 1,6
1958 | 65.26667007058859 | 136.00518798828125,210.5614776611328,0.1722089797258377 | -2.273492727411508e-09,-8.084973579514099e-09,-3.814061599882734e-08 | 0 | 4.322230324760312e-06,-1.8116737692253082e-06,8.223786651662124e-10 | -1.846415926820555e-07,-3.144990756709376e-08,0.0 | 1,6
1999 | 66.63333680853248 | 136.00518798828125,210.5614776611328,0.1722089797258377 | -2.413107402787773e-08,1.4009454929464482e-08,-2.479139880051662e-07 | 0 | -7.291869678738294e-06,-1.1460436326160561e-05,1.7646868688547812e-10 | -9.14490954073699e-07,5.301708370097913e-07,-6.293200840445934e-06 | 1,6
2038 | 67.93333687633276 | 136.00518798828125,210.5614776611328,0.1722089797258377 | 3.58486323959184e-10,1.8298639270497574e-09,-3.623358395543619e-07 | 0 | -9.760723287399742e-07,2.704906876260793e-07,-1.7419399256368706e-10 | -3.4673071080959517e-09,1.9516637195238218e-08,-1.1442178902143496e-06 | 1,6
2080 | 69.33333694934845 | 136.00518798828125,210.5614776611328,0.1722089797258377 | -4.3636093002841214e-12,9.840857018161842e-10,-5.7210922221884175e-08 | 0 | -5.22952802839427e-07,-1.4389410774029443e-09,-8.893584479974237e-11 | -1.0323070870343898e-10,1.953540795796016e-08,-1.1442183449617005e-06 | 1,6
2121 | 70.70000368729234 | 136.00518798828125,210.5614776611328,0.1722089797258377 | -3.1757799945353327e-08,-1.5089957727809633e-08,0.0 | 0 | 7.869291948736645e-06,-1.683080154180061e-05,2.1873198807753624e-09 | -9.523354265184025e-07,-5.310512847245263e-07,4.576873834594153e-06 | 1,6
2162 | 72.06667042523623 | 136.00518798828125,210.5614776611328,0.1722089797258377 | -2.1762193824770293e-08,1.3680234722812656e-08,-2.479139880051662e-07 | 0 | -7.116645974747371e-06,-9.776586011867039e-06,2.387773867518206e-10 | -1.1328338587190956e-06,5.411513370745524e-07,-6.293200840445934e-06 | 1,6
2201 | 73.36667049303651 | 136.01461791992188,209.64027404785156,0.16965968906879425 | 0.042273394763469696,-2.554328441619873,-3.1466006475966424e-06 | 179.1 | 0.03784061223268509,-0.04042255878448486,0.8962663412094116 | 0.2194885015487671,-3.016798257827759,5.435037746792659e-05 | 0,0
2243 | 74.7666705660522 | 136.09765625,204.2144317626953,0.1709183156490326 | 0.08215312659740448,-5.030892372131348,0.014955182559788227 | 179.1 | -0.0107683464884758,0.0110875079408288,0.05704732984304428 | 0.003861486678943038,-1.5460394620895386,0.4487927556037903 | 0,0
2285 | 76.16667063906789 | 136.17959594726562,197.0560302734375,0.17261028289794922 | -0.22064298391342163,-5.115176677703857,-1.9928469555452466e-05 | 182.5 | 0.032305169850587845,1.2757188081741333,-6.882663726806641 | -2.233128786087036,0.07261275500059128,-9.554217831464484e-05 | 0,0
2325 | 77.50000404193997 | 134.10745239257812,190.9735107421875,0.1732235997915268 | -2.4895031452178955,-3.4519004821777344,0.0011195414699614048 | 215.8 | -0.3680950403213501,0.07981973141431808,-14.979068756103516 | -2.6899335384368896,1.0024737119674683,0.0002071028429782018 | 0,0
2365 | 78.83333744481206 | 128.82620239257812,187.7767333984375,0.17259837687015533 | -4.877104759216309,-0.47816234827041626,-4.834323044633493e-05 | 264.4 | 3.158017635345459,0.7599168419837952,-32.70466232299805 | 0.5760669112205505,7.885992527008057,-0.0033994726836681366 | 0,0
2405 | 80.16667084768414 | 121.91282653808594,187.40963745117188,0.17277461290359497 | -5.272496223449707,0.054847873747348785,-8.081996929831803e-05 | 270.6 | -0.15479587018489838,0.03844282403588295,-3.3768155574798584 | 0.06219863519072533,0.08706382662057877,0.0004714176175184548 | 0,0
2446 | 81.53333758562803 | 114.70250701904297,187.53472900390625,0.17262332141399384 | -5.300349235534668,0.13156485557556152,1.659116833252483e-06 | 271.4 | 0.0034055544529110193,0.021985294297337532,-0.39336562156677246 | -0.01831054501235485,0.03176897391676903,-1.3730617865803652e-05 | 0,0
2484 | 82.80000431835651 | 107.98211669921875,187.69325256347656,0.1726216822862625 | -5.3271026611328125,0.08150316774845123,-2.0977338408556534e-06 | 270.9 | -0.03762498125433922,0.024434326216578484,0.8876543641090393 | -0.02582073025405407,-0.08253178745508194,-9.210957796312869e-05 | 0,0
2526 | 84.2000043913722 | 100.51092529296875,187.731689453125,0.17262321710586548 | -5.358529090881348,-0.02910047210752964,1.0679372053346015e-06 | 269.7 | -0.002397026401013136,0.022804876789450645,0.6462386250495911 | -0.019741056486964226,-0.02954033948481083,5.148981927050045e-06 | 0,0
5365 | 178.83334266021848 | 136.2806396484375,223.62954711914062,0.17265929281711578 | -0.11025936901569366,-5.263990879058838,-5.511318704520818e-06 | 181.2 | -0.04056233912706375,-0.013676519505679607,-1.3716611862182617 | -0.1722317785024643,-0.03344535455107689,8.238371083280072e-05 | 0,0
5406 | 180.20000939816236 | 136.1175994873047,216.4107208251953,0.17262370884418488 | -0.13097579777240753,-5.307044506072998,9.344450404569216e-07 | 181.4 | -0.024343762546777725,-0.07135631144046783,0.007746084593236446 | 0.11566399782896042,-0.022673605009913445,2.5172803361783735e-05 | 0,0
5444 | 181.46667613089085 | 136.01988220214844,210.82061767578125,0.17937202751636505 | 0.0013611242175102234,-0.0001583591802045703,0.0009609527769498527 | 0 | 0.11395084112882614,0.17587730288505554,-0.00029471333255060017 | 0.007447928190231323,0.14892905950546265,0.002556183375418186 | 1,6
5486 | 182.86667620390654 | 136.01992797851562,210.81619262695312,0.17223387956619263 | -5.412840096141736e-07,1.9717444956768304e-05,3.089389792876318e-06 | 0 | -0.010573992505669594,-0.0003960553149227053,-2.3687039174546953e-06 | 7.266668831107381e-07,-3.775550430873409e-05,5.72109183849534e-06 | 1,6
5527 | 184.23334294185042 | 136.01992797851562,210.816162109375,0.17220881581306458 | -4.578763590501467e-09,1.43319923040508e-07,-1.907030799941367e-08 | 0 | -7.69104080973193e-05,-3.301159267721232e-06,-1.7384667927444752e-08 | 1.0004129968876896e-08,2.8648994998548005e-07,-1.9451712432783097e-05 | 1,6
5569 | 185.6333430148661 | 136.01992797851562,210.816162109375,0.17220881581306458 | 5.112405609963844e-09,1.264374716036798e-09,0.0 | 0 | -6.687707809760468e-07,3.4227884952997556e-06,-1.8817489233491358e-10 | 6.910156713502147e-08,1.890755996214466e-08,0.0 | 1,6
5609 | 186.9666764177382 | 136.01992797851562,210.816162109375,0.17220881581306458 | -5.56457102618424e-10,-5.825083748689508e-10,0.0 | 0 | 3.104934478415089e-07,-3.9577236066179466e-07,6.886514275494804e-11 | -3.530822967334757e-09,-3.8747076658296464e-09,0.0 | 1,6
5651 | 188.3666764907539 | 136.01992797851562,210.816162109375,0.17220881581306458 | -1.086078005307911e-09,-1.1637037999889799e-09,0.0 | 0 | 6.209821208358335e-07,-7.91935690358514e-07,1.3872628046307511e-10 | -3.5307388124294903e-09,-3.874613518917158e-09,0.0 | 1,6
5691 | 189.70000989362597 | 136.01992797851562,210.816162109375,0.17220881581306458 | -7.5558661549735e-09,-1.224684575973356e-09,-1.907030799941367e-08 | 0 | 2.737256465934479e-07,-3.8656958167848643e-07,-4.1332499922663857e-11 | -2.176797266884023e-07,-7.475259522493616e-09,-5.721092293242691e-07 | 1,6
5731 | 191.03334329649806 | 136.01992797851562,210.816162109375,0.17220881581306458 | -2.0332428796177027e-10,-1.9503790249508768e-10,0.0 | 0 | 1.0349726409231153e-07,-1.3166206258574675e-07,2.2324871118417633e-11 | -3.628089162432957e-09,-3.874884413335167e-09,0.0 | 1,6
5769 | 192.30001002922654 | 136.01992797851562,210.816162109375,0.17220881581306458 | -2.622150274689261e-10,-2.5961607863500547e-10,0.0 | 0 | 1.379965937076122e-07,-1.7568007137924724e-07,3.0056433036884656e-11 | -3.542740767414898e-09,-3.87463705564528e-09,0.0 | 1,6
5811 | 193.70001010224223 | 136.01992797851562,210.816162109375,0.17220881581306458 | -7.91845478076425e-10,-8.408192475606313e-10,0.0 | 0 | 4.484893167955306e-07,-5.718457032344304e-07,9.991354271710051e-11 | -3.5308236334685716e-09,-3.8746188479876764e-09,0.0 | 1,6
5852 | 195.06667684018612 | 136.01992797851562,210.816162109375,0.17220881581306458 | -1.4560569416843805e-09,-1.0301252073574574e-09,-1.907030799941367e-08 | 0 | 5.48947923562082e-07,-1.0681302455850528e-06,1.2392764592306094e-10 | -3.5306855217243083e-09,-3.874617071630837e-09,0.0 | 1,6
5893 | 196.43334357813 | 136.01992797851562,210.816162109375,0.17220881581306458 | -1.4412365745286593e-10,-1.304615027120093e-10,0.0 | 0 | 6.899818316696837e-08,-8.764848047349005e-08,1.475078045820588e-11 | -4.3237093905190704e-09,-3.913844803804523e-09,0.0 | 1,6
5933 | 197.7666769810021 | 136.01992797851562,210.816162109375,0.17220881581306458 | -4.387629981561503e-10,-4.533514397220273e-10,0.0 | 0 | 2.4149468913492456e-07,-3.077356893754768e-07,5.333816721631024e-11 | -3.5308387325017065e-09,-3.8747076658296464e-09,0.0 | 1,6
5974 | 199.13334371894598 | 136.01992797851562,210.76364135742188,0.1715935468673706 | 0.002524610375985503,-0.48820263147354126,-2.994038140968769e-06 | 0 | -0.46177104115486145,-0.031693968921899796,-0.10026033967733383 | 0.047495122998952866,-4.047856330871582,-7.380208262475207e-05 | 0,0
6017 | 200.56667712703347 | 136.0493621826172,206.7738494873047,0.17163169384002686 | 0.05273646116256714,-3.9319450855255127,5.034561127104098e-06 | 179.2 | 0.2824940085411072,0.04795754700899124,0.548986554145813 | -0.1471417248249054,0.06710528582334518,5.148976470081834e-06 | 0,0
6056 | 201.86667719483376 | 136.13316345214844,200.47206115722656,0.1727626770734787 | 0.06801479309797287,-5.0727033615112305,-0.00018933002138510346 | 179.2 | 0.03615405037999153,-0.00038957525976002216,-0.002256047446280718 | 0.002312510972842574,0.044074054807424545,0.0009926093043759465 | 0,0
6097 | 203.23334393277764 | 137.39178466796875,193.9167938232422,0.1724528819322586 | 2.1579530239105225,-4.307869911193848,0.0011807570699602365 | 153.4 | -1.6976131200790405,3.567514657974243,7.723041534423828 | -2.6078293323516846,-1.226434588432312,-0.007459732703864574 | 0,0
6137 | 204.56667733564973 | 142.36094665527344,191.686767578125,0.17189781367778778 | 5.022078037261963,-0.023897433653473854,-0.003501394297927618 | 90.3 | 2.1217548847198486,-0.3414376378059387,35.09638977050781 | 0.3106355369091034,2.545660972595215,0.05455861613154411 | 0,0
6177 | 205.90001073852181 | 149.2857666015625,191.4513397216797,0.17251308262348175 | 5.420983791351318,0.06941017508506775,-4.2412364564370364e-05 | 89.3 | -0.1702093780040741,0.11962990462779999,2.693049669265747 | -0.30199524760246277,0.023108122870326042,0.00017449331062380224 | 0,0
6215 | 207.1666774712503 | 156.00808715820312,191.57861328125,0.17261669039726257 | 5.30536413192749,0.14033111929893494,-3.432655262258777e-07 | 88.5 | 0.01049088966101408,-0.03206904977560043,0.5064607262611389 | 0.05610465630888939,0.04978984221816063,3.718709558597766e-05 | 0,0
6256 | 208.53334420919418 | 163.28173828125,191.74868774414062,0.1726284772157669 | 5.345056056976318,0.06189330294728279,5.721092293242691e-07 | 89.3 | -0.013392366468906403,-0.02315848134458065,-1.0954375267028809 | 0.02005576901137829,-0.09628760814666748,2.3456475901184604e-05 | 0,0
