Simulation Frame | Timestamp | Position | Velocity | Heading | Angular Velocity | Acceleration | Stopped at Red Light + Light ID 
6766 | 225.53334509581327 | 136.24472045898438,221.4710693359375,0.3492129445075989 | -0.11739455908536911,-4.995265007019043,-0.01272517815232277 | 181.3 | -0.016834523528814316,0.0049537960439920425,-0.41951626539230347 | -0.22287188470363617,0.15990255773067474,-0.3826460838317871 | 0,0
6804 | 226.80001182854176 | 136.076904296875,215.05735778808594,0.3494630455970764 | -0.1253034621477127,-5.104037761688232,0.0005432176985777915 | 181.4 | 0.04404198378324509,-0.033367522060871124,1.7983287572860718 | 0.09486927837133408,-0.29402729868888855,-0.01077968254685402 | 0,0
6843 | 228.10001189634204 | 135.99607849121094,209.7343292236328,0.3464653789997101 | -0.0003219286154489964,-6.165265949675813e-05,0.000641353486571461 | 0 | 0.012720344588160515,-0.04520541802048683,-0.0009734744671732187 | -0.0030601138714700937,4.727502822875977,-0.0024108674842864275 | 1,6
6882 | 229.40001196414232 | 135.99603271484375,209.735595703125,0.34891119599342346 | -5.961902616036241e-07,1.285068537981715e-05,2.5935619305528235e-06 | 0 | 0.009856724180281162,0.00030040848650969565,2.9665457077499013e-06 | 2.880114379877341e-06,-5.167031122255139e-05,1.716332349133154e-06 | 1,6
6921 | 230.7000120319426 | 135.99603271484375,209.735595703125,0.34892845153808594 | -5.7541786446790866e-08,1.1743087924287465e-07,-1.7163276311293885e-07 | 0 | 9.157517342828214e-05,3.233101233490743e-05,1.4678358084552201e-08 | -3.1795777886145515e-06,5.348205718291865e-07,3.4326553759456147e-06 | 1,6
6958 | 231.93334542959929 | 135.99603271484375,209.735595703125,0.34892845153808594 | 1.2876875565837054e-08,-9.909501663685205e-09,5.7210922221884175e-08 | 0 | -8.395491022383794e-06,-1.6245692677330226e-05,4.269818276725346e-09 | 7.926388434498222e-07,-4.6019482624615193e-07,-4.576873834594153e-06 | 1,6
6997 | 233.23334549739957 | 135.99603271484375,209.735595703125,0.34892845153808594 | -1.429142759690194e-08,1.2844104446685378e-08,6.293201408880122e-07 | 0 | 1.0654794095898978e-05,1.690051612968091e-05,-3.7013894171877837e-09 | -8.672927265251928e-07,4.565944209389272e-07,6.865310751891229e-06 | 1,6
7036 | 234.53334556519985 | 135.99603271484375,209.735595703125,0.34892845153808594 | -1.9385327121312912e-08,4.209880444250302e-09,4.958279760103323e-07 | 0 | 3.232898734495393e-06,9.769988537300378e-06,4.911725470790884e-10 | -5.353190317691769e-07,6.227382698398287e-08,1.1442178902143496e-06 | 1,6
7075 | 235.83334563300014 | 135.99603271484375,209.735595703125,0.34892845153808594 | 2.7504205135642223e-08,1.788943393421505e-08,2.288436888875367e-07 | 0 | 1.464268279960379e-05,-2.3806334866094403e-05,7.990825223735953e-10 | 8.251261078839889e-07,5.36682989604742e-07,6.865310297143878e-06 | 1,6
7112 | 237.06667903065681 | 135.99603271484375,209.735595703125,0.34892845153808594 | 1.693136475466872e-08,-1.8580830207781673e-09,5.530388875740755e-07 | 0 | -1.5136188267206308e-06,-1.4072546946408693e-05,1.3038746748961216e-09 | 8.905368531486602e-07,-5.918572014707024e-07,1.1442182767495979e-05 | 1,6
7152 | 238.4000124335289 | 135.99603271484375,209.735595703125,0.34892845153808594 | 9.593118660555788e-11,-1.9332389022963525e-09,1.1442184444376835e-07 | 0 | -1.5031689599709352e-06,-5.4441493091417215e-08,-3.0574195952759453e-10 | 1.0276361983585502e-09,-1.953004691301885e-08,1.1442183449617005e-06 | 1,6
7191 | 239.70001250132918 | 135.99603271484375,209.735595703125,0.34892845153808594 | 2.509496965785729e-08,-1.1815184386421151e-08,-7.628123199765469e-08 | 0 | -9.846422472037375e-06,-2.238849447167013e-05,3.92285759431843e-09 | 8.582038049098628e-07,-4.60384285361215e-07,-4.576873834594153e-06 | 1,6
7230 | 241.00001256912947 | 135.99607849121094,209.73056030273438,0.3489514887332916 | 0.0002676357398740947,-0.01561690866947174,1.0870074902413762e-06 | 0 | -0.06201788783073425,-0.02401316910982132,0.6898278594017029 | 0.009934116154909134,-0.1456727236509323,-3.3754440664779395e-05 | 0,0
7267 | 242.23334596678615 | 136.0121612548828,207.28970336914062,0.3492264151573181 | 0.03360023722052574,-3.130215883255005,-7.799755621817894e-06 | 179.4 | -0.16473239660263062,-0.03771943971514702,0.5100803971290588 | -0.0485939122736454,0.04667758569121361,8.581638394389302e-05 | 0,0
7307 | 243.56667936965823 | 136.09671020507812,201.43899536132812,0.34947463870048523 | 0.07952716201543808,-5.0169677734375,0.0030329797882586718 | 179.1 | -0.008900160901248455,-0.0007706148899160326,0.02503148652613163 | -0.0008799880160950124,-0.16306398808956146,-0.05887175351381302 | 0,0
7348 | 244.93334610760212 | 135.93197631835938,194.62869262695312,0.34850722551345825 | -1.0882209539413452,-4.863856792449951,0.00012496771523728967 | 192.6 | 0.03049030341207981,0.21351225674152374,-19.005279541015625 | 1.6322993040084839,-0.909390389919281,0.007056966423988342 | 0,0
7387 | 246.2333461754024 | 132.51048278808594,189.34481811523438,0.34955692291259766 | -3.944455146789551,-3.1221752166748047,0.0026560931000858545 | 231.6 | -1.241067886352539,-1.1988979578018188,-24.026599884033203 | -4.21280574798584,6.1565632820129395,-0.07634684443473816 | 0,0
7423 | 247.43334623798728 | 126.95040893554688,187.5911407470703,0.34945815801620483 | -5.11807918548584,-0.3020039200782776,0.0010206809965893626 | 266.6 | 1.2126847505569458,0.15769171714782715,-18.278779983520508 | -0.1045989915728569,-2.486971378326416,-0.03592788428068161 | 0,0
7464 | 248.80001297593117 | 120.02973175048828,187.39622497558594,0.3494713604450226 | -5.138063907623291,0.06410045921802521,0.00023725369828753173 | 270.7 | 0.1520923227071762,0.04589281976222992,-5.1937737464904785 | 0.6309413313865662,-0.03484077379107475,-0.00572509691119194 | 0,0
7504 | 250.13334637880325 | 113.28653717041016,187.5183868408203,0.34938329458236694 | -5.012785911560059,0.11182580888271332,0.0011240610620006919 | 271.3 | 0.1232028529047966,-0.017606088891625404,-0.36577656865119934 | -0.08454322069883347,-0.6131292581558228,-0.02001180686056614 | 0,0
7543 | 251.43334644660354 | 106.3460693359375,187.68649291992188,0.34938204288482666 | -5.287769794464111,0.10824738442897797,-1.1690098290273454e-05 | 271.2 | -0.09641054272651672,-0.01744689978659153,2.954188585281372 | -0.024819372221827507,-0.009123756550252438,0.00010526810365263373 | 0,0
7580 | 252.66667984426022 | 99.7462158203125,187.7552032470703,0.3494330048561096 | -5.378475666046143,-0.004935968667268753,-1.5828354662517086e-06 | 269.9 | -0.04891686514019966,0.006821812596172094,3.3801491260528564 | 0.004405974876135588,-0.2989915609359741,-3.432654466450913e-06 | 0,0
10434 | 347.8000181391835 | 136.28005981445312,221.03045654296875,0.34938105940818787 | -0.11527872830629349,-5.016787528991699,-5.932772546657361e-05 | 181.3 | -0.03723153844475746,0.09770672023296356,-3.3578569889068604 | -0.0924624428153038,0.4579639136791229,-0.00014531567285303026 | 0,0
10472 | 349.066684871912 | 136.12220764160156,214.58413696289062,0.34937503933906555 | -0.12726791203022003,-5.023263931274414,-2.4085798941086978e-05 | 181.5 | 0.024213772267103195,0.12258366495370865,-2.6579060554504395 | 0.1011250838637352,0.01340389158576727,0.00015160892507992685 | 0,0
10513 | 350.4333516098559 | 136.03375244140625,210.1667938232422,0.34781527519226074 | 0.00010444909275975078,0.0007108874269761145,0.00039506045868620276 | 0 | 0.5693162679672241,0.01950010098516941,-1.9951225112890825e-05 | -0.00023218285059556365,-0.0024771299213171005,-0.0018038605339825153 | 1,6
10553 | 351.766685012728 | 136.0337371826172,210.1672821044922,0.3489224910736084 | -1.3081015026727982e-07,4.019649168185424e-06,7.05601394201949e-07 | 0 | 0.0030912691727280617,9.482404857408255e-05,5.034980290474778e-07 | -2.7587298063735943e-06,-3.187141999205778e-07,-1.9451712432783097e-05 | 1,6
10592 | 353.06668508052826 | 136.0337371826172,210.1672821044922,0.34892886877059937 | 1.0969620767298238e-08,1.8405795776388345e-09,7.05601394201949e-07 | 0 | 9.56340272750822e-07,-2.085451706079766e-05,4.8740087521537134e-09 | 3.602677907110774e-07,-1.4259537692851154e-06,8.009529665287118e-06 | 1,6
10630 | 354.33335181325674 | 136.0337371826172,210.1672821044922,0.34892886877059937 | -5.701746186304035e-09,5.216358012205546e-09,4.1954677953981445e-07 | 0 | 4.038501174363773e-06,4.52898484581965e-06,-1.2879624033956816e-09 | -1.3271919669932686e-06,5.561824991673348e-07,-8.009527846297715e-06 | 1,6
10670 | 355.6666852161288 | 136.0337371826172,210.1672821044922,0.34892886877059937 | -4.319825830378932e-09,-2.6527890994998415e-09,5.530388875740755e-07 | 0 | -1.249078195542097e-06,-7.124296189431334e-06,-2.31880226131409e-09 | -5.216559770815365e-07,-3.858977848381073e-08,2.2884357804286992e-06 | 1,6
10711 | 357.0333519540727 | 136.0337371826172,210.1672821044922,0.34892886877059937 | 1.6581916284508225e-08,8.10034173071017e-09,6.865310524517554e-07 | 0 | 7.194448244263185e-06,4.159972831985215e-06,-2.9226496778278488e-09 | 1.6741857962188078e-06,4.882296025243704e-07,8.581638212490361e-06 | 1,6
10751 | 358.3666853569448 | 136.0337371826172,210.1672821044922,0.34892886877059937 | -6.8713754686200446e-09,-1.2472775035021755e-09,7.628123199765469e-08 | 0 | -9.75021634985751e-07,3.885263140546158e-06,-2.72935313239131e-10 | -1.522917614238395e-07,-2.1289961793513612e-08,1.7163276879728073e-06 | 1,6
10789 | 359.6333520896733 | 136.0337371826172,210.1672821044922,0.34892886877059937 | -1.7214403236209819e-09,2.062577886263739e-09,-7.628123199765469e-08 | 0 | 1.609660216672637e-06,9.7257668585371e-07,1.1108633457546091e-10 | -2.89412405152234e-08,3.1428449176473805e-08,-1.1442184586485382e-06 | 1,6
10830 | 361.00001882761717 | 136.0337371826172,210.1672821044922,0.34892886877059937 | -5.338060660164956e-09,-5.547053927301704e-09,-2.0977338976990723e-07 | 0 | -4.289587195671629e-06,2.620927716634469e-06,-6.163181631713144e-10 | 1.432652574351323e-08,-1.5712350531771335e-08,-1.1442186860222137e-06 | 1,6
10870 | 362.33335223048925 | 136.0337371826172,210.1672821044922,0.34892886877059937 | -2.7125337531686e-09,1.2140983773889502e-09,-3.0512492799061874e-07 | 0 | 8.739783083910879e-07,3.28477335642674e-06,-8.198656753499733e-10 | -1.3757884289589128e-06,-5.032723038311815e-07,8.009528755792417e-06 | 1,6
10911 | 363.70001896843314 | 136.0337371826172,210.1672821044922,0.34892886877059937 | 6.964923082719565e-10,-5.559145921374409e-10,-4.386170644465892e-07 | 0 | -4.018684194306843e-07,-2.4011265509216173e-07,-2.1358745327937356e-10 | -2.902129381254781e-08,3.1428829316837437e-08,-1.1442186860222137e-06 | 1,6
10948 | 364.9333523660898 | 136.0337371826172,210.1672821044922,0.34892886877059937 | -5.900851474116564e-10,5.405306757744199e-10,-4.1954677953981445e-07 | 0 | 4.02645895292153e-07,2.4135167109307076e-07,1.3934689513384058e-10 | 1.451039732813797e-08,-1.5712382506194444e-08,-1.1442195955169154e-06 | 1,6
10988 | 366.2666857689619 | 136.0337371826172,210.1672821044922,0.34892886877059937 | -7.567322324320003e-10,1.014963002532454e-09,-3.814061599882734e-08 | 0 | 8.048743893596111e-07,4.873801913163334e-07,-1.4932107633702785e-11 | -2.270196475251396e-08,3.044888785552757e-08,-1.1442184586485382e-06 | 1,6
11029 | 367.6333525069058 | 136.0338592529297,210.04644775390625,0.34938865900039673 | 0.0005600895383395255,-0.8294715881347656,6.960662176425103e-06 | 0 | 0.24153929948806763,0.008722340688109398,0.13683700561523438 | 0.00032057982753030956,-4.108310699462891,-3.890340667567216e-05 | 0,0
11069 | 368.9666859097779 | 136.04397583007812,206.53013610839844,0.34938952326774597 | 0.03214241936802864,-3.7912111282348633,1.1709167665685527e-05 | 179.5 | 0.3020065724849701,0.02359037660062313,0.6878595948219299 | 0.058075353503227234,-3.910066843032837,4.862922287429683e-05 | 0,0
11107 | 370.23335264250636 | 136.10159301757812,200.37786865234375,0.34946149587631226 | 0.04904288053512573,-5.013191223144531,0.0008706930093467236 | 179.4 | 0.003013304667547345,0.0007764641777612269,-0.022907746955752373 | -0.002791508799418807,-0.10654448717832565,-0.019511215388774872 | 0,0
11146 | 371.53335271030664 | 135.7252655029297,193.94140625,0.3481588661670685 | -1.848232626914978,-4.5683794021606445,-9.262448293156922e-05 | 202.0 | 0.07692655920982361,0.15854527056217194,-33.203216552734375 | -1.4705621004104614,-0.21364687383174896,0.015327947214245796 | 0,0
11185 | 372.8333527781069 | 131.8235321044922,189.01187133789062,0.348251074552536 | -4.531228065490723,-2.1270484924316406,-0.0014287474332377315 | 244.9 | -0.5712581276893616,-0.3800950050354004,-39.85218048095703 | -2.212543249130249,5.632173538208008,0.028989344835281372 | 0,0
11223 | 374.1000195108354 | 125.69097137451172,187.51583862304688,0.34933868050575256 | -5.1100754737854,-0.3100801110267639,0.0010896201711148024 | 266.5 | -0.043077047914266586,-0.07759267091751099,-12.15208625793457 | -0.6337594389915466,0.8859058618545532,-0.023188728839159012 | 0,0
11263 | 375.4333529137075 | 118.94050598144531,187.3899688720703,0.3492102324962616 | -5.052618503570557,0.07909034937620163,0.0027471540961414576 | 270.9 | 0.01052919216454029,-0.11083874851465225,-1.85343599319458 | -1.6920803785324097,0.10601832717657089,0.0844324454665184 | 0,0
11303 | 376.7666863165796 | 112.17293548583984,187.53488159179688,0.3493891954421997 | -5.005766868591309,0.12767668068408966,-7.075083885865752e-06 | 271.5 | 0.0989687442779541,-0.012229939922690392,-3.0942492485046387 | 0.08161067217588425,0.027906594797968864,0.00020195454999338835 | 0,0
11342 | 378.06668638437986 | 105.3271255493164,187.69715881347656,0.34940773248672485 | -5.32893705368042,0.08956287801265717,-9.153747669188306e-06 | 271.0 | 0.01913493126630783,0.021287985146045685,0.6772100329399109 | 0.08690356463193893,-0.14186671376228333,2.917756137321703e-05 | 0,0
11378 | 379.26668644696474 | 98.91057586669922,187.74966430664062,0.3494343161582947 | -5.362339973449707,-0.0061998325400054455,1.0107263506142772e-06 | 269.9 | 0.004132433328777552,0.019152142107486725,0.6965324878692627 | -0.021300313994288445,-0.07787150889635086,1.2586404409375973e-05 | 0,0
16612 | 553.7333622127771 | 166.98167419433594,187.62974548339844,0.3499632179737091 | -2.780416250228882,-0.05985100567340851,8.200232514354866e-06 | 268.8 | 0.006509134080260992,-0.028472643345594406,0.02392800711095333 | -3.5241219997406006,-0.08342429250478745,-0.00018593545246403664 | 0,0
16652 | 555.0666956156492 | 163.6305389404297,187.56893920898438,0.34806105494499207 | -1.2435169219970703,-0.014374074526131153,-4.2297942854929715e-05 | 269.3 | -0.063044473528862,0.9186882376670837,0.898921012878418 | 11.224067687988281,0.14071932435035706,-1.7735472283675335e-05 | 0,0
16690 | 556.3333623483777 | 161.24197387695312,187.54502868652344,0.3496209681034088 | -3.537705898284912,-0.021159933879971504,-3.051248995689093e-06 | 269.7 | -0.006107577122747898,0.030146151781082153,-0.5109303593635559 | -2.385606527328491,0.01897372119128704,-3.146600283798762e-05 | 0,0
16730 | 557.6666957512498 | 155.29574584960938,187.54080200195312,0.3502534329891205 | -5.226859092712402,0.02261790633201599,0.0024421054404228926 | 270.2 | 0.01691288873553276,0.008035453967750072,-0.3754914104938507 | -1.0325144529342651,0.0007127411081455648,-0.07706253230571747 | 0,0
16769 | 558.9666958190501 | 148.80841064453125,187.57388305664062,0.34893080592155457 | -4.9288201332092285,0.032971955835819244,5.700115070794709e-05 | 270.4 | 0.003934783861041069,-0.007582125719636679,-0.07117634266614914 | -0.046706195920705795,-0.004998966585844755,-0.00033926067408174276 | 0,0
16809 | 560.3000292219222 | 142.2040557861328,187.61753845214844,0.34895065426826477 | -4.972754955291748,0.03260060027241707,-7.246716791087238e-07 | 270.4 | 0.001462644198909402,-0.00020830048015341163,0.013666524551808834 | -0.030112264677882195,-0.006580575834959745,-1.144218367699068e-05 | 0,0
16847 | 561.5666959546506 | 135.87855529785156,187.65386962890625,0.3496280610561371 | -5.01541805267334,0.02068079262971878,-0.0002878090599551797 | 270.2 | -0.015857743099331856,0.0020465352572500706,0.3071805238723755 | -0.0024032590445131063,0.0805983617901802,-0.008942637592554092 | 0,0
16887 | 562.9000293575227 | 129.1785888671875,187.6730499267578,0.349456787109375 | -5.049217224121094,0.005590836051851511,0.00034658375079743564 | 270.1 | -0.04591251164674759,-0.001078981440514326,1.3926703929901123 | 0.13934610784053802,0.004074275027960539,-0.008487812243402004 | 0,0
16927 | 564.2333627603948 | 122.45008850097656,187.668212890625,0.34947776794433594 | -5.075972557067871,-0.02327815443277359,0.00021349209418985993 | 269.7 | 0.1551995724439621,0.05584399774670601,-2.348527431488037 | 0.7496022582054138,-0.24539458751678467,-0.005714798346161842 | 0,0
16968 | 565.6000294983387 | 115.52430725097656,187.64161682128906,0.34941908717155457 | -5.14724063873291,-0.027688240632414818,0.0011669120285660028 | 269.7 | 0.0265817753970623,-0.1460680514574051,-0.3284980356693268 | -1.3011788129806519,-0.029465684667229652,-0.01924518309533596 | 0,0
17007 | 566.900029566139 | 108.92310333251953,187.6061248779297,0.3493877649307251 | -5.000423908233643,-0.027858402580022812,-9.24909909372218e-06 | 269.7 | -0.10286976397037506,-0.0013083562953397632,2.7758231163024902 | 0.08002280443906784,0.0009624100639484823,3.318232120363973e-05 | 0,0
17048 | 568.2666963040829 | 101.67501831054688,187.5633544921875,0.3493475317955017 | -5.291726589202881,-0.027101237326860428,-1.2758035154547542e-05 | 269.7 | -0.09434838593006134,-0.0130122359842062,2.420156240463257 | 0.12525556981563568,0.011563058011233807,0.00013444566866382957 | 0,0
