Simulation Frame | Timestamp | Position | Velocity | Heading | Angular Velocity | Acceleration | Stopped at Red Light + Light ID 
620 | 20.666667744517326 | 136.28746032714844,225.25929260253906,0.17272734642028809 | -0.061679400503635406,-5.250706195831299,-2.1015479433117434e-05 | 180.7 | -0.049147315323352814,-0.10588902235031128,-2.175811529159546 | 0.09844153374433517,0.002717971568927169,0.00017163272423204035 | 0,0
630 | 21.000001095235348 | 136.26844787597656,223.5100555419922,0.17264342308044434 | -0.08863190561532974,-5.261965274810791,-4.443381385499379e-06 | 181.0 | -0.03959077224135399,0.006602071225643158,-1.312787413597107 | -0.25114572048187256,-0.04862308129668236,9.15374948817771e-06 | 0,0
640 | 21.33333444595337 | 136.24082946777344,221.7554473876953,0.17261119186878204 | -0.09832223504781723,-5.279205799102783,7.818825906724669e-07 | 181.1 | -0.02648591808974743,-0.036408681422472,-0.6872221827507019 | -0.013643055222928524,-0.04513263329863548,-1.1442169807196478e-06 | 0,0
650 | 21.66666779667139 | 136.20828247070312,219.9960479736328,0.1726132184267044 | -0.10781119018793106,-5.29068660736084,-3.432655262258777e-07 | 181.2 | -0.021140364930033684,-0.013153724372386932,-0.42666396498680115 | -0.027541814371943474,-0.02730846218764782,1.0870075129787438e-05 | 0,0
660 | 22.000001147389412 | 136.17190551757812,218.233642578125,0.17262141406536102 | -0.11904720962047577,-5.297882556915283,-7.437419640154985e-07 | 181.3 | -0.02113969810307026,0.007977116852998734,-0.3833892345428467 | -0.03775208815932274,-0.018582342192530632,-4.348029688117094e-05 | 0,0
670 | 22.333334498107433 | 136.1322479248047,216.46917724609375,0.17262542247772217 | -0.12408526986837387,-5.303869724273682,1.163288743555313e-06 | 181.3 | -0.023103127256035805,-0.023054655641317368,-0.22530978918075562 | 0.014216377399861813,-0.01822471432387829,2.9177568649174646e-05 | 0,0
680 | 22.666667848825455 | 136.0924072265625,214.70263671875,0.17262542247772217 | -0.11371344327926636,-5.310325622558594,1.3158512501831865e-06 | 181.2 | -0.02437952160835266,-0.04635567590594292,0.17066453397274017 | 0.04949234053492546,-0.02039909176528454,8.238371810875833e-05 | 0,0
690 | 23.000001199543476 | 136.0571746826172,212.9337615966797,0.17262348532676697 | -0.08796897530555725,-5.317642688751221,-4.386170644465892e-07 | 180.9 | -0.024618258699774742,-0.05866597965359688,0.6230142116546631 | 0.14187833666801453,-0.023388860747218132,0.0 | 0,0
700 | 23.333334550261497 | 136.03123474121094,211.17837524414062,0.17302104830741882 | -0.04070334509015083,-4.8014302253723145,-4.767576911035576e-07 | 180.5 | 1.2118703126907349,-0.07059051096439362,1.072945237159729 | 0.21984893083572388,12.105745315551758,-3.1466006475966424e-05 | 1,6
710 | 23.66666790097952 | 136.0262451171875,210.52908325195312,0.17936846613883972 | 0.0011411391897127032,-0.00015195063315331936,0.0009615439921617508 | 0 | 0.10975611209869385,0.1481969952583313,-0.00029005733085796237 | 0.012017061933875084,0.14767250418663025,0.002553897676989436 | 1,6
720 | 24.00000125169754 | 136.02622985839844,210.5261688232422,0.17471805214881897 | -0.00012902854359708726,0.0020623228047043085,0.000466802972368896 | 0 | -1.180330753326416,-0.01318037137389183,0.00048482377314940095 | 0.00011786177492467687,-0.006364637054502964,-0.002278710948303342 | 1,6
730 | 24.33333460241556 | 136.02626037597656,210.52491760253906,0.17260566353797913 | -6.973230938456254e-06,0.0004593108023982495,6.613582809222862e-05 | 0 | -0.2490459680557251,-0.0051845768466591835,-5.5406970204785466e-05 | 4.182257180218585e-05,-0.0027309609577059746,-0.0005028838058933616 | 1,6
740 | 24.666667953133583 | 136.02626037597656,210.5247039794922,0.1723192185163498 | -1.5708390037616482e-06,8.845763659337536e-05,1.1728238860087004e-05 | 0 | -0.04754699021577835,-0.001130495104007423,-1.0308289347449318e-05 | 2.4039136405917816e-06,-0.00021800913964398205,-5.8927256759488955e-05 | 1,6
750 | 25.000001303851604 | 136.02627563476562,210.52464294433594,0.17224158346652985 | -4.490432843340386e-07,2.1727259081671946e-05,3.1275303626898676e-06 | 0 | -0.011645720340311527,-0.00031837317510508,-2.4773748918960337e-06 | -7.573597713417257e-07,1.63954598519922e-06,1.1442169807196478e-06 | 1,6
760 | 25.333334654569626 | 136.02627563476562,210.52462768554688,0.17221832275390625 | -6.35446681940266e-08,4.119120148970978e-06,3.0512492799061874e-07 | 0 | -0.0022013545967638493,-4.7302160965045914e-05,-4.477821278214833e-07 | 1.4552653055943665e-06,2.7720538128050976e-05,-1.5446947145392187e-05 | 1,6
770 | 25.666668005287647 | 136.02627563476562,210.52462768554688,0.1722109615802765 | 4.95814020951002e-08,2.2471817828773055e-06,9.7258566711389e-07 | 0 | -0.0012056534178555012,5.053442691860255e-06,-2.69258322305177e-07 | 4.434861693880521e-06,-1.1199362234037835e-05,-1.4874838598188944e-05 | 1,6
780 | 26.00000135600567 | 136.02627563476562,210.52462768554688,0.1722097396850586 | -4.6571816625373685e-08,6.811148978158599e-07,9.344450404569216e-07 | 0 | -0.0003651402657851577,-2.5091601855820045e-05,-7.801101276072586e-08 | -2.9848206395399757e-06,-2.2325102690956555e-06,1.7163272332254564e-06 | 1,6
790 | 26.33333470672369 | 136.02627563476562,210.52462768554688,0.17220866680145264 | -1.1343776584737952e-08,2.0167719583241706e-07,3.623358395543619e-07 | 0 | -0.00010787219071062282,-1.3361986930249259e-05,-2.3490805745041143e-08 | 1.3229878277343232e-06,-5.380250627240457e-07,-3.4326553759456147e-06 | 1,6
800 | 26.66666805744171 | 136.02627563476562,210.52462768554688,0.17220866680145264 | 2.4379696483833868e-08,2.3936408410918375e-08,1.907030799941367e-08 | 0 | -1.276229158975184e-05,7.1521108111483045e-06,-5.073175213254899e-09 | -6.57567568396189e-07,-4.1093994695984293e-07,-4.004764377896208e-06 | 1,6
810 | 27.000001408159733 | 136.02627563476562,210.52462768554688,0.17220866680145264 | -1.2579826069725186e-08,1.3043485402874921e-08,7.05601394201949e-07 | 0 | -7.220763563964283e-06,-1.4620490219385829e-05,-3.1834315183942863e-09 | -7.892820690358349e-07,2.0742484707625408e-07,1.830749533837661e-05 | 1,6
820 | 27.333334758877754 | 136.02627563476562,210.52462768554688,0.17220866680145264 | -1.7452331135814347e-08,7.287608738693052e-09,3.623358395543619e-07 | 0 | -3.913512955477927e-06,-1.168607468571281e-05,-8.70094940541577e-10 | -1.7607274003239581e-06,5.959276450084872e-07,1.144218367699068e-05 | 1,6
830 | 27.666668109595776 | 136.02627563476562,210.52462768554688,0.17220866680145264 | 1.046690378814219e-08,1.32652255846466e-09,9.535153111528416e-08 | 0 | -6.9490670284722e-07,7.468016065104166e-06,-1.3186064740100534e-10 | -3.8222970033530146e-07,1.5034444800221536e-08,5.721089451071748e-07 | 1,6
840 | 28.000001460313797 | 136.02627563476562,210.52462768554688,0.17220866680145264 | -1.0571682196314214e-08,9.567273195898451e-09,2.6698430133365036e-07 | 0 | -5.128763405082282e-06,-7.5338734859542456e-06,-9.721343730006993e-10 | -9.135611378496833e-08,4.7547775494649613e-08,0.0 | 1,6
850 | 28.33333481103182 | 136.02627563476562,210.52462768554688,0.17220866680145264 | -8.035711651643851e-09,7.978449012568944e-09,2.479139880051662e-07 | 0 | -4.273440936231054e-06,-5.624344339594245e-06,-8.11123335164865e-10 | -4.912123685585357e-08,4.743667858519984e-08,0.0 | 1,6
860 | 28.66666816174984 | 136.02627563476562,210.52462768554688,0.17220866680145264 | -9.153990343513385e-10,-1.8268166979140688e-09,9.535153111528416e-08 | 0 | 9.661268904892495e-07,-1.0507881142984843e-06,2.4333360326700415e-10 | 1.0203493729932234e-06,-4.54834179208774e-08,-1.6019057511584833e-05 | 1,6
870 | 29.00000151246786 | 136.02627563476562,210.52462768554688,0.17220866680145264 | -6.242083738783322e-09,-9.07679975625797e-09,1.3349215066682518e-07 | 0 | 4.8449714995513204e-06,-3.7895742934779264e-06,8.113453242586388e-10 | -9.58595705924381e-07,-5.574206625169609e-07,5.72109183849534e-06 | 1,6
880 | 29.333334863185883 | 136.02627563476562,210.52462768554688,0.17220866680145264 | 2.1883266754230135e-08,8.631217518484391e-09,-5.7210922221884175e-08 | 0 | -4.433331469044788e-06,1.0216677765129134e-05,-1.6321134443941787e-09 | -2.105142016262107e-07,5.30620836158846e-09,5.721092293242691e-07 | 1,6
890 | 29.666668213903904 | 136.02627563476562,210.52462768554688,0.17220866680145264 | -3.43791572987584e-09,-6.492207216268753e-09,9.535153111528416e-08 | 0 | 3.4643821891222615e-06,-2.3239147139975103e-06,6.804425356499166e-10 | 1.9601985457029514e-07,-2.942543275707976e-08,0.0 | 1,6
900 | 30.000001564621925 | 136.02627563476562,210.52462768554688,0.17220866680145264 | -1.1190468107713514e-08,-3.1859064275607807e-09,7.628123199765469e-08 | 0 | 1.9353678908373695e-06,-1.9160995634592837e-06,2.0015089585712076e-09 | -1.4092438505031168e-06,-5.655106178892311e-07,6.293201295193285e-06 | 1,6
910 | 30.333334915339947 | 136.02627563476562,210.52462768554688,0.17220866680145264 | -1.4857740593399171e-09,-2.271568044776018e-09,1.907030799941367e-08 | 0 | 1.2099841342205764e-06,-1.0761979183371295e-06,2.41579117821189e-10 | -1.0512346548807727e-08,-2.896857509426809e-08,5.721092293242691e-07 | 1,6
920 | 30.666668266057968 | 136.02627563476562,210.52462768554688,0.17220866680145264 | 3.211175325645854e-08,7.971173054954761e-09,-1.5256246399530937e-07 | 0 | -4.518885816651164e-06,1.2427898582245689e-05,-3.661551728484369e-09 | 1.3178796507418156e-06,5.191644731894485e-07,-5.1489828365447465e-06 | 1,6
930 | 31.00000161677599 | 136.02627563476562,210.52462768554688,0.17220866680145264 | 1.7963440512858142e-08,8.812532925617234e-09,-1.3349215066682518e-07 | 0 | -4.6925329115765635e-06,1.2350254110060632e-05,-7.762145926015762e-10 | 5.377858656174794e-07,5.335285209184804e-07,-5.148982381797396e-06 | 1,6
940 | 31.33333496749401 | 136.02627563476562,210.52462768554688,0.17220866680145264 | 3.6443417172904446e-09,4.84004614165201e-10,-1.907030799941367e-08 | 0 | -2.544598487475014e-07,2.532669668653398e-06,-8.544766977314211e-11 | 3.29229372653117e-08,-3.368022249983227e-10,0.0 | 1,6
950 | 31.666668318212032 | 136.02627563476562,210.52462768554688,0.17220866680145264 | 3.5466847236875765e-09,2.1832323449100244e-10,1.907030799941367e-08 | 0 | -1.1357952445223418e-07,2.6802013053384144e-06,-3.137138118725069e-11 | 6.776385674811536e-09,-8.243358884385543e-09,0.0 | 1,6
960 | 32.000001668930054 | 136.02627563476562,210.52462768554688,0.17220866680145264 | 2.443623303705067e-09,-2.462228164412661e-11,1.907030799941367e-08 | 0 | 1.5806559616748928e-08,1.6356253809135524e-06,-2.4478074081568657e-11 | 3.3033643376256805e-08,-3.3751479389110273e-10,0.0 | 1,6
970 | 32.333335019648075 | 136.02627563476562,210.52462768554688,0.17220866680145264 | 1.3377577268158802e-08,-1.4345675758420384e-09,5.7210922221884175e-08 | 0 | 7.846898597563268e-07,9.03275122254854e-06,2.405492194323955e-10 | 5.370545181904163e-07,-5.326313043951814e-07,6.293201295193285e-06 | 1,6
980 | 32.6666683703661 | 136.02627563476562,210.52462768554688,0.17220866680145264 | 6.050508982724523e-09,8.129704909265456e-09,0.0 | 0 | -3.980434939876432e-06,-7.584372383462323e-07,-8.687863761736025e-10 | 2.217559398332014e-07,2.433188228678773e-08,0.0 | 1,6
990 | 33.00000172108412 | 136.02627563476562,210.52462768554688,0.17220866680145264 | -1.278341255073201e-08,-1.8146900648829956e-09,-1.9070306223056832e-07 | 0 | 9.564046195009723e-07,-9.276915989175905e-06,2.3362328738230076e-10 | 1.7600888213564758e-07,-8.300493070656501e-10,-1.1442178902143496e-06 | 1,6
1000 | 33.33333507180214 | 136.02627563476562,210.52462768554688,0.17220866680145264 | -2.2234457830450083e-08,1.598265875202287e-08,-1.9070306223056832e-07 | 0 | -8.326526767632458e-06,-1.0217627277597785e-05,1.060919199713517e-10 | -1.3313290310179582e-06,5.488282113219611e-07,-5.148981927050045e-06 | 1,6
1010 | 33.66666842252016 | 136.02627563476562,210.52462768554688,0.17220866680145264 | 2.443623303705067e-09,-2.462227297050923e-11,1.907030799941367e-08 | 0 | 1.5806559616748928e-08,1.6356253809135524e-06,-2.448087912942931e-11 | 3.303363627082945e-08,-3.3751465511322465e-10,0.0 | 1,6
1020 | 34.00000177323818 | 136.02627563476562,210.52462768554688,0.17220866680145264 | 1.3866846337862171e-08,-3.1325941840520954e-09,1.907030799941367e-08 | 0 | 1.694800403129193e-06,9.397209396411199e-06,4.322923130573031e-10 | 5.370483791011793e-07,-5.326311338649248e-07,6.293200840445934e-06 | 1,6
1030 | 34.3333351239562 | 136.02627563476562,210.52462768554688,0.17220866680145264 | -2.095853934847014e-09,6.0114881961226274e-09,-3.814061599882734e-08 | 0 | -3.220432063244516e-06,-1.294935373152839e-06,-6.913856154255882e-10 | 1.8520924527365423e-07,-5.459179330813413e-09,-1.1442184586485382e-06 | 1,6
1040 | 34.666668474674225 | 136.02627563476562,210.52462768554688,0.17220866680145264 | -1.6798952229279962e-09,5.501269217944582e-09,0.0 | 0 | -2.9341715617192676e-06,-5.437184995571442e-07,-5.952410786491669e-10 | -9.941536518454086e-07,5.645597980219463e-07,-5.148982381797396e-06 | 1,6
1050 | 35.000001825392246 | 136.02627563476562,210.52462768554688,0.17220866680145264 | 3.0056286348667527e-09,1.9431731779206984e-09,0.0 | 0 | -1.0312727454220294e-06,1.5270795756805455e-06,7.672998347807436e-11 | 8.575867127547099e-07,1.0505916634429013e-06,5.148982381797396e-06 | 1,6
1060 | 35.33333517611027 | 136.02627563476562,210.52462768554688,0.17220866680145264 | 1.0435826647281488e-09,1.0373079062375723e-09,0.0 | 0 | -5.511245717571001e-07,6.988767609072966e-07,-1.1702043500871895e-10 | 1.4103045842261963e-08,1.5483696103046896e-08,0.0 | 1,6
1070 | 35.66666852682829 | 136.02627563476562,210.52462768554688,0.17220866680145264 | 4.166034628383386e-09,6.7360823585715934e-09,0.0 | 0 | -3.597737759264419e-06,2.956068783532828e-06,-7.137064828022233e-10 | -1.876947521850525e-07,-5.302717820399039e-09,0.0 | 1,6
1080 | 36.00000187754631 | 136.02627563476562,210.52462768554688,0.17220866680145264 | 1.0348930601367101e-08,5.611286546525207e-09,0.0 | 0 | -2.624381522764452e-06,2.450356987537816e-06,-5.939116975994807e-10 | 2.2123896314951708e-07,2.4338209669849675e-08,0.0 | 1,6
1090 | 36.33333522826433 | 136.02627563476562,210.52462768554688,0.17220866680145264 | 8.280498953183724e-09,5.502213351604723e-09,0.0 | 0 | -2.569579919509124e-06,9.056118415173842e-07,-5.761361943079635e-10 | 2.217547034888412e-07,2.4332081238753744e-08,0.0 | 1,6
1100 | 36.66666857898235 | 136.02627563476562,210.52462768554688,0.17220866680145264 | 2.0363108532706065e-08,-1.8698139925277246e-08,5.7210922221884175e-08 | 0 | 9.778547791938763e-06,8.92747539182892e-06,3.0902119751985424e-10 | 9.166793688564212e-07,-5.558727593779622e-07,4.576873379846802e-06 | 1,6
1110 | 37.000001929700375 | 136.02627563476562,210.52462768554688,0.17220866680145264 | 1.0435826647281488e-09,1.0373079062375723e-09,0.0 | 0 | -5.511245717571001e-07,6.988767609072966e-07,-1.1702022684190183e-10 | 1.4103045842261963e-08,1.5483696103046896e-08,0.0 | 1,6
1120 | 37.333335280418396 | 136.02627563476562,210.52462768554688,0.17220866680145264 | 4.549316479085519e-09,6.61302834714661e-09,-1.907030799941367e-08 | 0 | -3.536567419359926e-06,2.071594735753024e-06,-4.734100333969593e-10 | 2.026537686106167e-06,5.044014983468514e-07,1.0297964763594791e-05 | 1,6
1130 | 37.66666863113642 | 136.02627563476562,210.52462768554688,0.17220866680145264 | 2.728474557400773e-09,4.927023677936404e-09,-1.907030799941367e-08 | 0 | -2.6310488010494737e-06,1.9594897366914665e-06,-5.636210387294227e-10 | 1.4054103658622807e-08,1.5483839987950887e-08,0.0 | 1,6
1140 | 38.00000198185444 | 136.02627563476562,210.52462768554688,0.17220866680145264 | 2.7108122413466162e-09,3.755129984739369e-09,0.0 | 0 | -2.003555209739716e-06,1.9456144855212187e-06,-4.303455369836229e-10 | 1.400978533183661e-08,1.5484172166679855e-08,0.0 | 1,6
1150 | 38.33333533257246 | 136.02627563476562,210.52462768554688,0.17220866680145264 | 8.148474672786676e-10,3.3895828366325986e-09,0.0 | 0 | -1.8069665657094447e-06,6.376754981829436e-07,-3.59335949884354e-10 | -4.8753681092250645e-09,3.130536896378544e-08,0.0 | 1,6
1160 | 38.66666868329048 | 136.02627563476562,210.52462768554688,0.17220866680145264 | -3.56466384188181e-10,2.099256546372885e-09,0.0 | 0 | -1.118065370064869e-06,-2.3787671921127185e-07,-2.0956388013804172e-10 | -4.82772444243551e-09,3.1305173564533106e-08,0.0 | 1,6
1170 | 39.0000020340085 | 136.02627563476562,210.52462768554688,0.17220866680145264 | -1.270858196456004e-09,8.093330450265057e-09,1.907030799941367e-08 | 0 | -4.332862772571389e-06,-9.466221513321216e-07,-9.292149827366813e-10 | 1.783625407369982e-07,9.891260255301404e-09,0.0 | 1,6
1180 | 39.333335384726524 | 136.02627563476562,210.52462768554688,0.17220866680145264 | 9.719729021639978e-09,6.138659358612131e-09,0.0 | 0 | -2.9078742045385297e-06,1.980915612875833e-06,-6.524019102727152e-10 | 2.2175419189807144e-07,2.433209544960846e-08,0.0 | 1,6
1190 | 39.666668735444546 | 136.02627563476562,210.52462768554688,0.17220866680145264 | -6.420061282597089e-08,-1.2402032290026455e-08,-3.623358395543619e-07 | 0 | 6.689411293336889e-06,-2.947954817500431e-05,4.7211692333348765e-09 | -1.9809876903309487e-06,-4.890636660093151e-07,-1.0870074220292736e-05 | 1,6
1200 | 40.00000208616257 | 136.02627563476562,210.52462768554688,0.17220866680145264 | 2.2149055922682237e-09,2.327634973653403e-09,0.0 | 0 | -1.2400257674016757e-06,1.5744356005598092e-06,-2.6680249676225287e-10 | 1.4055498986920156e-08,1.5483912818581302e-08,0.0 | 1,6
1210 | 40.33333543688059 | 136.02627563476562,210.52462768554688,0.17220866680145264 | -5.701779492994774e-09,5.7452442109307e-11,-1.907030799941367e-08 | 0 | -3.688217020680895e-08,-3.816453045146773e-06,5.711327938362487e-11 | -7.707838989290394e-08,7.875434193671538e-10,0.0 | 1,6
1220 | 40.66666878759861 | 136.02627563476562,210.52462768554688,0.17220866680145264 | 3.624233357868434e-08,1.7754183900819953e-08,1.7163276311293885e-07 | 0 | -9.340460564999375e-06,1.4811111213930417e-05,-3.456596342488183e-09 | 1.9982742287538713e-06,5.046200044489524e-07,1.0297964763594791e-05 | 0,0
1230 | 41.00000213831663 | 136.02627563476562,210.51821899414062,0.172128364443779 | -0.0005923990975134075,-0.04528416693210602,-1.353991819996736e-06 | 0 | -0.004004037939012051,0.012056967243552208,0.0037004814948886633 | 0.0003389239718671888,-0.05224350467324257,-5.549459092435427e-05 | 0,0
1240 | 41.33333548903465 | 136.02635192871094,210.37733459472656,0.17095531523227692 | 0.003235676558688283,-0.9284091591835022,-6.121568731032312e-06 | 0 | -0.47061190009117126,-0.03144665062427521,0.23777031898498535 | 0.011445948854088783,-3.522745132446289,-8.581638394389302e-05 | 0,0
1250 | 41.666668839752674 | 136.026123046875,209.8299102783203,0.1697571873664856 | 0.014065578579902649,-2.2392287254333496,-7.094154625519877e-06 | 179.6 | -0.123009592294693,-0.04785339906811714,0.945854127407074 | 0.07705538719892502,-3.5219976902008057,2.1168028979445808e-05 | 0,0
1260 | 42.000002190470695 | 136.02891540527344,208.90814208984375,0.16996325552463531 | 0.028312334790825844,-3.207214832305908,3.661499022200587e-06 | 179.5 | 0.1173904687166214,-0.029707828536629677,1.0670597553253174 | 0.15087296068668365,-2.679884195327759,4.748506034957245e-05 | 0,0
1270 | 42.33333554118872 | 136.0372314453125,207.69119262695312,0.1703665852546692 | 0.0438920296728611,-3.9492709636688232,2.784264779620571e-06 | 179.4 | 0.3036785125732422,0.0030115710105746984,0.9211796522140503 | 0.04961203411221504,0.08089541643857956,2.174014298361726e-05 | 0,0
1280 | 42.66666889190674 | 136.05015563964844,206.37985229492188,0.17172077298164368 | 0.050328951328992844,-3.9260408878326416,2.5554211333655985e-06 | 179.3 | 0.24967427551746368,0.006450186017900705,0.5959194302558899 | 0.1085144579410553,0.07088898867368698,-6.23599044047296e-05 | 0,0
1290 | 43.00000224262476 | 136.06622314453125,204.97467041015625,0.17099261283874512 | 0.05922914668917656,-4.701928615570068,-7.036943316052202e-06 | 179.3 | -0.41600894927978516,0.017665768042206764,0.34875819087028503 | -0.04225294664502144,-2.8700778484344482,-0.00010698441474232823 | 0,0
1300 | 43.33333559334278 | 136.0873565673828,203.29966735839844,0.1718563735485077 | 0.06947237253189087,-5.198248863220215,-0.000176343135535717 | 179.2 | 0.2440156191587448,0.016639232635498047,0.20069700479507446 | -0.05855641886591911,-0.5887555480003357,-0.02974109724164009 | 0,0
1310 | 43.6666689440608 | 136.10842895507812,201.5765380859375,0.17261207103729248 | 0.06327220052480698,-5.099151611328125,-0.0006618922343477607 | 179.3 | 0.23480388522148132,-9.072819375433028e-05,0.01576957479119301 | -0.0014036892680451274,0.32877442240715027,0.0029045981355011463 | 0,0
1320 | 44.000002294778824 | 136.12939453125,199.88389587402344,0.17273475229740143 | 0.06290431320667267,-5.062607288360596,-0.0001358568697469309 | 179.3 | 0.01118406094610691,-0.0009505415218882263,0.007938175462186337 | 0.00030577179859392345,-0.026378629729151726,0.0007174249622039497 | 0,0
1330 | 44.333335645496845 | 136.14927673339844,198.18893432617188,0.17262236773967743 | 0.04426106438040733,-5.093460559844971,-2.4753258912824094e-05 | 179.5 | 0.0009291557944379747,0.11797209084033966,-0.48557087779045105 | -0.1528889238834381,-0.11494158953428268,9.725855488795787e-05 | 0,0
1340 | 44.66666899621487 | 136.12351989746094,196.48501586914062,0.1726319044828415 | -0.35250595211982727,-5.100803852081299,-3.123716305708513e-05 | 184.0 | 0.04945671558380127,1.0503484010696411,-9.316946029663086 | -2.6381983757019043,0.1613616794347763,-4.0047593756753486e-06 | 0,0
1350 | 45.00000234693289 | 135.87518310546875,194.81629943847656,0.17269080877304077 | -1.4800018072128296,-4.896909713745117,0.0026793398428708315 | 196.8 | 0.08651890605688095,1.1308282613754272,-27.2648983001709 | -3.2208142280578613,-0.678977906703949,0.08428254723548889 | 0,0
1360 | 45.33333569765091 | 135.33885192871094,193.21533203125,0.17286266386508942 | -2.2393741607666016,-4.5956573486328125,0.0019080224446952343 | 206.0 | -9.284787665819749e-05,-0.0948314368724823,-26.78693199157715 | -3.3045742511749268,1.8003844022750854,-0.028934990987181664 | 0,0
1370 | 45.66666904836893 | 134.59214782714844,191.76715087890625,0.17307154834270477 | -2.6110806465148926,-3.605656862258911,-0.003243020037189126 | 215.9 | 0.3014313578605652,-0.9121059775352478,-26.27253532409668 | 0.8946418166160583,3.835601568222046,0.06863536685705185 | 0,0
1380 | 46.00000239908695 | 133.8103790283203,190.57667541503906,0.17278392612934113 | -2.72271990776062,-3.464542865753174,0.0008681948529556394 | 218.2 | 0.005423029884696007,1.0067181587219238,-16.999454498291016 | -1.3974164724349976,-1.095213770866394,-0.0031523217912763357 | 0,0
1390 | 46.333335749804974 | 132.75559997558594,189.48052978515625,0.17193004488945007 | -4.000355243682861,-2.7011513710021973,-4.4433818402467296e-05 | 236.0 | 0.9952535033226013,1.2695614099502563,-39.687110900878906 | -3.9577386379241943,4.364490032196045,-8.581638394389302e-05 | 0,0
1400 | 46.666669100522995 | 131.38595581054688,188.5973663330078,0.17210258543491364 | -4.66979455947876,-1.8979445695877075,9.977584704756737e-05 | 247.9 | 0.7357364892959595,0.18478496372699738,-38.85738754272461 | -1.895699381828308,6.033414363861084,-0.0008472938206978142 | 0,0
1410 | 47.000002451241016 | 129.8670196533203,188.04144287109375,0.17243118584156036 | -4.764163017272949,-1.4999042749404907,0.0005067553138360381 | 252.5 | -2.826653480529785,-1.1529626846313477,-17.566795349121094 | -0.3848075568675995,0.46562430262565613,-0.002820496214553714 | 0,0
1420 | 47.33333580195904 | 128.2926483154297,187.701171875,0.17272529006004333 | -4.843931198120117,-0.30283230543136597,-8.833366155158728e-05 | 266.4 | -1.4093462228775024,-0.23034009337425232,-29.734468460083008 | -0.279450386762619,-0.9379925727844238,0.0029995685908943415 | 0,0
1430 | 47.66666915267706 | 126.67135620117188,187.54417419433594,0.17249324917793274 | -5.166173458099365,-0.17186637222766876,0.011724520474672318 | 268.1 | -0.6881309747695923,0.45600369572639465,-15.866451263427734 | -2.84564471244812,0.6606553196907043,0.34916168451309204 | 0,0
1440 | 48.00000250339508 | 124.8743896484375,187.46253967285156,0.17235198616981506 | -5.436367511749268,-0.07510390877723694,-0.001111093326471746 | 269.2 | -0.5415064692497253,-0.2859920859336853,-9.580999374389648 | 0.40208813548088074,-0.08986271172761917,0.002025266643613577 | 0,0
1450 | 48.3333358541131 | 123.0873794555664,187.431884765625,0.17279696464538574 | -5.307197093963623,0.014101659879088402,-0.0002869127783924341 | 270.2 | -0.10181816667318344,-0.08319223672151566,-5.764965057373047 | 0.30414101481437683,0.47395244240760803,0.0015275310724973679 | 0,0
1460 | 48.66666920483112 | 121.33009338378906,187.434814453125,0.17279013991355896 | -5.252871990203857,0.06720656901597977,-5.196658821660094e-05 | 270.7 | -0.12337402999401093,0.02465606853365898,-3.884765863418579 | 0.0590515099465847,0.006543248426169157,0.0003037899441551417 | 0,0
1470 | 49.000002555549145 | 119.57920837402344,187.45486450195312,0.17267467081546783 | -5.257220268249512,0.09104052186012268,-9.153747669188306e-06 | 271.0 | -0.09158206731081009,0.027031615376472473,-2.6592071056365967 | -0.05304336175322533,0.03281436488032341,7.15136484359391e-05 | 0,0
1480 | 49.333335906267166 | 117.8231430053711,187.48489379882812,0.17261481285095215 | -5.277778148651123,0.1085476353764534,-2.3647180569241755e-06 | 271.2 | -0.05424007028341293,0.008842329494655132,-2.0897388458251953 | -0.06168365105986595,-0.040401216596364975,-1.887960206659045e-05 | 0,0
1490 | 49.66666925698519 | 116.0609130859375,187.5201873779297,0.17260867357254028 | -5.293180465698242,0.11652173846960068,-2.116804125762428e-06 | 271.3 | -0.013881596736609936,-0.0016905765514820814,-1.7088067531585693 | -0.035104747861623764,0.010378359816968441,-7.780684973113239e-05 | 0,0
1500 | 50.00000260770321 | 114.29495239257812,187.55935668945312,0.17261992394924164 | -5.301363468170166,0.12698043882846832,1.2586402817760245e-06 | 271.4 | 0.004670822527259588,-0.0028982211370021105,-1.6308910846710205 | -0.01868247799575329,0.03839268907904625,5.091771890874952e-05 | 0,0
1510 | 50.33333595842123 | 112.52681732177734,187.601806640625,0.17262747883796692 | -5.30704402923584,0.13219979405403137,1.2777105666827993e-06 | 271.4 | -0.023354509845376015,-0.0002890460309572518,-1.4762035608291626 | -0.01716613583266735,-0.006943791639059782,-1.7163276424980722e-05 | 0,0
1520 | 50.66666930913925 | 110.75672912597656,187.644287109375,0.1726279854774475 | -5.313353061676025,0.12139545381069183,-1.5065542129377718e-06 | 271.3 | -0.04195024073123932,0.0013432899722829461,-1.075369954109192 | -0.02014159969985485,-0.055094581097364426,5.721084903598239e-07 | 0,0
1530 | 51.00000265985727 | 108.98446655273438,187.68194580078125,0.1726263016462326 | -5.320430278778076,0.09519819915294647,3.0512492799061874e-07 | 271.0 | -0.04050998389720917,0.0013471647398546338,-0.6180123686790466 | -0.021872518584132195,-0.10039328783750534,-6.293201295193285e-06 | 0,0
1540 | 51.333336010575294 | 107.2098388671875,187.71018981933594,0.1726250797510147 | -5.327659606933594,0.05809328332543373,1.2586402817760245e-06 | 270.6 | -0.020799532532691956,0.0006727880681864917,-0.23685088753700256 | -0.021228788420557976,-0.07643724977970123,5.1489827455952764e-05 | 0,0
1550 | 51.666669361293316 | 105.4328384399414,187.72720336914062,0.1726246178150177 | -5.334736347198486,0.024642495438456535,-4.1954677953981445e-07 | 270.3 | 0.01824861578643322,0.0001856686285464093,-0.19003143906593323 | -0.021328924223780632,-0.06889471411705017,1.773538679117337e-05 | 0,0
1560 | 52.00000271201134 | 103.65347290039062,187.73394775390625,0.1726248860359192 | -5.3415961265563965,-0.001514636678621173,1.4493433582174475e-06 | 270.0 | 0.03487889841198921,4.999583325115964e-05,-0.3459627330303192 | -0.019783971831202507,-0.04927187040448189,8.581638212490361e-06 | 0,0
1570 | 52.33333606272936 | 101.87186431884766,187.73252868652344,0.1726256161928177 | -5.348172664642334,-0.019653724506497383,-4.1954677953981445e-07 | 269.8 | 0.03851379454135895,0.00031949765980243683,-0.5768532156944275 | -0.0197982769459486,-0.022142192348837852,1.3158511137589812e-05 | 0,0
1580 | 52.66666941344738 | 100.08806610107422,187.72561645507812,0.17262615263462067 | -5.354673385620117,-0.033287163823843,-1.029796635521052e-06 | 269.6 | -0.01286350004374981,0.00026790585252456367,-0.7355712056159973 | -0.019154546782374382,-0.11441593617200851,-1.4302731869975105e-05 | 0,0
1590 | 53.0000027641654 | 98.30204772949219,187.71568298339844,0.1726263016462326 | -5.361210346221924,-0.0361337810754776,-1.5637651813449338e-06 | 269.6 | 0.014584377408027649,0.00036023842403665185,-0.9616261124610901 | -0.019741056486964226,0.03075733594596386,-8.46721522975713e-05 | 0,0
6820 | 227.3333451896906 | 168.94485473632812,187.64224243164062,0.17026515305042267 | -3.24821138381958,-0.052387017756700516,-2.0977338408556534e-06 | 269.1 | 0.00243562925606966,-0.05881645157933235,-0.011260016821324825 | -1.8763374090194702,-0.029802469536662102,4.576867922878591e-06 | 0,0
6830 | 227.6666785404086 | 168.14559936523438,187.62948608398438,0.1744462102651596 | -1.138049602508545,-0.01749856397509575,-1.8402846762910485e-05 | 269.1 | 0.02634717896580696,-1.6110725402832031,-0.04422973096370697 | 10.547932624816895,0.1531403809785843,-0.00025001171161420643 | 0,0
6840 | 228.00001189112663 | 167.75253295898438,187.62342834472656,0.17268581688404083 | -1.7153592109680176,-0.02530193328857422,2.282715831825044e-05 | 269.2 | -0.02255336381494999,1.195422887802124,-0.2186436504125595 | -3.6070737838745117,-0.05386512354016304,-7.265783642651513e-05 | 0,0
6850 | 228.33334524184465 | 166.985107421875,187.61224365234375,0.17041438817977905 | -2.777068614959717,-0.03805527463555336,-6.865310751891229e-06 | 269.2 | 0.003044256241992116,0.20700450241565704,-0.12551143765449524 | -2.818622350692749,-0.025531386956572533,4.519662616075948e-05 | 0,0
6860 | 228.66667859256268 | 165.98828125,187.5988006591797,0.17163372039794922 | -2.5603322982788086,-0.030246762558817863,1.2014294043183327e-05 | 269.3 | 0.020508961752057076,-1.3295769691467285,-0.20985035598278046 | 6.17952299118042,0.08950145542621613,-1.887960752355866e-05 | 0,0
6870 | 229.0000119432807 | 165.14476013183594,187.58889770507812,0.17212870717048645 | -2.8239586353302,-0.028704876080155373,1.2777105666827993e-06 | 269.4 | -0.0030737891793251038,0.5065569281578064,-0.24010039865970612 | -2.424359083175659,-0.01080684270709753,1.1442169807196478e-06 | 0,0
6880 | 229.33334529399872 | 163.92970275878906,187.5771026611328,0.17072460055351257 | -3.7585554122924805,-0.02750467322766781,-4.386170530779054e-06 | 269.6 | 0.011626247316598892,0.1760055422782898,-0.41382595896720886 | -2.541060209274292,0.01560626458376646,2.288438190589659e-05 | 0,0
6890 | 229.66667864471674 | 162.75546264648438,187.56857299804688,0.17130394279956818 | -3.9229562282562256,-0.019241219386458397,5.79737343286979e-06 | 269.7 | 0.00200402713380754,-0.3498308062553406,-0.45558565855026245 | 0.06899356096982956,0.015855764970183372,2.860545282601379e-05 | 0,0
6900 | 230.00001199543476 | 161.4404296875,187.5625762939453,0.17179381847381592 | -4.188518047332764,-0.009881874546408653,-1.6019057511584833e-06 | 269.9 | -0.015294942073523998,0.425869882106781,-0.4508028030395508 | -4.35121488571167,-0.038601428270339966,-0.00012300346861593425 | 0,0
6910 | 230.33334534615278 | 159.886474609375,187.5595703125,0.17085643112659454 | -4.913865089416504,-0.0006459536962211132,-1.735397972879582e-06 | 270.0 | -0.02597775310277939,-0.103056900203228,-0.43994033336639404 | -0.8885335326194763,0.0055889408104121685,3.2610227208351716e-05 | 0,0
6920 | 230.6666786968708 | 158.2775115966797,187.56021118164062,0.17252914607524872 | -4.253523349761963,0.009853401221334934,2.8605461466213455e-06 | 270.1 | -0.02261270582675934,-1.1821388006210327,-0.3811365067958832 | 6.527251720428467,-0.013128881342709064,-4.3480293243192136e-05 | 0,0
6930 | 231.00001204758883 | 156.8910369873047,187.56353759765625,0.17265582084655762 | -4.307295322418213,0.01566622219979763,3.318233666504966e-06 | 270.2 | -0.017833562567830086,0.4678800404071808,-0.2674371898174286 | -1.339058756828308,-0.027512701228260994,-1.2586394404934254e-05 | 0,0
6940 | 231.33334539830685 | 155.38174438476562,187.5690155029297,0.17161746323108673 | -4.69093132019043,0.021893858909606934,-5.721092293242691e-07 | 270.3 | 0.0003018728457391262,0.09209877997636795,-0.22537048161029816 | -0.8498668074607849,0.03721335530281067,4.176396760158241e-05 | 0,0
6950 | 231.66667874902487 | 153.7933807373047,187.57623291015625,0.17184101045131683 | -4.770636081695557,0.024206800386309624,-6.102498559812375e-07 | 270.3 | -0.010268590413033962,-0.1440771520137787,-0.13776667416095734 | 0.08504389971494675,-0.013507827185094357,-3.947553341276944e-05 | 0,0
6960 | 232.0000120997429 | 152.21279907226562,187.58407592773438,0.17226794362068176 | -4.5582380294799805,0.02408195286989212,9.916559520206647e-07 | 270.3 | -0.008153997361660004,-0.46590352058410645,-0.0832911804318428 | 5.607676029205322,-0.03905044496059418,5.721084903598239e-07 | 0,0
6970 | 232.3333454504609 | 150.8618927001953,187.59109497070312,0.1731644719839096 | -4.012157917022705,0.021391727030277252,3.8140612446113664e-07 | 270.3 | -0.0025039955507963896,0.4184240400791168,-0.021981732919812202 | -1.2418268918991089,-0.0017505883006379008,-2.1740146621596068e-05 | 0,0
6980 | 232.66667880117893 | 149.42747497558594,187.59873962402344,0.17159748077392578 | -4.544782638549805,0.024148596450686455,-2.0977338976990723e-07 | 270.3 | -0.002472325460985303,0.236758753657341,-0.006521672010421753 | -1.2860153913497925,0.0016934796003624797,2.803335155476816e-05 | 0,0
6990 | 233.00001215189695 | 147.86827087402344,187.60693359375,0.17161545157432556 | -4.736282825469971,0.02490559220314026,-8.96304470643372e-07 | 270.3 | 6.0311453125905246e-05,-0.1394728422164917,-0.0006767496815882623 | -0.10160922259092331,0.0011483206180855632,-5.721101956623897e-07 | 0,0
7000 | 233.33334550261497 | 146.29383850097656,187.61512756347656,0.17208412289619446 | -4.7044596672058105,0.024609293788671494,1.6972574030660326e-06 | 270.3 | -0.0002442031691316515,-0.08757185935974121,0.002295060083270073 | 0.12894628942012787,-0.0013646854786202312,1.716328006295953e-05 | 0,0
7010 | 233.666678853333 | 144.73033142089844,187.62326049804688,0.17220287024974823 | -4.685840129852295,0.023607905954122543,5.7210922221884175e-08 | 270.3 | -0.0021414312068372965,0.0019498610636219382,0.022036312147974968 | -0.0044202799908816814,-0.00417195213958621,-1.258640259038657e-05 | 0,0
7020 | 234.00001220405102 | 143.17205810546875,187.63095092773438,0.17221511900424957 | -4.661838054656982,0.021745428442955017,-8.581638439864037e-07 | 270.3 | -0.00210100831463933,-0.005688851699233055,0.047088637948036194 | 0.08301257342100143,-0.005857608746737242,-3.2038115023169667e-05 | 0,0
7030 | 234.33334555476904 | 141.5934295654297,187.63800048828125,0.17175330221652985 | -4.997091770172119,0.020157761871814728,-1.1823590284620877e-06 | 270.2 | -0.003474719589576125,0.3835034966468811,0.09575162827968597 | -2.019495725631714,-0.004680901300162077,-7.494630699511617e-05 | 0,0
7040 | 234.66667890548706 | 139.88002014160156,187.6448211669922,0.17246241867542267 | -5.157454490661621,0.01837729476392269,-0.0011983781587332487 | 270.2 | -0.0026445083785802126,-0.22516031563282013,0.002331709023565054 | 0.591087281703949,-0.009574088267982006,-0.0005137547268532217 | 0,0
7050 | 235.00001225620508 | 138.19679260253906,187.65054321289062,0.1727382242679596 | -5.0500006675720215,0.014511233195662498,0.0006001997389830649 | 270.2 | -0.003902056720107794,0.04865352809429169,0.10976999253034592 | -0.16191957890987396,-0.01724528893828392,-0.014012671075761318 | 0,0
7060 | 235.3333456069231 | 136.52032470703125,187.65492248535156,0.17251457273960114 | -5.015480995178223,0.012207879684865475,-0.012659041211009026 | 270.1 | 0.051912568509578705,-0.007643149700015783,0.08585893362760544 | 0.08932112902402878,0.14664098620414734,-0.3843846917152405 | 0,0
7070 | 235.66667895764112 | 134.8401641845703,187.65814208984375,0.17261695861816406 | -5.06624698638916,0.006621795240789652,0.000681744422763586 | 270.1 | -0.0006119126919656992,0.059734657406806946,0.12476197630167007 | -0.14851568639278412,-0.01204549241811037,-0.01369057409465313 | 0,0
7080 | 236.00001230835915 | 133.1670684814453,187.659912109375,0.1727021336555481 | -4.990423679351807,0.002114746021106839,0.000800323614384979 | 270.0 | -0.0034284170251339674,-0.061875294893980026,0.14639055728912354 | 0.5454968810081482,-0.02365364506840706,-0.016241608187556267 | 0,0
7090 | 236.33334565907717 | 131.53500366210938,187.659912109375,0.17244026064872742 | -4.445346355438232,-0.008502662181854248,0.00021757313515990973 | 269.9 | -0.06419558823108673,-0.7502591609954834,0.25761231780052185 | 4.806689739227295,-0.20642180740833282,0.019022056832909584 | 0,0
7100 | 236.6666790097952 | 130.1589813232422,187.65806579589844,0.1729675978422165 | -4.168428421020508,-0.009121271781623363,0.0005950698396191001 | 269.9 | 0.002068158471956849,0.5204959511756897,0.17787417769432068 | -1.459293246269226,-0.028296073898673058,-0.0024406197480857372 | 0,0
7110 | 237.0000123605132 | 128.66070556640625,187.65472412109375,0.1714145988225937 | -4.76855993270874,-0.014052814804017544,0.00011674842244246975 | 269.8 | 0.006051321048289537,0.2319989651441574,0.16515563428401947 | -1.4543150663375854,0.004193912725895643,-0.0006333250203169882 | 0,0
7120 | 237.33334571123123 | 127.02107238769531,187.6497344970703,0.17153353989124298 | -4.975534915924072,-0.018284205347299576,1.9508925106492825e-05 | 269.8 | 0.00011801559594459832,-0.1834454983472824,0.1345747709274292 | -0.0018310545710846782,-0.025359390303492546,-0.00011728229583241045 | 0,0
7130 | 237.66667906194925 | 125.37769317626953,187.64382934570312,0.17216388881206512 | -4.878608703613281,-0.01937243714928627,3.3563742363185156e-06 | 269.8 | 0.007118967827409506,-0.11849155277013779,0.08268528431653976 | 0.3319215476512909,0.00820873212069273,1.1442169807196478e-06 | 0,0
7140 | 238.00001241266727 | 123.76225280761719,187.63742065429688,0.17227816581726074 | -4.830622673034668,-0.020067673176527023,1.5637651813449338e-06 | 269.8 | 0.003491171868517995,0.012235983274877071,0.05077318102121353 | 0.08624552935361862,0.007012076210230589,5.0917715270770714e-05 | 0,0
7150 | 238.3333457633853 | 122.14851379394531,187.630859375,0.1720573455095291 | -5.005046844482422,-0.021272508427500725,8.009528755792417e-07 | 269.8 | -0.0022588823921978474,0.3712747395038605,0.03842628374695778 | -2.9540345668792725,-0.018672866746783257,1.4874838598188944e-05 | 0,0
7160 | 238.66667911410332 | 120.39524841308594,187.62356567382812,0.17232176661491394 | -5.3057050704956055,-0.02220761403441429,-0.0011831981828436255 | 269.8 | 0.0008698059828020632,-0.2596101462841034,-0.0002013984340010211 | 0.6455182433128357,0.0020184738095849752,0.0005560903227888048 | 0,0
7170 | 239.00001246482134 | 118.65419006347656,187.61627197265625,0.1728065013885498 | -5.150911331176758,-0.02149089053273201,-0.000334531330736354 | 269.8 | 0.0011354389134794474,-0.11440365761518478,-0.0026817487087100744 | 0.3296613395214081,0.0014991312054917216,0.0017409290885552764 | 0,0
7180 | 239.33334581553936 | 116.94613647460938,187.60923767089844,0.1727863997220993 | -5.100571632385254,-0.021193334832787514,-6.276038038777187e-05 | 269.8 | 9.561453043716028e-05,0.0064072441309690475,-0.0031623856630176306 | 0.029926298186182976,0.000671781541313976,0.000350130838342011 | 0,0
7190 | 239.66667916625738 | 115.24150848388672,187.60218811035156,0.17265616357326508 | -5.115837097167969,-0.02099807932972908,-1.1861731763929129e-05 | 269.8 | 0.000261695560766384,0.0029489807784557343,-0.007728172466158867 | -0.08168219774961472,0.0007362663163803518,4.2336083424743265e-05 | 0,0
7200 | 240.0000125169754 | 113.52864837646484,187.5951385498047,0.17260009050369263 | -5.1433844566345215,-0.020504049956798553,-2.3837885692046257e-06 | 269.8 | 0.0010219268733635545,-0.018461940810084343,-0.017211398109793663 | -0.07414340227842331,0.003377794986590743,3.26102199323941e-05 | 0,0
7210 | 240.33334586769342 | 111.80807495117188,187.58839416503906,0.1726020723581314 | -5.1618332862854,-0.01945909671485424,-5.339686026673007e-07 | 269.8 | 0.0017845177790150046,-0.02794749103486538,-0.03211759775876999 | -0.0414276085793972,0.004739183466881514,1.830749533837661e-05 | 0,0
7220 | 240.66667921841145 | 110.0829849243164,187.58197021484375,0.17261798679828644 | -5.171913146972656,-0.018103690817952156,-1.3349215066682518e-07 | 269.8 | 0.0006767157465219498,-0.027663398534059525,-0.04355677589774132 | -0.024161336943507195,0.0044541428796947,-1.659116787777748e-05 | 0,0
7230 | 241.00001256912947 | 108.35509490966797,187.57611083984375,0.17262603342533112 | -5.179746627807617,-0.01615244522690773,-8.009528755792417e-07 | 269.8 | 0.0006139526376500726,-0.02473633550107479,-0.05848531424999237 | -0.0243759136646986,0.00443268520757556,-4.462451397557743e-05 | 0,0
7240 | 241.3333459198475 | 106.62445831298828,187.57090759277344,0.17262637615203857 | -5.188400745391846,-0.01376010850071907,3.623358395543619e-07 | 269.8 | 0.002053444739431143,-0.023561187088489532,-0.07350628077983856 | -0.026950834318995476,0.012638567946851254,-3.2038115023169667e-05 | 0,0
7250 | 241.6666792705655 | 104.89083099365234,187.56649780273438,0.1726251244544983 | -5.197648048400879,-0.01133184414356947,1.94517133422778e-06 | 269.9 | -0.0009731721365824342,-0.023489635437726974,-0.07951683551073074 | -0.028123853728175163,0.006799147929996252,6.979732279432938e-05 | 0,0
7260 | 242.00001262128353 | 103.15409851074219,187.56300354003906,0.1726248562335968 | -5.206849098205566,-0.008587421849370003,3.0512492799061874e-07 | 269.9 | -0.0021060844883322716,-0.023849721997976303,-0.08619414269924164 | -0.02639293484389782,0.00474415672942996,3.4326558306929655e-06 | 0,0
7270 | 242.33334597200155 | 101.41453552246094,187.56033325195312,0.17262683808803558 | -5.214698314666748,-0.005706851836293936,3.2419524131910293e-07 | 269.9 | -0.0011053135385736823,-0.024340547621250153,-0.09182301163673401 | -0.022058485075831413,0.0035617079120129347,-1.487483677919954e-05 | 0,0
7280 | 242.66667932271957 | 99.67257690429688,187.5585479736328,0.17262901365756989 | -5.221353530883789,-0.003159981919452548,-1.5637651813449338e-06 | 270.0 | -0.002516240580007434,-0.024235228076577187,-0.08638355135917664 | -0.018982885405421257,0.006386891007423401,-1.9451712432783097e-05 | 0,0
