Simulation Frame | Timestamp | Position | Velocity | Heading | Angular Velocity | Acceleration | Stopped at Red Light + Light ID 
5090 | 169.6666755154729 | 136.28912353515625,225.90582275390625,0.1724313646554947 | -0.12838581204414368,-4.30613374710083,0.0006522617186419666 | 181.7 | -0.591871440410614,-0.20692788064479828,-2.9539997577667236 | -0.2944716513156891,-1.9102905988693237,-0.0023605236783623695 | 0,0
5100 | 170.0000088661909 | 136.25326538085938,224.37376403808594,0.1714944839477539 | -0.1254940629005432,-4.611604690551758,0.00013433124695438892 | 181.6 | 0.3712320029735565,-0.11622469127178192,-1.169764757156372 | 0.002993792062625289,3.0986878871917725,-0.0007649101899005473 | 0,0
5110 | 170.33334221690893 | 136.22743225097656,223.27496337890625,0.17584793269634247 | -0.046072397381067276,-1.8778403997421265,-2.4200220650527626e-05 | 181.4 | 1.1869664192199707,-0.01714223437011242,-0.16039615869522095 | 0.23291464149951935,9.598499298095703,-0.0003638614434748888 | 0,0
5120 | 170.66667556762695 | 136.22021484375,222.98114013671875,0.17516586184501648 | -0.021766051650047302,-0.9415818452835083,6.365668377839029e-05 | 0 | -1.5703750848770142,0.058148764073848724,0.100188247859478 | -0.033896803855895996,-2.959315061569214,0.00020824771490879357 | 0,0
5130 | 171.00000891834497 | 136.20762634277344,222.43359375,0.17078930139541626 | -0.051413144916296005,-2.245314598083496,-5.988076281937538e-06 | 181.3 | -0.6555529832839966,0.014761824160814285,-0.048591505736112595 | -0.09966685622930527,-3.5436484813690186,-0.00013044089428149164 | 0,0
5140 | 171.333342269063 | 136.18702697753906,221.508544921875,0.17010436952114105 | -0.07202589511871338,-3.2161946296691895,-2.517280563552049e-06 | 181.3 | 0.026318160817027092,0.004203889984637499,-0.01922253519296646 | -0.06424247473478317,-2.6839969158172607,5.721084903598239e-07 | 0,0
5150 | 171.66667561978102 | 136.16766357421875,220.63357543945312,0.17392337322235107 | -0.032422762364149094,-1.469085693359375,-1.092728507501306e-05 | 181.3 | 1.607832908630371,-0.027764493599534035,-0.016570191830396652 | 0.19726964831352234,8.868830680847168,-0.0003255300980526954 | 0,0
5160 | 172.00000897049904 | 136.16189575195312,220.37396240234375,0.17383898794651031 | -0.024432778358459473,-1.1044046878814697,3.4326552849961445e-05 | 181.3 | -1.3879462480545044,0.033604696393013,0.2246994972229004 | -0.08851484954357147,-3.825063943862915,8.352794975508004e-05 | 0,0
5170 | 172.33334232121706 | 136.14878845214844,219.77381896972656,0.1704677939414978 | -0.050572074949741364,-2.3595001697540283,-9.973770829674322e-06 | 181.2 | -0.40726640820503235,0.0010329021606594324,0.04722858592867851 | -0.07153059542179108,-3.2045600414276123,-4.290819197194651e-05 | 0,0
5180 | 172.66667567193508 | 136.12867736816406,218.81944274902344,0.17015232145786285 | -0.06617178022861481,-3.271536111831665,-1.7163276311293885e-07 | 181.2 | 0.10426440089941025,-0.004159209318459034,0.12954546511173248 | -0.04234693571925163,-1.888368010520935,3.775920777115971e-05 | 0,0
5190 | 173.0000090226531 | 136.1129608154297,218.01513671875,0.17448417842388153 | -0.020334448665380478,-1.1600903272628784,-2.1644797016051598e-05 | 181.0 | 1.5165961980819702,0.000268634146777913,0.06448661535978317 | 0.14185240864753723,8.997756004333496,-0.000320953200571239 | 0,0
5200 | 173.33334237337112 | 136.1119842529297,217.9696044921875,0.17505553364753723 | -1.583956145623233e-05,0.001688829972408712,3.379258487257175e-05 | 0 | -0.9707300066947937,0.011488491669297218,0.00024497072445228696 | -0.0003838131669908762,0.0005264393403194845,0.00016820011660456657 | 0,0
5210 | 173.66667572408915 | 136.11196899414062,217.96827697753906,0.17278693616390228 | 4.395308678795118e-06,0.0005838480428792536,5.587599844147917e-06 | 0 | -0.3179035186767578,0.0014004419790580869,-1.3294571544975042e-05 | 0.0007832907722331583,-0.002960788318887353,-4.290819197194651e-05 | 0,0
5220 | 174.00000907480717 | 136.11196899414062,217.96795654296875,0.17235758900642395 | 1.0111501751453034e-06,0.00010048795957118273,-1.106077775148151e-06 | 0 | -0.05403776839375496,0.0003949375241063535,-2.5913398076227168e-06 | -4.0647555579198524e-06,-6.983281491557136e-05,-5.721084903598239e-07 | 0,0
5230 | 174.3333424255252 | 136.11196899414062,217.96788024902344,0.1722506731748581 | 1.1818990941492302e-07,2.033022428804543e-05,-3.814061599882734e-08 | 0 | -0.010883701965212822,4.491287108976394e-05,-6.026899654898443e-07 | -2.336704937988543e-06,9.381520794704556e-05,-4.004764377896208e-06 | 0,0
5240 | 174.6666757762432 | 136.11196899414062,217.96786499023438,0.1722201108932495 | 0.0,0.0,0.0 | 0 | 0.0,0.0,0.0 | -5.0475923671911005e-06,-0.0003342294949106872,3.7187099223956466e-05 | 0,0
5250 | 175.00000912696123 | 136.11196899414062,217.9678497314453,0.17221157252788544 | -1.038062702463094e-08,2.956015350719099e-06,-7.818825906724669e-07 | 0 | -0.0015858071856200695,-5.919460363656981e-06,-6.68569484219006e-08 | -6.777498242627189e-07,-1.1479120985313784e-05,-1.0297964763594791e-05 | 0,0
5260 | 175.33334247767925 | 136.11196899414062,217.9678497314453,0.1722094714641571 | 1.786715309037845e-08,8.610948611931235e-07,-1.1251480600549257e-06 | 0 | -0.00046146323438733816,5.415462965174811e-06,-2.3550754235657223e-08 | 5.032752525835349e-08,-1.4807396837568376e-06,-1.8307491700397804e-05 | 0,0
5270 | 175.66667582839727 | 136.11196899414062,217.9678497314453,0.1722094714641571 | -1.1195461224744463e-09,2.3713984376172448e-07,-1.7163276311293885e-07 | 0 | -0.00012690537550952286,-1.5652268530175206e-06,-6.7986953844467735e-09 | -1.1021483281581368e-08,6.420992235689482e-07,2.002382097998634e-05 | 0,0
5280 | 176.0000091791153 | 136.11196899414062,217.9678497314453,0.17220844328403473 | -2.1945503192455362e-09,6.419909936994372e-08,-1.7163276311293885e-07 | 0 | -3.424191163503565e-05,-1.753336960064189e-06,-2.297557255559468e-09 | -1.2509192792720114e-08,7.557563890259189e-07,-2.2884369172970764e-06 | 0,0
5290 | 176.33334252983332 | 136.11196899414062,217.9678497314453,0.17220844328403473 | 0.0,0.0,0.0 | 0 | 0.0,0.0,0.0 | -1.1765298495447496e-06,-5.681294510395674e-07,2.116803989338223e-05 | 0,0
5300 | 176.66667588055134 | 136.11196899414062,217.9678497314453,0.17220844328403473 | -1.0999608335282574e-08,-2.5566676553623324e-10,-3.623358395543619e-07 | 0 | 1.2202124821669713e-07,-7.430013738485286e-06,-1.2355301504118898e-10 | -9.746844398250687e-07,-4.3577156816354545e-07,3.4326553759456147e-06 | 0,0
5310 | 177.00000923126936 | 136.11196899414062,217.9678497314453,0.17220844328403473 | 4.580326784520139e-09,7.161298221092238e-09,-5.530388875740755e-07 | 0 | -3.8191210478544235e-06,3.1685531212133355e-06,-2.3290458450730966e-10 | 3.966813366673705e-08,1.1114668296841046e-08,-2.2884357804286992e-06 | 0,0
5320 | 177.33334258198738 | 136.11196899414062,217.9678497314453,0.17220844328403473 | -5.695473426214903e-09,-5.648437273464424e-10,-3.623358395543619e-07 | 0 | 2.818966606810136e-07,-4.063723736180691e-06,4.6611752652081506e-11 | -3.269316550813528e-08,-3.4079021826727285e-09,-2.288436689923401e-06 | 0,0
5330 | 177.6666759327054 | 136.11196899414062,217.9678497314453,0.17220844328403473 | 3.5945537657511295e-09,9.253601218617291e-10,-1.7163276311293885e-07 | 0 | -4.827677457797108e-07,2.4545884116378147e-06,-6.531224172601213e-11 | 3.958028216288767e-08,1.1116798148691487e-08,-2.2884369172970764e-06 | 0,0
5340 | 178.00000928342342 | 136.11196899414062,217.9678497314453,0.17220844328403473 | 0.0,0.0,0.0 | 0 | 0.0,0.0,0.0 | -8.472144230609047e-08,-6.063655688670622e-10,2.5744913727976382e-05 | 0,0
5350 | 178.33334263414145 | 136.11196899414062,217.9678497314453,0.17220844328403473 | -1.6354033682830504e-09,-1.2779517444272415e-09,-7.437419640154985e-07 | 0 | 6.805974521739699e-07,-1.0290167438142817e-06,6.189116580346266e-11 | -3.271206239219282e-08,-3.407470750005359e-09,-2.2884357804286992e-06 | 0,0
5360 | 178.66667598485947 | 136.11196899414062,217.9678497314453,0.17220844328403473 | -7.787724909391613e-10,-9.666312195122373e-10,-5.530388875740755e-07 | 0 | 5.126156565893325e-07,-6.391251758941507e-07,1.9514764804107188e-11 | 2.0991363314237788e-08,-4.262560082679556e-09,-2.2884357804286992e-06 | 0,0
5370 | 179.0000093355775 | 136.11196899414062,217.9678497314453,0.17220844328403473 | -6.780151995400274e-10,1.7026644538731261e-09,-3.623358395543619e-07 | 0 | -9.125089377448603e-07,-3.4783630553647527e-07,-1.2530424614576319e-11 | -3.269740389555409e-08,4.274996801001407e-09,-2.288436689923401e-06 | 0,0
5380 | 179.3333426862955 | 136.11196899414062,217.9678497314453,0.17220844328403473 | -7.68298619169272e-11,-4.564296163245274e-10,-2.479139880051662e-07 | 0 | 2.4220315708589624e-07,-1.1677600753046136e-07,5.2824732435508e-12 | 2.0844344916781665e-08,-4.259507413451047e-09,-2.288436689923401e-06 | 0,0
5390 | 179.66667603701353 | 136.11196899414062,217.9678497314453,0.17220844328403473 | 0.0,0.0,0.0 | 0 | 0.0,0.0,0.0 | -2.1564401819773593e-08,4.531272779217943e-08,2.5744913727976382e-05 | 0,0
5400 | 180.00000938773155 | 136.11196899414062,217.9678497314453,0.17220844328403473 | -2.682053690250541e-09,8.207015622652136e-10,-7.437419640154985e-07 | 0 | -4.520947527453245e-07,-2.039745140791638e-06,-3.2332636568099815e-11 | -2.022928269340696e-09,-3.9060434886550865e-09,-2.2884357804286992e-06 | 0,0
5410 | 180.33334273844957 | 136.11196899414062,217.9678497314453,0.17220844328403473 | 3.5817510068980596e-10,-9.828092784047726e-10,-5.530388875740755e-07 | 0 | 5.306935690896353e-07,4.5832692308067635e-07,5.2527242971889265e-11 | -3.389631686445682e-08,-3.3834199886229044e-09,-2.2884357804286992e-06 | 0,0
5420 | 180.6666760891676 | 136.11196899414062,217.9678497314453,0.17220844328403473 | 5.405723646489946e-10,1.1632139695905153e-09,-3.623358395543619e-07 | 0 | -6.181147114148189e-07,5.870488166692667e-07,-5.148079879058187e-12 | -3.3466637461287974e-08,-3.3950706690433208e-09,-2.288436689923401e-06 | 0,0
5430 | 181.00000943988562 | 136.11196899414062,217.9678497314453,0.17220844328403473 | 1.0178765608159779e-09,-3.429352080086545e-10,-1.7163276311293885e-07 | 0 | 1.8583622818368895e-07,6.966322985135776e-07,3.3685808049216392e-12 | 1.1198834748427089e-08,-4.0778123100437824e-09,-2.2884369172970764e-06 | 0,0
5440 | 181.33334279060364 | 136.11196899414062,217.9678497314453,0.17220844328403473 | 0.0,0.0,0.0 | 0 | 0.0,0.0,0.0 | 2.583566427460937e-08,2.892557304789989e-08,2.5744913727976382e-05 | 0,0
5450 | 181.66667614132166 | 136.11196899414062,217.9678497314453,0.17220844328403473 | -8.051989630608603e-10,6.616053815911016e-10,-8.200231604860164e-07 | 0 | -3.59770126578951e-07,-6.684777531518193e-07,-2.1773253339185672e-11 | 1.1194623006360871e-08,-4.077777671085414e-09,-2.2884357804286992e-06 | 0,0
5460 | 182.00000949203968 | 136.11196899414062,217.9678497314453,0.17220844328403473 | 1.8611790997269395e-09,-1.0059501009962446e-09,-5.530388875740755e-07 | 0 | 5.486618306349555e-07,1.5503736676691915e-06,5.940357927780582e-11 | -1.947694272530498e-08,-3.5795879593791824e-09,-2.2884357804286992e-06 | 0,0
5470 | 182.3333428427577 | 136.11196899414062,217.9678497314453,0.17220844328403473 | 1.05601127842192e-09,1.1879761063759986e-10,-3.623358395543619e-07 | 0 | -5.6346983967614506e-08,8.140003160406195e-07,-1.0168383496322875e-11 | -4.755448923532413e-09,1.1798390708861461e-08,-2.288436689923401e-06 | 0,0
5480 | 182.66667619347572 | 136.11196899414062,217.9678497314453,0.17220844328403473 | 1.0178765608159779e-09,-3.429352080086545e-10,-1.7163276311293885e-07 | 0 | 1.8583622818368895e-07,6.966322985135776e-07,3.3680465100910384e-12 | 1.1198834748427089e-08,-4.0778123100437824e-09,-2.2884369172970764e-06 | 0,0
5490 | 183.00000954419374 | 136.11196899414062,217.9678497314453,0.17220844328403473 | 0.0,0.0,0.0 | 0 | 0.0,0.0,0.0 | -7.048269168308252e-08,2.245843866433006e-08,2.5744913727976382e-05 | 0,0
5500 | 183.33334289491177 | 136.11196899414062,217.9678497314453,0.17220844328403473 | 2.5904948325328192e-11,1.039616281950373e-09,-7.437419640154985e-07 | 0 | -5.588390763477946e-07,-4.913692563945915e-08,-3.265477818703566e-11 | 1.119438675090123e-08,-4.077827853166127e-09,-2.2884357804286992e-06 | 0,0
5510 | 183.6666762456298 | 136.11196899414062,217.9678497314453,0.17220844328403473 | -4.2302709946095973e-11,-9.778960974315964e-10,-5.530388875740755e-07 | 0 | 5.216031695454149e-07,-9.286483049208982e-08,2.132362689200029e-11 | 1.1212495820700497e-08,-4.078065884982607e-09,-2.2884357804286992e-06 | 0,0
5520 | 184.0000095963478 | 136.11196899414062,217.9678497314453,0.17220844328403473 | -2.943309485026191e-11,-1.3160293688141422e-10,-3.623358395543619e-07 | 0 | 6.832134147316538e-08,-8.628177994296493e-08,-1.3005099384552632e-12 | 1.1196636506838331e-08,-4.07779099376171e-09,-2.288436689923401e-06 | 0,0
5530 | 184.33334294706583 | 136.11196899414062,217.9678497314453,0.17220844328403473 | -1.8160128956168364e-09,2.2775879793268672e-10,-1.7163276311293885e-07 | 0 | -1.2648203551179904e-07,-1.3286944522405975e-06,-1.1882226973181087e-11 | 1.9431054543161963e-09,1.1850681325142887e-08,-2.2884369172970764e-06 | 0,0
5540 | 184.66667629778385 | 136.11196899414062,217.9678497314453,0.17220844328403473 | 0.0,0.0,0.0 | 0 | 0.0,0.0,0.0 | -1.24762982167681e-08,1.391909609793629e-08,2.5744913727976382e-05 | 0,0
5550 | 185.00000964850187 | 136.11196899414062,217.9678497314453,0.17220844328403473 | 7.287425107804779e-10,-1.1724328105588988e-11,-7.437419640154985e-07 | 0 | 1.20455299068567e-08,7.320380746023147e-07,2.5867365541221155e-11 | -3.278916338445015e-08,-3.405983939330781e-09,-2.2884357804286992e-06 | 0,0
5560 | 185.3333429992199 | 136.11196899414062,217.9678497314453,0.17220844328403473 | 3.421705141448683e-10,8.394638872921689e-10,-5.530388875740755e-07 | 0 | -4.5032783191345516e-07,1.87474427093548e-07,-2.7354144990776597e-11 | 1.0424592744584515e-08,-4.064946601545216e-09,-2.2884357804286992e-06 | 0,0
5570 | 185.66667634993792 | 136.11196899414062,217.9678497314453,0.17220844328403473 | 4.87731466325414e-10,-6.604170543766941e-10,-3.623358395543619e-07 | 0 | 3.53721191004297e-07,3.018887753114541e-07,1.2300748961080465e-11 | 1.1323854742784079e-08,-4.080390691996172e-09,-2.288436689923401e-06 | 0,0
5580 | 186.00000970065594 | 136.11196899414062,217.9678497314453,0.17220844328403473 | -2.024950429557748e-09,2.256296399716362e-10,-1.7163276311293885e-07 | 0 | -1.2643670288525755e-07,-1.3256027386887581e-06,2.2304012803342488e-11 | -3.346578125729138e-08,-3.3950353639511377e-09,-2.2884369172970764e-06 | 0,0
5590 | 186.33334305137396 | 136.11196899414062,217.9678497314453,0.17220844328403473 | 0.0,0.0,0.0 | 0 | 0.0,0.0,0.0 | -2.799282938781289e-08,2.9783480570699794e-08,2.5744913727976382e-05 | 0,0
5600 | 186.66667640209198 | 136.11196899414062,217.9678497314453,0.17220844328403473 | -9.928952104942823e-10,2.7501786958872287e-10,-7.437419640154985e-07 | 0 | -1.4863880437587795e-07,-5.547135515371338e-07,1.9773469320250037e-11 | -3.26941176354012e-08,-3.4079370436757017e-09,-2.2884357804286992e-06 | 0,0
5610 | 187.00000975281 | 136.11192321777344,217.9663848876953,0.17217548191547394 | -0.0009939565788954496,-0.048227787017822266,-1.1823590284620877e-06 | 0 | -0.0970146507024765,0.0032459308858960867,0.000529447162989527 | -0.041303105652332306,-2.110729932785034,-2.0023819160996936e-05 | 0,0
5620 | 187.33334310352802 | 136.1107940673828,217.89617919921875,0.1714363396167755 | -0.007619734387844801,-0.5707846879959106,-3.794991243921686e-06 | 0 | -0.4104091227054596,-0.01627097651362419,0.12930791079998016 | -0.031245790421962738,-2.8127188682556152,-6.75088886055164e-05 | 0,0
5630 | 187.66667645424604 | 136.10369873046875,217.47561645507812,0.16982555389404297 | -0.03197411447763443,-1.9471142292022705,-1.1823590284620877e-05 | 180.9 | -0.31428760290145874,-0.007526973262429237,0.22362200915813446 | -0.061345525085926056,-3.775942087173462,1.0297980225004721e-05 | 0,0
5640 | 188.00000980496407 | 136.0902557373047,216.64498901367188,0.16987299919128418 | -0.038933370262384415,-2.9437191486358643,4.405240815685829e-06 | 180.8 | 0.12985515594482422,-0.028833622112870216,0.447542667388916 | 0.030801480636000633,-2.7291510105133057,-3.432664698266308e-06 | 0,0
5650 | 188.3333431556821 | 136.07765197753906,215.7040557861328,0.1727430373430252 | -0.018712561577558517,-1.9532865285873413,9.058396244654432e-06 | 180.5 | 1.680395245552063,0.021601436659693718,0.33540022373199463 | 0.09363887459039688,8.371699333190918,-0.00015790211909916252 | 0,0
5660 | 188.6666765064001 | 136.07240295410156,215.20494079589844,0.17333152890205383 | -0.013324616476893425,-1.730456829071045,1.2758035154547542e-05 | 180.4 | -0.9653294682502747,-0.008215181529521942,0.3274870812892914 | 0.03729100152850151,-3.1403050422668457,7.437419117195532e-05 | 0,0
5670 | 189.00000985711813 | 136.06590270996094,214.4256134033203,0.17068767547607422 | -0.013785202987492085,-2.818206310272217,-7.971388185978867e-06 | 180.3 | -0.329630047082901,-0.03388296812772751,0.5596072673797607 | 0.058605339378118515,-2.822277307510376,-2.0595920432242565e-05 | 0,0
5680 | 189.33334320783615 | 136.06060791015625,213.41561889648438,0.1716986745595932 | -0.003334340639412403,-2.561737537384033,1.1365903446858283e-05 | 180.1 | 1.4025918245315552,0.02742830477654934,0.5014556646347046 | 0.04424630478024483,7.423216819763184,5.721357752008771e-07 | 0,0
5690 | 189.66667655855417 | 136.0590057373047,212.7488555908203,0.17315398156642914 | 0.0004574376216623932,-2.1441609859466553,7.265786734933499e-06 | 180.0 | -0.7310572266578674,0.0010819658637046814,0.38702258467674255 | -0.04115442931652069,-2.761573553085327,7.151363388402387e-05 | 0,0
5700 | 190.0000099092722 | 136.05874633789062,211.86846923828125,0.1709526777267456 | 0.007297292351722717,-3.068568706512451,-5.492248419614043e-06 | 179.9 | -0.3419668972492218,-0.006640130653977394,0.510737419128418 | 0.013048987835645676,-2.6778743267059326,-2.688912718440406e-05 | 0,0
5710 | 190.33334325999022 | 136.06103515625,210.69259643554688,0.17042872309684753 | 0.018516864627599716,-3.9329302310943604,-4.195467681711307e-06 | 179.7 | -0.037341780960559845,-0.011980810202658176,0.5677059292793274 | 0.04677710682153702,-2.52704119682312,-4.805716889677569e-05 | 0,0
5720 | 190.66667661070824 | 136.06654357910156,209.38233947753906,0.17159858345985413 | 0.02527580037713051,-3.9220423698425293,4.595944119500928e-06 | 179.6 | 0.28794950246810913,0.0012853111838921905,0.42714574933052063 | 0.03649351745843887,0.06943701952695847,-4.17639639636036e-05 | 0,0
5730 | 191.00000996142626 | 136.074462890625,208.01670837402344,0.17124447226524353 | 0.03352892026305199,-4.535833358764648,-3.261022357037291e-06 | 179.6 | -0.4819590449333191,-0.03854931518435478,0.3453141450881958 | 0.17957857251167297,-3.0006263256073,-7.780684245517477e-05 | 0,0
5740 | 191.33334331214428 | 136.08587646484375,206.400390625,0.17125827074050903 | 0.038824547082185745,-5.00905179977417,0.014960484579205513 | 179.6 | 0.2385932207107544,0.03518551588058472,0.2009151726961136 | -0.06846840679645538,-0.5354833006858826,0.44883453845977783 | 0,0
5750 | 191.6666766628623 | 136.09730529785156,204.92466735839844,0.1731640249490738 | 0.0334685854613781,-4.149051189422607,-7.700590504100546e-05 | 179.5 | -0.07670897990465164,0.015711873769760132,0.08691038191318512 | -0.011367536149919033,-0.6239318251609802,0.004707314074039459 | 0,0
5760 | 192.00001001358032 | 136.10899353027344,203.47328186035156,0.17192092537879944 | 0.03777049481868744,-4.54693078994751,0.00010564950207481161 | 179.5 | -0.28714174032211304,-0.005583498626947403,0.0642315149307251 | 0.022824814543128014,-1.1508320569992065,-0.0004319423751439899 | 0,0
5770 | 192.33334336429834 | 136.12168884277344,201.9070281982422,0.1716286838054657 | 0.03917401283979416,-4.797784805297852,2.296064849360846e-05 | 179.5 | 0.04038446024060249,0.002682854887098074,0.014890143647789955 | -0.0018247960833832622,-0.4712676703929901,-0.00013158512592781335 | 0,0
5780 | 192.66667671501637 | 136.1347198486328,200.30679321289062,0.17202213406562805 | 0.03888678923249245,-4.7887420654296875,3.7187098769209115e-06 | 179.5 | 0.09495147317647934,0.0011217263527214527,0.00023297568259295076 | -0.0007804110064171255,0.08550166338682175,-2.4600700271548703e-05 | 0,0
5790 | 193.0000100657344 | 136.1471710205078,198.76918029785156,0.17305129766464233 | 0.03301369771361351,-4.106809616088867,-1.926101049321005e-06 | 179.5 | 0.7008756995201111,0.00913985539227724,-0.02173576131463051 | -0.031142456457018852,3.7173984050750732,-2.974967719637789e-05 | 0,0
5800 | 193.3333434164524 | 136.16250610351562,197.4347686767578,0.17266139388084412 | 0.10158506035804749,-4.162903308868408,5.187123861105647e-06 | 178.6 | -0.5412583947181702,-0.3432314097881317,1.7622342109680176 | 0.5358139276504517,-1.7085169553756714,4.576881565299118e-06 | 0,0
5810 | 193.66667676717043 | 136.33338928222656,195.98597717285156,0.17166446149349213 | 1.3644983768463135,-4.312417030334473,-0.00023366847017314285 | 162.4 | 0.413496196269989,-3.4110634326934814,29.882211685180664 | 6.3817009925842285,1.8721388578414917,-0.0015864588785916567 | 0,0
5820 | 194.00001011788845 | 136.85772705078125,194.57296752929688,0.1721322238445282 | 2.535268545150757,-3.888784408569336,-0.0001537066709715873 | 146.9 | 0.30975422263145447,-0.4143505096435547,41.23550033569336 | 2.462939977645874,0.976073682308197,0.000526912568602711 | 0,0
5830 | 194.33334346860647 | 137.71580505371094,193.31552124023438,0.17255759239196777 | 3.3949766159057617,-3.2199182510375977,1.8154933059122413e-05 | 133.5 | 0.24053670465946198,-0.1540510207414627,41.62520980834961 | 2.893395185470581,3.224966287612915,-0.0005028839223086834 | 0,0
5840 | 194.6666768193245 | 138.86260986328125,192.50076293945312,0.1739111691713333 | 4.120283603668213,-0.8268635869026184,-0.00041542755207046866 | 101.3 | 1.823940634727478,-0.8418471813201904,66.4032211303711 | -0.12029170244932175,9.966184616088867,-0.00023742437770124525 | 0,0
5850 | 195.00001017004251 | 140.182373046875,192.12445068359375,0.17272186279296875 | 4.574273109436035,-1.0578927993774414,0.0007211436750367284 | 103.0 | -5.480491638183594,1.446563959121704,29.41816520690918 | 2.2954413890838623,-6.255944728851318,-0.0019051244016736746 | 0,0
5860 | 195.33334352076054 | 141.7890625,191.71786499023438,0.17253738641738892 | 5.083441734313965,-0.420754075050354,0.0006615107995457947 | 94.7 | 3.5455830097198486,-0.7857850193977356,31.3441219329834 | 0.07517337054014206,7.171364784240723,-0.05011047050356865 | 0,0
5870 | 195.66667687147856 | 143.47032165527344,191.59176635742188,0.17276854813098907 | 5.108163833618164,-0.26524439454078674,0.0008702544146217406 | 93.0 | -3.602869987487793,0.5254424214363098,12.540855407714844 | -0.5842494368553162,-1.5202035903930664,-0.03181956708431244 | 0,0
5880 | 196.00001022219658 | 145.14808654785156,191.4978790283203,0.172841414809227 | 5.035334587097168,-0.1205841675400734,-0.00013084137754049152 | 91.4 | 0.22855055332183838,-0.008857028558850288,5.8025102615356445 | -0.629396378993988,0.670758068561554,-0.005315466318279505 | 0,0
5890 | 196.3333435729146 | 146.82464599609375,191.4574432373047,0.17254917323589325 | 5.0128374099731445,-0.02343212254345417,-0.012781701982021332 | 90.3 | -0.17238102853298187,0.009584052488207817,4.523877143859863 | 0.3076314628124237,0.1349845677614212,-0.3815625011920929 | 0,0
5900 | 196.66667692363262 | 148.5050506591797,191.44949340820312,0.17269381880760193 | 5.026953220367432,0.041973624378442764,-8.389028516830876e-05 | 89.5 | -0.08530539274215698,0.017646439373493195,1.6492178440093994 | -0.09721755236387253,-0.011007449589669704,-0.0005005956045351923 | 0,0
5910 | 197.00001027435064 | 150.1635284423828,191.4611358642578,0.17244231700897217 | 4.67383337020874,0.07257569581270218,-0.008300647139549255 | 89.1 | -0.12111980468034744,0.6330801248550415,1.7436429262161255 | -6.189279079437256,-0.048567648977041245,0.13262176513671875 | 0,0
5920 | 197.33334362506866 | 151.560302734375,191.4888458251953,0.1730271428823471 | 4.133730888366699,0.11713965982198715,0.0010528716957196593 | 88.4 | -0.11281526833772659,-0.445356547832489,1.6381678581237793 | 1.1526345014572144,0.09476422518491745,-0.0007025501108728349 | 0,0
5930 | 197.6666769757867 | 153.04132080078125,191.52554321289062,0.17150187492370605 | 4.722719669342041,0.1318417340517044,0.00030218809843063354 | 88.4 | -0.015059726312756538,-0.30331316590309143,0.8345237970352173 | 1.6389368772506714,0.1369204968214035,-0.0016144915716722608 | 0,0
5940 | 198.0000103265047 | 154.6747589111328,191.56893920898438,0.17147895693778992 | 4.974082946777344,0.14115355908870697,5.196658821660094e-05 | 88.4 | -0.007475694175809622,0.16794688999652863,0.42509716749191284 | 0.07907866686582565,0.03749057278037071,-0.0002420021191937849 | 0,0
5950 | 198.33334367722273 | 156.3201141357422,191.61587524414062,0.17212554812431335 | 4.887607097625732,0.14621633291244507,8.085810804914217e-06 | 88.3 | -0.014372162520885468,0.12868769466876984,0.30982255935668945 | -0.3264712989330292,-0.0003232061571907252,-8.009527664398775e-05 | 0,0
5960 | 198.66667702794075 | 157.72421264648438,191.65367126464844,0.1747104674577713 | 3.0454823970794678,0.06899521499872208,-2.4085798941086978e-05 | 88.7 | -0.05906262993812561,1.2671514749526978,-0.4439292550086975 | -9.156682014465332,-0.29593637585639954,-0.00024257432960439473 | 0,0
5970 | 199.00001037865877 | 158.4198455810547,191.66883850097656,0.17497576773166656 | 2.000556707382202,0.03530661761760712,3.40595688612666e-05 | 89.0 | 0.03139268979430199,-1.1796369552612305,-0.40840989351272583 | 1.9586061239242554,-0.013401432894170284,0.0002957804244942963 | 0,0
5980 | 199.3333437293768 | 159.2501983642578,191.68405151367188,0.17140471935272217 | 2.9215404987335205,0.04164036735892296,2.0977338976990723e-07 | 89.2 | -0.002231667283922434,-0.5761069655418396,-0.6540720462799072 | 2.708787679672241,0.03035031072795391,-6.178779585752636e-05 | 0,0
5990 | 199.66667708009481 | 160.18423461914062,191.6974639892578,0.1729864776134491 | 1.929329752922058,0.01811348833143711,-1.4684136431242223e-06 | 89.5 | 0.04671512916684151,1.5313458442687988,-0.5057430267333984 | -8.371492385864258,-0.06260985136032104,-0.0001613347849342972 | 0,0
6000 | 200.00001043081284 | 160.52816772460938,191.7012481689453,0.17404040694236755 | 1.2243846654891968,0.008607367053627968,2.6355164663982578e-05 | 89.6 | -0.00541635463014245,-1.2738393545150757,-0.6879400014877319 | 2.3954877853393555,0.02019546739757061,0.00018536331481300294 | 0,0
6010 | 200.33334378153086 | 161.14088439941406,191.7064208984375,0.17070983350276947 | 2.3853795528411865,0.010433075949549675,-7.513700893468922e-06 | 89.7 | -0.02904854528605938,-0.49803388118743896,-0.615512490272522 | 3.2386205196380615,-0.07188892364501953,-7.322997407754883e-05 | 0,0
6020 | 200.66667713224888 | 162.10166931152344,191.7117462158203,0.17026668787002563 | 3.210566520690918,0.005692289210855961,1.4302730733106728e-06 | 89.9 | 0.0051824417896568775,0.2638862431049347,-0.7233584523200989 | -0.019748209044337273,-0.017110005021095276,9.49701206991449e-05 | 0,0
6030 | 201.0000104829669 | 162.80886840820312,191.7136688232422,0.17498642206192017 | 0.816842794418335,-0.0009886055486276746,-3.322047632536851e-05 | 0 | 0.05319448933005333,1.3322999477386475,-0.174306258559227 | -8.61518669128418,0.01925533264875412,-0.00048343228991143405 | 0,0
6040 | 201.33334383368492 | 163.2259979248047,191.71389770507812,0.17226985096931458 | 1.808835506439209,-0.004135902039706707,1.6705589587218128e-05 | 90.1 | -0.027022987604141235,-1.0763263702392578,-0.5254778265953064 | 3.5065910816192627,-0.027363454923033714,-0.00015160892507992685 | 0,0
6050 | 201.66667718440294 | 163.99142456054688,191.71324157714844,0.17090484499931335 | 2.3017735481262207,-0.008797943592071533,1.220499711962475e-06 | 90.2 | 0.012017806060612202,0.7393811345100403,-0.4289300739765167 | -4.595338821411133,-0.02675441838800907,0.00010355176345910877 | 0,0
6060 | 202.00001053512096 | 164.25860595703125,191.71278381347656,0.17559756338596344 | -0.00045725840027444065,2.411676905467175e-05,-2.0061963368789293e-05 | 0 | -0.004442240111529827,-0.2606106102466583,-2.7186428269487806e-05 | -0.0212920680642128,0.001825365237891674,0.00046054794802330434 | 0,0
6070 | 202.33334388583899 | 164.2599639892578,191.71275329589844,0.17324519157409668 | -0.0008984014857560396,4.005137816420756e-05,1.310130119236419e-05 | 0 | -0.0066441926173865795,-0.4945612847805023,-7.319555606954964e-06 | 0.0033171973191201687,-0.00021218099573161453,-0.0001395946164848283 | 0,0
6080 | 202.666677236557 | 164.26039123535156,191.71275329589844,0.1725054532289505 | -0.00019795364642050117,2.753227818175219e-06,-1.0107263506142772e-06 | 0 | -0.0019169974839314818,-0.10684768855571747,1.0207307241216768e-05 | 0.00011662980978144333,-3.539041472322424e-06,-2.288439191033831e-06 | 0,0
6090 | 203.00001058727503 | 164.2605438232422,191.71275329589844,0.1722930520772934 | -4.061672734678723e-05,6.758100425940938e-07,8.772341288931784e-07 | 0 | -0.0004615737416315824,-0.021768907085061073,1.5095093885975075e-06 | -0.0001869711122708395,3.253556769777788e-06,1.5446947145392187e-05 | 0,0
6100 | 203.33334393799305 | 164.26058959960938,191.71275329589844,0.17223194241523743 | 0.0,0.0,0.0 | 0 | 0.0,0.0,0.0 | 0.0006697395583614707,-8.867412361723837e-06,-9.725856216391549e-06 | 0,0
6110 | 203.66667728871107 | 164.26060485839844,191.71275329589844,0.1722148060798645 | -5.904060344619211e-06,9.664216804594616e-08,0.0 | 0 | -7.030845154076815e-05,-0.003168454160913825,3.088168796239188e-07 | 2.3399437850457616e-05,-2.7326811959937913e-06,5.148982381797396e-06 | 0,0
6120 | 204.0000106394291 | 164.26060485839844,191.71275329589844,0.17221030592918396 | -1.700409939076053e-06,4.82816986391299e-08,1.3349215066682518e-07 | 0 | -3.218827987438999e-05,-0.0009117457084357738,8.202369627952066e-08 | 5.095491360407323e-06,6.187167400639737e-07,-1.0870073310798034e-05 | 0,0
6130 | 204.3333439901471 | 164.26060485839844,191.71275329589844,0.17220927774906158 | -4.3983905584354943e-07,-3.7001221642185556e-08,-1.907030799941367e-08 | 0 | 1.0920736713160295e-05,-0.0002358849160373211,2.5053614294279214e-08 | 4.4142777255729015e-07,-1.016638520923152e-06,-2.2884369172970764e-06 | 0,0
6140 | 204.66667734086514 | 164.26060485839844,191.71275329589844,0.17220927774906158 | -9.617360774427652e-08,-3.4570496465491374e-10,4.386170644465892e-07 | 0 | 2.69269349928436e-07,-5.1214701670687646e-05,1.4594950803470397e-09 | -4.473978094665654e-07,1.894209589181628e-08,1.2586401680891868e-05 | 0,0
6150 | 205.00001069158316 | 164.26060485839844,191.71275329589844,0.1722082495689392 | 0.0,0.0,0.0 | 0 | 0.0,0.0,0.0 | 1.1559714039321989e-06,1.8212553243301954e-07,-1.8879603885579854e-05 | 0,0
6160 | 205.33334404230118 | 164.26060485839844,191.71275329589844,0.1722082495689392 | 4.737227943252265e-09,-1.3418920419283609e-09,7.818825906724669e-07 | 0 | 9.207547577716468e-07,2.125757873727707e-06,3.2787221826424684e-09 | -7.80432998226388e-08,-9.420063840082094e-09,1.1442186860222137e-06 | 0,0
6170 | 205.6666773930192 | 164.26060485839844,191.71275329589844,0.1722082495689392 | 2.9568307802207983e-09,-1.794280457545483e-08,4.0047643778962083e-07 | 0 | 7.962240488268435e-06,1.3668733345184592e-06,2.976527690989883e-09 | -2.482038397033648e-08,-1.2272880667296704e-07,0.0 | 0,0
6180 | 206.00001074373722 | 164.26060485839844,191.71275329589844,0.1722082495689392 | -2.623552042280153e-09,9.57408996526965e-09,1.907030799941367e-08 | 0 | -6.83255166222807e-06,-1.4016679870110238e-06,4.607969908421161e-11 | -1.5702072531098565e-08,5.4955371808773634e-08,0.0 | 0,0
6190 | 206.33334409445524 | 164.26060485839844,191.71275329589844,0.1722082495689392 | -6.423278020584178e-10,-7.976722393721047e-09,1.907030799941367e-08 | 0 | 5.453280664369231e-06,-3.42988528245769e-07,7.366372789530118e-11 | -7.67854491101616e-09,-8.779930738000985e-08,0.0 | 0,0
6200 | 206.66667744517326 | 164.26060485839844,191.71275329589844,0.1722082495689392 | 0.0,0.0,0.0 | 0 | 0.0,0.0,0.0 | -1.171678647438057e-07,7.778643507094785e-09,-5.721092293242691e-07 | 0,0
6210 | 207.00001079589128 | 164.26060485839844,191.71275329589844,0.1722082495689392 | -1.9626908986936087e-09,4.530170460981253e-09,1.907030799941367e-08 | 0 | -3.8861944631207734e-06,-1.049964907906542e-06,1.4031166506445203e-10 | -7.689658687581868e-09,-8.957898955941346e-08,0.0 | 0,0
6220 | 207.3333441466093 | 164.26060485839844,191.71275329589844,0.1722082495689392 | 3.795367131687044e-09,-7.536862689505597e-09,1.907030799941367e-08 | 0 | 5.751381195295835e-06,2.0280999706301372e-06,-1.3873634185923578e-10 | 2.3400373194704116e-08,2.3036184515490277e-08,0.0 | 0,0
6230 | 207.66667749732733 | 164.26060485839844,191.71275329589844,0.1722082495689392 | -2.6235522643247577e-09,9.57408996526965e-09,1.907030799941367e-08 | 0 | -6.83255166222807e-06,-1.4016679870110238e-06,4.606257389405677e-11 | -1.5702077860169084e-08,5.4955371808773634e-08,0.0 | 0,0
6240 | 208.00001084804535 | 164.26060485839844,191.71275329589844,0.1722082495689392 | 1.9646024806974083e-09,-2.005296151352809e-09,0.0 | 0 | 1.3694119616047828e-06,1.0473423799339798e-06,-2.1074343659055472e-11 | 2.3462582987576752e-08,-2.2078923578305876e-08,0.0 | 0,0
6250 | 208.33334419876337 | 164.26060485839844,191.71275329589844,0.1722082495689392 | 0.0,0.0,0.0 | 0 | 0.0,0.0,0.0 | -7.774337973387446e-08,7.214744357497693e-08,-2.8605456918739947e-06 | 0,0
6260 | 208.6666775494814 | 164.26060485839844,191.71275329589844,0.1722082495689392 | -3.2475517830476974e-09,1.7407236763133938e-09,9.535153111528416e-08 | 0 | -1.4235192793421447e-06,-1.744731548569689e-06,2.087850864418428e-10 | 2.3464648890580975e-08,-2.2552042011625417e-08,0.0 | 0,0
6270 | 209.0000109001994 | 164.26060485839844,191.71275329589844,0.1722082495689392 | 4.5638368639799864e-09,-3.349161614707441e-09,0.0 | 0 | 2.5182625904562883e-06,2.4431349174847128e-06,-1.876819394341922e-10 | 7.80427633628733e-09,3.6299894201619054e-09,0.0 | 0,0
6280 | 209.33334425091743 | 164.26060485839844,191.71275329589844,0.1722082495689392 | -4.568142308869483e-09,4.03531652537481e-09,2.0977338976990723e-07 | 0 | -2.740355284913676e-06,-2.4433711587334983e-06,1.1029820112806732e-10 | -2.7114568368347136e-08,3.5168238099458904e-08,1.1442186860222137e-06 | 0,0
6290 | 209.66667760163546 | 164.26060485839844,191.71275329589844,0.1722082495689392 | 1.9646024806974083e-09,-2.005296373397414e-09,0.0 | 0 | 1.3694119616047828e-06,1.0473423799339798e-06,-2.107446162025184e-11 | 2.346258654029043e-08,-2.2078930683733233e-08,0.0 | 0,0
6300 | 210.00001095235348 | 164.26060485839844,191.71275329589844,0.1722082495689392 | 0.0,0.0,0.0 | 0 | 0.0,0.0,0.0 | -5.835474325976975e-08,-2.6784688245129473e-08,-5.721092293242691e-07 | 0,0
6310 | 210.3333443030715 | 164.26060485839844,191.71275329589844,0.1722082495689392 | -2.3361135248478604e-09,1.555870321467978e-09,5.7210922221884175e-08 | 0 | -1.2842534715673537e-06,-1.2564790949909366e-06,1.698354373802502e-10 | 2.3653070613249838e-08,-2.779290575460891e-08,0.0 | 0,0
6320 | 210.66667765378952 | 164.26060485839844,191.71275329589844,0.1722082495689392 | 4.0418997038216276e-09,-2.4928767938803276e-09,0.0 | 0 | 1.879187834674667e-06,2.163554427170311e-06,-1.6435679206505682e-10 | 7.80424969093474e-09,3.619411215183277e-09,0.0 | 0,0
6330 | 211.00001100450754 | 164.26060485839844,191.71275329589844,0.1722082495689392 | -3.919220503689758e-09,3.5611775750510333e-09,9.535153111528416e-08 | 0 | -2.9312525384739274e-06,-2.0949125882907538e-06,1.9512200188920303e-10 | -1.957459438983733e-08,-2.6611472137005876e-08,0.0 | 0,0
6340 | 211.33334435522556 | 164.26060485839844,191.71275329589844,0.1722082495689392 | 1.9646024806974083e-09,-2.005296151352809e-09,0.0 | 0 | 1.3694119616047828e-06,1.0473423799339798e-06,-2.1073543951533047e-11 | 2.346258654029043e-08,-2.2078923578305876e-08,0.0 | 0,0
6350 | 211.66667770594358 | 164.26060485839844,191.71275329589844,0.1722082495689392 | 0.0,0.0,0.0 | 0 | 0.0,0.0,0.0 | -3.892847999509286e-08,3.899676670471308e-08,-4.004764377896208e-06 | 0,0
6360 | 212.0000110566616 | 164.26060485839844,191.71275329589844,0.1722082495689392 | -2.9983846516756785e-09,8.257275418976917e-10,1.7163276311293885e-07 | 0 | -1.1111774256278295e-06,-1.6049164059950272e-06,1.872921401302463e-10 | -7.842333005214641e-09,-1.0817178264233007e-07,0.0 | 0,0
6370 | 212.33334440737963 | 164.26060485839844,191.71275329589844,0.1722082495689392 | 3.253023184157655e-09,-5.600298891295097e-09,1.907030799941367e-08 | 0 | 3.8279649743344635e-06,1.7472268609708408e-06,-1.4298766337628166e-10 | -2.3691100636824558e-08,-7.675784274852049e-08,5.721092293242691e-07 | 0,0
6380 | 212.66667775809765 | 164.26060485839844,191.71275329589844,0.1722082495689392 | -3.919524260709295e-09,3.507752754927651e-09,9.535153111528416e-08 | 0 | -2.9320467547222506e-06,-2.0949146346538328e-06,1.8225690401330041e-10 | -3.1250113607939056e-08,-6.130247953706203e-08,1.1442182312748628e-06 | 0,0
6390 | 213.00001110881567 | 164.26060485839844,191.71275329589844,0.1722082495689392 | 1.9646024806974083e-09,-2.005296373397414e-09,0.0 | 0 | 1.3694119616047828e-06,1.0473423799339798e-06,-2.1074347128502424e-11 | 2.346258654029043e-08,-2.2078930683733233e-08,0.0 | 0,0
6400 | 213.3333444595337 | 164.26060485839844,191.71275329589844,0.1722082495689392 | 0.0,0.0,0.0 | 0 | 0.0,0.0,0.0 | -4.668920539074861e-08,6.082873316159976e-09,-1.7163275742859696e-06 | 0,0
6410 | 213.6666778102517 | 164.26060485839844,191.71275329589844,0.1722082495689392 | -2.4675568255361213e-09,2.410154298360112e-09,1.7163276311293885e-07 | 0 | -1.9221959064452676e-06,-1.3268702332425164e-06,1.7614522340725358e-10 | 2.365306528417932e-08,-2.7793065626724456e-08,0.0 | 0,0
6420 | 214.00001116096973 | 164.26060485839844,191.71275329589844,0.1722082495689392 | 4.302868727990017e-09,-2.921016983847835e-09,0.0 | 0 | 2.1987248146615457e-06,2.303344672327512e-06,-1.7601604895833844e-10 | 7.804263013611035e-09,3.6206235787261676e-09,0.0 | 0,0
6430 | 214.33334451168776 | 164.26060485839844,191.71275329589844,0.1722082495689392 | -3.388740621446118e-09,5.092139154783126e-09,1.3349215066682518e-07 | 0 | -3.743038178072311e-06,-1.8168663018514053e-06,1.6976167693805166e-10 | -3.661024594592277e-09,1.912342106891174e-08,0.0 | 0,0
6440 | 214.66667786240578 | 164.26060485839844,191.71275329589844,0.1722082495689392 | 1.9646024806974083e-09,-2.005296373397414e-09,0.0 | 0 | 1.3694119616047828e-06,1.0473423799339798e-06,-2.1074376618801516e-11 | 2.346258654029043e-08,-2.2078930683733233e-08,0.0 | 0,0
6450 | 215.0000112131238 | 164.26060485839844,191.71275329589844,0.1722082495689392 | 0.0,0.0,0.0 | 0 | 0.0,0.0,0.0 | -4.668920539074861e-08,6.082873316159976e-09,-1.7163275742859696e-06 | 0,0
6460 | 215.33334456384182 | 164.26060485839844,191.71275329589844,0.1722082495689392 | -2.3367592305589824e-09,1.9799910599971327e-09,9.535153111528416e-08 | 0 | -1.6030528513510944e-06,-1.256808445759816e-06,1.692618267767898e-10 | 2.3464496123892786e-08,-2.2578857894473003e-08,0.0 | 0,0
6470 | 215.66667791455984 | 164.26060485839844,191.71275329589844,0.1722082495689392 | 3.264799985913669e-09,-5.118165447015599e-09,1.907030799941367e-08 | 0 | 3.83510405299603e-06,1.7472020772402175e-06,-1.3612606875046396e-10 | 8.157567066291449e-09,1.808461291830099e-08,0.0 | 0,0
6480 | 216.00001126527786 | 164.26060485839844,191.71275329589844,0.1722082495689392 | -3.919524260709295e-09,3.507752754927651e-09,9.535153111528416e-08 | 0 | -2.9320467547222506e-06,-2.0949146346538328e-06,1.8225702891339068e-10 | -3.1250113607939056e-08,-6.130247953706203e-08,1.1442182312748628e-06 | 0,0
6490 | 216.33334461599588 | 164.26060485839844,191.71275329589844,0.1722082495689392 | 1.9646024806974083e-09,-2.005296373397414e-09,0.0 | 0 | 1.3694119616047828e-06,1.0473423799339798e-06,-2.107440437437713e-11 | 2.346258654029043e-08,-2.2078930683733233e-08,0.0 | 0,0
6500 | 216.6666779667139 | 164.26060485839844,191.71275329589844,0.1722082495689392 | 0.0,0.0,0.0 | 0 | 0.0,0.0,0.0 | -4.668920183803493e-08,6.082873316159976e-09,-1.7163275742859696e-06 | 0,0
6510 | 217.00001131743193 | 164.26060485839844,191.71275329589844,0.1722082495689392 | -2.4675568255361213e-09,2.410154298360112e-09,1.7163276311293885e-07 | 0 | -1.9221959064452676e-06,-1.3268702332425164e-06,1.761491508212032e-10 | 2.365306528417932e-08,-2.7793065626724456e-08,0.0 | 0,0
6520 | 217.33334466814995 | 164.26060485839844,191.71275329589844,0.1722082495689392 | 4.302868727990017e-09,-2.921016983847835e-09,0.0 | 0 | 2.1987248146615457e-06,2.303344672327512e-06,-1.760161461028531e-10 | 7.804263013611035e-09,3.6206235787261676e-09,0.0 | 0,0
6530 | 217.66667801886797 | 164.26060485839844,191.71275329589844,0.1722082495689392 | -3.388740843490723e-09,5.092139154783126e-09,1.3349215066682518e-07 | 0 | -3.743038178072311e-06,-1.8168663018514053e-06,1.6976141326008332e-10 | -3.6610312559304248e-09,1.912342106891174e-08,0.0 | 0,0
6540 | 218.000011369586 | 164.26060485839844,191.71275329589844,0.1722082495689392 | 1.9646024806974083e-09,-2.005296373397414e-09,0.0 | 0 | 1.3694119616047828e-06,1.0473423799339798e-06,-2.1074432129952747e-11 | 2.346258654029043e-08,-2.2078930683733233e-08,0.0 | 0,0
6550 | 218.333344720304 | 164.26060485839844,191.71275329589844,0.1722082495689392 | 0.0,0.0,0.0 | 0 | 0.0,0.0,0.0 | -4.668920539074861e-08,6.082873316159976e-09,-1.7163275742859696e-06 | 0,0
6560 | 218.66667807102203 | 164.26060485839844,191.71275329589844,0.1722082495689392 | -2.3367592305589824e-09,1.9799910599971327e-09,9.535153111528416e-08 | 0 | -1.6030528513510944e-06,-1.256808445759816e-06,1.6926160473218488e-10 | 2.3464496123892786e-08,-2.257886322354352e-08,0.0 | 0,0
6570 | 219.00001142174006 | 164.26060485839844,191.71275329589844,0.1722082495689392 | 3.522882430218033e-09,-3.58785912091264e-09,1.907030799941367e-08 | 0 | 2.697428271858371e-06,1.8854835843740148e-06,-1.4254528113433196e-10 | 7.805149415673895e-09,3.813768856275601e-09,0.0 | 0,0
6580 | 219.33334477245808 | 164.26060485839844,191.71275329589844,0.1722082495689392 | -3.5163401079785217e-09,3.0398272787834912e-09,1.3349215066682518e-07 | 0 | -2.287583583893138e-06,-1.8850872720577172e-06,1.5362471017521528e-10 | -7.2359713776393164e-09,-2.9390827549491405e-08,0.0 | 0,0
6590 | 219.6666781231761 | 164.26060485839844,191.71275329589844,0.1722082495689392 | 1.9646024806974083e-09,-2.005296373397414e-09,0.0 | 0 | 1.3694119616047828e-06,1.0473423799339798e-06,-2.1074088654704504e-11 | 2.346258654029043e-08,-2.2078930683733233e-08,0.0 | 0,0
6600 | 220.00001147389412 | 164.26060485839844,191.71275329589844,0.1722082495689392 | -3.5163401079785217e-09,3.0398272787834912e-09,1.3349215066682518e-07 | 0 | -2.287583583893138e-06,-1.8850872720577172e-06,1.5362452976397378e-10 | -7.2359713776393164e-09,-2.9390827549491405e-08,0.0 | 0,0
6610 | 220.33334482461214 | 164.26060485839844,191.71275329589844,0.1722082495689392 | -1.4259727842969028e-09,2.2193666904257725e-09,1.3349215066682518e-07 | 0 | -1.782601998456812e-06,-7.688889240853314e-07,1.2979051167150146e-10 | 2.346356708926578e-08,-2.2773027907874166e-08,0.0 | 0,0
6620 | 220.66667817533016 | 164.26060485839844,191.71275329589844,0.1722082495689392 | 3.261915404451088e-09,-3.1596052441074107e-09,1.907030799941367e-08 | 0 | 2.377881628490286e-06,1.7456939076510025e-06,-1.3079441696373095e-10 | 7.804283441714688e-09,3.6194445218740157e-09,0.0 | 0,0
6630 | 221.00001152604818 | 164.26060485839844,191.71275329589844,0.1722082495689392 | -2.735380810747756e-09,3.3281630784642857e-09,9.535153111528416e-08 | 0 | -2.466780870236107e-06,-1.4668933090433711e-06,1.3217284211552993e-10 | 8.147708285832778e-09,1.5096055960839294e-08,0.0 | 0,0
6640 | 221.3333448767662 | 164.26060485839844,191.71275329589844,0.1722082495689392 | 1.9646024806974083e-09,-2.005296151352809e-09,0.0 | 0 | 1.3694119616047828e-06,1.0473423799339798e-06,-2.107360293213123e-11 | 2.346258654029043e-08,-2.2078923578305876e-08,0.0 | 0,0
6650 | 221.66667822748423 | 164.26060485839844,191.71275329589844,0.1722082495689392 | -5.299625738253155e-10,2.2403838784157415e-09,1.907030799941367e-08 | 0 | -1.3617001286547747e-06,-2.803146799124079e-07,-5.2724848792484735e-11 | -1.589887688169256e-08,6.721150924704489e-08,5.721092293242691e-07 | 0,0
6660 | 222.00001157820225 | 164.26060485839844,191.71275329589844,0.1722082495689392 | -1.556769713140227e-09,2.649408248345253e-09,1.7163276311293885e-07 | 0 | -2.1017297058278928e-06,-8.389498020733299e-07,1.3659352815498238e-10 | 2.3652981795407868e-08,-2.779302654687399e-08,0.0 | 0,0
6670 | 222.33334492892027 | 164.26060485839844,191.71275329589844,0.1722082495689392 | 3.261915404451088e-09,-3.1596052441074107e-09,1.907030799941367e-08 | 0 | 2.377881628490286e-06,1.7456939076510025e-06,-1.307943059414285e-10 | 7.804283441714688e-09,3.6194445218740157e-09,0.0 | 0,0
6680 | 222.6666782796383 | 164.26060485839844,191.71275329589844,0.1722082495689392 | -2.735380810747756e-09,3.3281630784642857e-09,9.535153111528416e-08 | 0 | -2.466780870236107e-06,-1.4668933090433711e-06,1.3217271721543966e-10 | 8.147708285832778e-09,1.5096055960839294e-08,0.0 | 0,0
6690 | 223.0000116303563 | 164.26060485839844,191.71275329589844,0.1722082495689392 | 1.9646024806974083e-09,-2.005296151352809e-09,0.0 | 0 | 1.3694119616047828e-06,1.0473423799339798e-06,-2.1076135628406156e-11 | 2.346258654029043e-08,-2.2078923578305876e-08,0.0 | 0,0
6700 | 223.33334498107433 | 164.26060485839844,191.71275329589844,0.1722082495689392 | 0.0,0.0,0.0 | 0 | 0.0,0.0,0.0 | -2.719390757022211e-08,2.6330079450076482e-08,-4.004764377896208e-06 | 0,0
6710 | 223.66667833179235 | 164.26060485839844,191.71275329589844,0.1722082495689392 | -1.945615002441059e-09,1.5538910158596764e-09,2.0977338976990723e-07 | 0 | -1.2831330877816072e-06,-1.0472870144440094e-06,1.5281087506480162e-10 | 2.3652990677192065e-08,-2.779287910925632e-08,0.0 | 0,0
6720 | 224.00001168251038 | 164.26060485839844,191.71275329589844,0.1722082495689392 | 3.780930679653238e-09,-2.064739712537289e-09,0.0 | 0 | 1.5596522189298412e-06,2.023763954639435e-06,-1.5268424025105531e-10 | 7.80427633628733e-09,3.619171407009958e-09,0.0 | 0,0
6730 | 224.3333450332284 | 164.26060485839844,191.71275329589844,0.1722082495689392 | -3.657941061163683e-09,2.611097560389908e-09,5.7210922221884175e-08 | 0 | -2.2943290787225123e-06,-1.9547933334251866e-06,1.6607007435887056e-10 | -2.3402618509749118e-08,-8.820213537319432e-08,0.0 | 0,0
6740 | 224.66667838394642 | 164.26060485839844,191.71275329589844,0.1722082495689392 | 1.9646024806974083e-09,-2.005296151352809e-09,0.0 | 0 | 1.3694119616047828e-06,1.0473423799339798e-06,-2.1075984707463746e-11 | 2.346258654029043e-08,-2.2078923578305876e-08,0.0 | 0,0
6750 | 225.00001173466444 | 164.26060485839844,191.71275329589844,0.1722082495689392 | 0.0,0.0,0.0 | 0 | 0.0,0.0,0.0 | -3.1098529973405675e-08,2.6348908832574125e-08,-4.004764377896208e-06 | 0,0
6760 | 225.33334508538246 | 164.26060485839844,191.71275329589844,0.1722082495689392 | -2.336757232157538e-09,1.980096753229077e-09,1.3349215066682518e-07 | 0 | -1.6030568303904147e-06,-1.256807649951952e-06,1.6934842417271057e-10 | 2.346365590710775e-08,-2.2772654872937892e-08,0.0 | 0,0
6770 | 225.66667843610048 | 164.26060485839844,191.71275329589844,0.1722082495689392 | 3.253023184157655e-09,-5.600298891295097e-09,1.907030799941367e-08 | 0 | 3.8279649743344635e-06,1.7472268609708408e-06,-1.429875523539792e-10 | -2.3691100636824558e-08,-7.675784274852049e-08,5.721092293242691e-07 | 0,0
6780 | 226.0000117868185 | 164.26060485839844,191.71275329589844,0.1722082495689392 | -3.919524260709295e-09,3.507752754927651e-09,9.535153111528416e-08 | 0 | -2.9320467547222506e-06,-2.0949146346538328e-06,1.8225683462436137e-10 | -3.1250113607939056e-08,-6.130247953706203e-08,1.1442182312748628e-06 | 0,0
6790 | 226.33334513753653 | 164.26060485839844,191.71275329589844,0.1722082495689392 | 1.9646024806974083e-09,-2.005296151352809e-09,0.0 | 0 | 1.3694119616047828e-06,1.0473423799339798e-06,-2.107854862876124e-11 | 2.346258654029043e-08,-2.2078923578305876e-08,0.0 | 0,0
6800 | 226.66667848825455 | 164.26060485839844,191.71275329589844,0.1722082495689392 | 0.0,0.0,0.0 | 0 | 0.0,0.0,0.0 | -5.4149218442489655e-08,-3.7723108192722066e-08,-2.8605456918739947e-06 | 0,0
6810 | 227.00001183897257 | 164.26060485839844,191.71275329589844,0.1722082495689392 | -2.0764230335146294e-09,1.978846420058744e-09,1.7163276311293885e-07 | 0 | -1.6023615216909093e-06,-1.1173455050084158e-06,1.5798858055138254e-10 | 2.346362926175516e-08,-2.2773061658654115e-08,0.0 | 0,0
6820 | 227.3333451896906 | 164.26060485839844,191.71275329589844,0.1722082495689392 | 4.302868727990017e-09,-2.92101676180323e-09,0.0 | 0 | 2.1987248146615457e-06,2.303344672327512e-06,-1.7601642365860926e-10 | 7.80424969093474e-09,3.6206302400643153e-09,0.0 | 0,0
6830 | 227.6666785404086 | 164.26060485839844,191.71275329589844,0.1722082495689392 | -4.567804356980787e-09,4.096405437081785e-09,1.7163276311293885e-07 | 0 | -2.739505362114869e-06,-2.4433682028757175e-06,1.2709015784206912e-10 | -1.570185226285048e-08,5.498366917322528e-08,0.0 | 0,0
6840 | 228.00001189112663 | 164.26060485839844,191.71275329589844,0.1722082495689392 | 1.9646024806974083e-09,-2.005296151352809e-09,0.0 | 0 | 1.3694119616047828e-06,1.0473423799339798e-06,-2.107379722116054e-11 | 2.346258654029043e-08,-2.2078923578305876e-08,0.0 | 0,0
6850 | 228.33334524184465 | 164.26060485839844,191.71275329589844,0.1722082495689392 | 0.0,0.0,0.0 | 0 | 0.0,0.0,0.0 | -5.039934336537044e-08,6.674371633152987e-08,-5.148982381797396e-06 | 0,0
6860 | 228.66667859256268 | 164.26060485839844,191.71275329589844,0.1722082495689392 | -3.2475511169138827e-09,1.7408294805676405e-09,9.535153111528416e-08 | 0 | -1.423523258381465e-06,-1.744731548569689e-06,2.0887255813839545e-10 | 2.3463789133870705e-08,-2.2745849648231342e-08,0.0 | 0,0
6870 | 229.0000119432807 | 164.26060485839844,191.71275329589844,0.1722082495689392 | 4.5638368639799864e-09,-3.349161614707441e-09,0.0 | 0 | 2.5182625904562883e-06,2.4431349174847128e-06,-1.8767773446448643e-10 | 7.80427633628733e-09,3.6299894201619054e-09,0.0 | 0,0
6880 | 229.33334529399872 | 164.2620849609375,191.71275329589844,0.17217548191547394 | 0.04823125898838043,7.096722401911393e-05,-1.1442184444376835e-07 | 0 | 0.002485056407749653,-0.09705710411071777,-0.003145126858726144 | 2.1109211444854736,0.0001318639115197584,9.725856216391549e-06 | 0,0
6890 | 229.66667864471674 | 164.3312225341797,191.71299743652344,0.17146041989326477 | 0.549496054649353,-0.001502993400208652,-1.620976036065258e-06 | 0 | -0.004177780356258154,-0.3688327968120575,-0.3591049909591675 | 2.5620923042297363,-0.009845180436968803,8.009529665287118e-06 | 0,0
6900 | 230.00001199543476 | 164.73960876464844,191.71153259277344,0.169926255941391 | 1.8809409141540527,-0.010082649067044258,-1.0717511941038538e-05 | 90.3 | -0.007948310114443302,-0.30589553713798523,-0.151493638753891 | 3.898615598678589,-0.02061447873711586,1.2586414413817693e-05 | 0,0
6910 | 230.33334534615278 | 165.5620880126953,191.7078857421875,0.16982609033584595 | 2.936601161956787,-0.018260551616549492,1.620976036065258e-06 | 90.4 | 0.011086519807577133,0.11994511634111404,-0.35220250487327576 | 2.769477128982544,0.003024972742423415,-3.0321791200549342e-05 | 0,0
6920 | 230.6666786968708 | 166.56190490722656,191.7024688720703,0.17213496565818787 | 2.321441650390625,-0.016494780778884888,1.599998722667806e-05 | 90.4 | 0.023518312722444534,1.6223496198654175,-0.240848571062088 | -7.957963466644287,0.047027166932821274,-3.4327056255278876e-06 | 0,0
6930 | 231.00001204758883 | 166.89971923828125,191.69992065429688,0.17532038688659668 | 0.7723362445831299,-0.003993750549852848,2.1206182282185182e-05 | 0 | -0.0065565225668251514,-1.1817355155944824,0.32579582929611206 | 2.8300771713256836,-0.028438357636332512,0.000493158120661974 | 0,0
6940 | 231.33334539830685 | 167.36032104492188,191.6970672607422,0.17100128531455994 | 2.010822057723999,-0.012492343783378601,-1.1251480600549257e-06 | 90.4 | -0.008020487613976002,-0.7527651786804199,-0.058111485093832016 | 3.603193521499634,-0.03300128132104874,-0.00010469598055351526 | 0,0
6950 | 231.66667874902487 | 168.21640014648438,191.69227600097656,0.17008449137210846 | 3.021514415740967,-0.019535915926098824,-3.9094129533623345e-06 | 90.4 | -0.0029022949747741222,0.00717276381328702,-0.17048858106136322 | 2.7312824726104736,-0.03616595268249512,2.2312258806778118e-05 | 0,0
6960 | 232.0000120997429 | 169.37745666503906,191.68508911132812,0.17026062309741974 | 3.892202138900757,-0.027029190212488174,1.2967809652764117e-06 | 90.4 | -0.002106030937284231,0.05255480483174324,-0.16749536991119385 | 2.53528094291687,-0.017326174303889275,-2.8605425086425385e-06 | 0,0
15470 | 515.6666935607791 | 135.937255859375,225.7783966064453,0.17225967347621918 | 0.004439497832208872,-5.436458587646484,-0.00019720604177564383 | 180.0 | -0.07717932760715485,0.39945584535598755,3.0081188678741455 | 0.23968620598316193,-0.6620120406150818,-0.01928580179810524 | 0,0
15480 | 516.0000269114971 | 135.94378662109375,223.9866485595703,0.17266178131103516 | 0.0775560811161995,-5.3219451904296875,-0.00045513195800594985 | 179.2 | 0.12773650884628296,0.06078239530324936,2.4794180393218994 | 0.08125416189432144,0.34802910685539246,0.0020063857082277536 | 0,0
15490 | 516.3333602622151 | 135.9663848876953,222.22999572753906,0.17278285324573517 | 0.10714586824178696,-5.249782562255859,-9.136584412772208e-05 | 178.8 | -0.026710130274295807,-0.08922462165355682,1.5628036260604858 | 0.27405983209609985,0.12170790880918503,0.0005446479772217572 | 0,0
15500 | 516.6666936129332 | 135.9979248046875,220.48548889160156,0.17269550263881683 | 0.1111399456858635,-5.2392754554748535,-1.8002368960878812e-05 | 178.8 | -0.048999857157468796,0.03144702687859535,0.7383645176887512 | 0.012122019194066525,-0.01673698239028454,7.380210445262492e-05 | 0,0
15510 | 517.0000269636512 | 136.03475952148438,218.7395477294922,0.17263057827949524 | 0.12175734341144562,-5.251678943634033,-4.6912955440348014e-06 | 178.7 | -0.03457534313201904,0.01304564904421568,0.47894173860549927 | 0.0008520483388565481,-0.04593371972441673,2.5744910089997575e-05 | 0,0
15520 | 517.3333603143692 | 136.0753631591797,216.98898315429688,0.1726129949092865 | 0.13085545599460602,-5.265254497528076,-4.386170644465892e-07 | 178.6 | -0.02401135489344597,-0.005323018878698349,0.3575550615787506 | 0.03872841224074364,-0.03424644097685814,-1.6019057511584833e-05 | 0,0
15530 | 517.6666936650872 | 136.11920166015625,215.234619140625,0.1726166158914566 | 0.13690121471881866,-5.274730205535889,-1.029796635521052e-06 | 178.5 | -0.022187041118741035,0.021691512316465378,0.23553511500358582 | -0.004742592107504606,-0.024533269926905632,-5.4350373829947785e-05 | 0,0
15540 | 518.0000270158052 | 136.16343688964844,213.47756958007812,0.17262256145477295 | 0.13003921508789062,-5.28206729888916,-5.14898317760526e-07 | 178.6 | -0.022941987961530685,0.027763040736317635,-0.06760063022375107 | -0.06660013645887375,-0.021944044157862663,-4.004765742138261e-06 | 0,0
15550 | 518.3333603665233 | 136.20364379882812,211.71847534179688,0.1726343184709549 | 0.10447213053703308,-5.272557735443115,-1.907030799941367e-08 | 178.9 | 0.022569701075553894,0.044958531856536865,-0.5616565346717834 | -0.06215594336390495,0.47716137766838074,1.773538679117337e-05 | 1,6
15560 | 518.6666937172413 | 136.22019958496094,210.74159240722656,0.17917537689208984 | -0.0006298191146925092,-0.004511318169534206,0.0008759373449720442 | 0 | 1.3413931131362915,-0.153381809592247,-0.030430419370532036 | -0.07994883507490158,11.676637649536133,0.0048858108930289745 | 1,6
15570 | 519.0000270679593 | 136.2202606201172,210.73928833007812,0.17556026577949524 | -6.224084700079402e-06,0.002448640065267682,0.0006252963212318718 | 0 | -1.4334468841552734,-0.018315881490707397,0.00012785696890205145 | 0.0002821628877427429,-0.0049059693701565266,-0.0026317026931792498 | 1,6
15580 | 519.3333604186773 | 136.22027587890625,210.73768615722656,0.17279647290706635 | -3.8983225749689154e-06,0.0006467461935244501,0.00010223591380054131 | 0 | -0.3526079058647156,-0.0018592937849462032,6.808617035858333e-05 | -0.00020235031843185425,-0.003603023709729314,-0.0007082714000716805 | 1,6
15590 | 519.6666937693954 | 136.22027587890625,210.7373809814453,0.17237697541713715 | 1.9017821273337177e-07,0.0001340414019068703,1.7620963262743317e-05 | 0 | -0.07219748198986053,0.00038274936378002167,1.2784402315446641e-05 | -6.669778827017581e-07,-0.0003263044054619968,-7.780686428304762e-05 | 1,6
15600 | 520.0000271201134 | 136.22027587890625,210.7373046875,0.17225906252861023 | 1.4913396739757445e-07,3.3068608900066465e-05,4.748506398755126e-06 | 0 | -0.017742453143000603,0.00016229742323048413,2.8541962819872424e-06 | -8.945615945776808e-07,2.7420171591074904e-06,1.2014292224193923e-05 | 1,6
15610 | 520.3333604708314 | 136.22027587890625,210.7372589111328,0.17222248017787933 | 4.5137671378370214e-08,6.302851488726446e-06,1.4302730733106728e-06 | 0 | -0.0033701108768582344,4.3415646359790117e-05,4.230206229749456e-07 | 3.903732590515574e-07,4.3202908273087814e-05,1.4302730050985701e-05 | 1,6
15620 | 520.6666938215494 | 136.22027587890625,210.7372589111328,0.1722116768360138 | -7.387598088826053e-09,3.445331458351575e-06,1.0679372053346015e-06 | 0 | -0.0018493689130991697,8.450965651718434e-06,3.352792532496096e-07 | -1.322725324826024e-07,-1.4609599020332098e-05,1.0870073310798034e-05 | 1,6
15630 | 521.0000271722674 | 136.22027587890625,210.7372589111328,0.17220932245254517 | 1.3162593681670387e-08,1.0370097243139753e-06,1.1442184586485382e-06 | 0 | -0.0005564067978411913,5.648617843689863e-06,9.692609381772854e-08 | -7.991469601620338e-07,-4.063009328092448e-06,9.153746759693604e-06 | 1,6
15640 | 521.3333605229855 | 136.22027587890625,210.7372589111328,0.17220932245254517 | 4.876817172316805e-09,3.089096196617902e-07,2.6698430133365036e-07 | 0 | -0.00016532166046090424,3.359430820637499e-06,2.3657346304162274e-08 | 7.85431382155366e-07,7.448675631849255e-08,2.2884369172970764e-06 | 1,6
15650 | 521.6666938737035 | 136.22027587890625,210.7372589111328,0.17220932245254517 | -1.1325455240296378e-08,5.977357631081759e-08,2.479139880051662e-07 | 0 | -3.22410705848597e-05,3.3002843338181265e-06,8.395582895559528e-09 | -1.0959361134155188e-06,-6.982008926570415e-07,-1.3730621503782459e-05 | 1,6
15660 | 522.0000272244215 | 136.22027587890625,210.7372589111328,0.1722082793712616 | -4.125280383959762e-08,3.168684514776032e-08,5.14898317760526e-07 | 0 | -1.678881744737737e-05,-3.094908606726676e-05,2.0230446207136765e-09 | 9.957847169062006e-08,2.1753834289484075e-07,2.2884373720444273e-06 | 1,6
15670 | 522.3333605751395 | 136.22027587890625,210.7372589111328,0.1722082793712616 | 2.3093946310837055e-08,8.73829275604976e-09,-2.479139880051662e-07 | 0 | -4.768672624777537e-06,1.7621920051169582e-05,5.816803705371854e-10 | -1.3831256637786282e-06,5.060379635324352e-07,-5.721091383747989e-06 | 1,6
15680 | 522.6666939258575 | 136.22027587890625,210.7372589111328,0.1722082793712616 | -7.112135325115787e-09,-1.6205516928380348e-08,-5.7210922221884175e-08 | 0 | 8.687191439094022e-06,-4.7750345402164385e-06,-1.2252378001065267e-09 | 4.080743565282319e-07,-4.2205542172268906e-08,-5.721091724808502e-07 | 0,0
15690 | 523.0000272765756 | 136.22059631347656,210.7108917236328,0.17185267806053162 | 0.003821896854788065,-0.34393298625946045,-2.479139880051662e-07 | 0 | -0.5133170485496521,0.0033473949879407883,-0.27523863315582275 | 0.06703268736600876,-4.297748565673828,-2.7461241188575514e-05 | 0,0
15700 | 523.3333606272936 | 136.22364807128906,210.41336059570312,0.17026855051517487 | 0.009951232001185417,-1.5233675241470337,-9.268169378628954e-06 | 179.6 | -0.449823260307312,0.019765840843319893,-0.29116320610046387 | 0.013483240269124508,-4.240811824798584,1.2586414413817693e-05 | 0,0
15710 | 523.6666939780116 | 136.22982788085938,209.69500732421875,0.16976745426654816 | 0.008013672195374966,-2.6607582569122314,1.3158512501831865e-06 | 179.8 | 0.07071065157651901,0.04594069719314575,-0.8507373929023743 | -0.12207285314798355,-2.8997395038604736,3.833131631836295e-05 | 0,0
15720 | 524.0000273287296 | 136.2347869873047,208.6486053466797,0.17013958096504211 | 0.0032261551823467016,-3.5601308345794678,3.5280068004794884e-06 | 179.9 | 0.08983250707387924,-0.03832664340734482,-0.8570415377616882 | 0.10097196698188782,-2.5960419178009033,1.144218367699068e-05 | 0,0
15730 | 524.3333606794477 | 136.2355194091797,207.35940551757812,0.1709839552640915 | -0.011067599058151245,-3.942342758178711,7.208576334960526e-06 | 180.2 | 0.44405484199523926,-0.05282563716173172,-0.7574716210365295 | 0.022309858351945877,0.0690150186419487,-2.2884339614392957e-06 | 0,0
15740 | 524.6666940301657 | 136.23135375976562,206.04917907714844,0.17195391654968262 | -0.02750292234122753,-3.979386806488037,6.674607675449806e-07 | 180.4 | -0.02739846147596836,0.026096487417817116,-0.6947289705276489 | -0.20000237226486206,-1.7395447492599487,-2.9749680834356695e-05 | 0,0
15750 | 525.0000273808837 | 136.22305297851562,204.51812744140625,0.17069053649902344 | -0.033052701503038406,-4.973422527313232,-4.519662979873829e-06 | 180.4 | -0.061439916491508484,-0.05657927691936493,-0.39524155855178833 | 0.12783284485340118,-1.6160916090011597,7.952317537274212e-05 | 0,0
15760 | 525.3333607316017 | 136.21290588378906,202.81600952148438,0.1722816377878189 | -0.03250553831458092,-5.111117362976074,-0.0011975961970165372 | 180.4 | 0.3735470473766327,0.016905298456549644,-1.4672490358352661 | 0.0011644138721749187,0.5907439589500427,-0.002013821853324771 | 0,0
15770 | 525.6666940823197 | 136.2023468017578,201.13145446777344,0.17272335290908813 | -0.0329316146671772,-5.033613204956055,-0.00039256230229511857 | 180.4 | 0.04372169449925423,0.003219475271180272,-1.4210609197616577 | -0.011212862096726894,0.01872539333999157,0.0019589003641158342 | 0,0
15780 | 526.0000274330378 | 136.19149780273438,199.44984436035156,0.17263217270374298 | -0.03324392810463905,-5.061352252960205,-7.570911839138716e-05 | 180.4 | -0.02233908884227276,0.0002560948778409511,-1.3673434257507324 | -0.005744732450693846,-0.12033461779356003,0.00038331313407979906 | 0,0
15790 | 526.3333607837558 | 136.17417907714844,197.75636291503906,0.1725854128599167 | -0.11089549958705902,-5.094403266906738,-1.3845043213223107e-05 | 181.2 | 0.0030934230890125036,0.3456454873085022,-3.227562427520752 | -0.5355467796325684,-0.06557463854551315,7.208577881101519e-05 | 0,0
15800 | 526.6666941344738 | 136.07505798339844,196.0626678466797,0.17268317937850952 | -0.6512566804885864,-5.048843860626221,-6.531579856527969e-05 | 187.4 | 0.012872891500592232,0.18158796429634094,-14.252102851867676 | 0.2433246225118637,-0.1373720020055771,0.00014874864427838475 | 0,0
15810 | 527.0000274851918 | 135.74876403808594,194.40719604492188,0.17274245619773865 | -1.66541588306427,-4.8053131103515625,0.000695684808306396 | 199.1 | 0.33048608899116516,0.8944719433784485,-25.529428482055664 | -4.457198143005371,2.7081868648529053,-0.012500584125518799 | 0,0
15820 | 527.3333608359098 | 135.16766357421875,192.82827758789062,0.1729862540960312 | -2.4059627056121826,-4.433056354522705,0.000995069625787437 | 208.5 | 0.5114871263504028,1.0162529945373535,-27.905078887939453 | -3.8071486949920654,3.0228707790374756,-0.019947726279497147 | 0,0
15830 | 527.6666941866279 | 134.40232849121094,191.49819946289062,0.1734677106142044 | -2.40903902053833,-3.4921460151672363,0.0011255295248702168 | 214.6 | -1.8352268934249878,-3.6038894653320312,-17.864147186279297 | 5.517246246337891,-3.14727520942688,0.003789077512919903 | 0,0
15840 | 528.0000275373459 | 133.49061584472656,190.1758575439453,0.17228709161281586 | -3.2799267768859863,-3.184178590774536,0.0001395565050188452 | 225.8 | 2.2410404682159424,3.7091898918151855,-30.793615341186523 | -5.785831928253174,5.624334335327148,-0.003771915566176176 | 0,0
15850 | 528.3333608880639 | 132.4359893798828,189.2722625732422,0.1719081848859787 | -4.182467460632324,-2.5519180297851562,0.000111256173113361 | 238.6 | -0.3070065677165985,-0.2785912752151489,-37.22124099731445 | -3.0857131481170654,3.983201742172241,0.0013690574560314417 | 0,0
15860 | 528.6666942387819 | 131.0526580810547,188.41058349609375,0.17233581840991974 | -4.610683441162109,-1.8079307079315186,-3.0951108783483505e-05 | 248.6 | 0.8994359970092773,0.3658646047115326,-35.55366134643555 | -1.3696717023849487,4.084864616394043,-0.001291250460781157 | 0,0
15870 | 529.0000275895 | 129.36822509765625,187.87294006347656,0.17267757654190063 | -4.88531494140625,-0.691370964050293,8.44623864395544e-05 | 261.9 | -1.0960432291030884,-0.39190348982810974,-34.35877227783203 | -0.26929375529289246,-0.35767075419425964,0.0005904166609980166 | 0,0
15880 | 529.333360940218 | 127.92174530029297,187.642333984375,0.17252784967422485 | -4.9291768074035645,-0.38687434792518616,0.00015202848589979112 | 265.5 | -1.5058705806732178,-0.25517332553863525,-20.812210083007812 | -0.07524489611387253,0.2390509694814682,-0.0004977348144166172 | 0,0
15890 | 529.666694290936 | 126.22946166992188,187.5052490234375,0.17255721986293793 | -5.3991618156433105,-0.2034248262643814,0.0002876755897887051 | 267.8 | -1.3261264562606812,0.1503029465675354,-12.311237335205078 | -1.3182591199874878,0.06276904791593552,-0.03776320815086365 | 0,0
15900 | 530.000027641654 | 124.43401336669922,187.43226623535156,0.17266623675823212 | -5.334943771362305,-0.049419157207012177,-0.0007155179046094418 | 269.5 | -0.20393572747707367,-0.1979118436574936,-8.595796585083008 | 0.38785454630851746,-0.2558487355709076,0.002960664452984929 | 0,0
15910 | 530.333360992372 | 122.67494201660156,187.4118194580078,0.17283251881599426 | -5.23673677444458,0.03421301767230034,-0.0001238235126947984 | 270.4 | -0.20052078366279602,-0.001521093538030982,-5.060642242431641 | 0.14452455937862396,-0.02065758965909481,0.0006224545068107545 | 0,0
15920 | 530.6666943430901 | 120.9334945678711,187.42015075683594,0.17274025082588196 | -5.216366291046143,0.07848767191171646,-2.688913264137227e-05 | 270.9 | -0.12117233872413635,0.027788590639829636,-3.6679868698120117 | 0.012402533553540707,-0.03925658389925957,0.00011041710968129337 | 0,0
15930 | 531.0000276938081 | 119.01960754394531,187.4490966796875,0.17264872789382935 | -5.225218296051025,0.105963334441185,-2.193085265389527e-06 | 271.2 | -0.09867487847805023,0.016303639858961105,-2.487257719039917 | -0.04564761742949486,-0.04961013421416283,5.2061936003156006e-05 | 0,0
15940 | 531.3333610445261 | 117.44986724853516,187.4791717529297,0.1726200133562088 | -5.238365173339844,0.10991112142801285,-6.865310524517554e-07 | 271.2 | -0.07905929535627365,0.00523483008146286,-1.8199009895324707 | -0.042586322873830795,-0.09685634821653366,-1.2014292224193923e-05 | 0,0
15950 | 531.6666943952441 | 115.5267562866211,187.5203094482422,0.17261862754821777 | -5.250194072723389,0.12069901078939438,1.0107263506142772e-06 | 271.3 | -0.01139042153954506,-0.0008050423348322511,-1.6216614246368408 | -0.027022359892725945,0.012943892739713192,1.659116787777748e-05 | 0,0
15960 | 532.0000277459621 | 113.9505615234375,187.55667114257812,0.17262355983257294 | -5.257147312164307,0.12848280370235443,-1.3349215350899613e-06 | 271.4 | 0.0030147917568683624,-0.001045901677571237,-1.5771570205688477 | -0.021500585600733757,0.02684980444610119,-7.15136484359391e-05 | 0,0
15970 | 532.3333610966802 | 112.19696044921875,187.5991973876953,0.17262637615203857 | -5.2640604972839355,0.13027538359165192,5.14898317760526e-07 | 271.4 | -0.020424379035830498,0.0002624898334033787,-1.402415156364441 | -0.02059936337172985,-0.010423957370221615,4.29081883339677e-05 | 0,0
15980 | 532.6666944473982 | 110.44107818603516,187.64085388183594,0.17262659966945648 | -5.27108097076416,0.11779633909463882,9.344450404569216e-07 | 271.3 | -0.027830945327878,0.0007830486865714192,-1.0320488214492798 | -0.02037048153579235,-0.03341205045580864,-8.581640031479765e-06 | 0,0
15990 | 533.0000277981162 | 108.68291473388672,187.67684936523438,0.1726263463497162 | -5.278176784515381,0.08892584592103958,-1.4302730733106728e-06 | 271.0 | -0.04495643079280853,0.0012276447378098965,-0.5773327946662903 | -0.022630689665675163,-0.12983834743499756,-2.86054591924767e-06 | 0,0
16000 | 533.3333611488342 | 106.9223403930664,187.70420837402344,0.17262503504753113 | -5.2857513427734375,0.057440269738435745,7.437419640154985e-07 | 270.6 | -0.019866717979311943,0.0008582387818023562,-0.31991109251976013 | -0.02307414822280407,-0.0741954818367958,4.462451397557743e-05 | 0,0
16010 | 533.6666944995522 | 105.15921020507812,187.7213897705078,0.17262397706508636 | -5.293379306793213,0.02717716433107853,-1.9642416191345546e-06 | 270.3 | 0.011223557405173779,0.0002609856310300529,-0.2933768928050995 | -0.02268791012465954,-0.07520405203104019,-4.6340843255165964e-05 | 0,0
16020 | 534.0000278502703 | 103.3935546875,187.72857666015625,0.17262431979179382 | -5.300631999969482,-0.002963131293654442,1.6781871181592578e-06 | 270.0 | -0.01807939074933529,0.00022425490897148848,-0.29806602001190186 | -0.020999906584620476,-0.16974332928657532,3.318233575555496e-05 | 0,0
16030 | 534.3333612009883 | 101.62552642822266,187.72776794433594,0.1726251244544983 | -5.307555198669434,-0.019459685310721397,-1.5256246399530937e-07 | 269.8 | 0.02141738496720791,0.00017237127758562565,-0.5441088676452637 | -0.02051353268325329,0.003867689287289977,2.3456475901184604e-05 | 0,0
16040 | 534.6666945517063 | 99.8552017211914,187.72157287597656,0.1726258099079132 | -5.314324855804443,-0.02940225787460804,-6.674607675449806e-07 | 269.7 | 0.025512661784887314,0.00033272543805651367,-0.788079559803009 | -0.02009868435561657,-0.008189733140170574,3.947552977479063e-05 | 0,0
