Simulation Frame | Timestamp | Position | Velocity | Heading | Angular Velocity | Acceleration | Stopped at Red Light + Light ID 
3480 | 116.00000604987144 | 98.71105194091797,191.68927001953125,0.21030299365520477 | 5.449580669403076,-0.002336719539016485,6.102498559812375e-07 | 90.0 | -0.0017515694489702582,-0.25531601905822754,-1.6967793703079224 | 0.015892980620265007,0.01916329935193062,-4.176396760158241e-05 | 0,0
3490 | 116.33333940058947 | 99.8149185180664,191.6916046142578,0.22433845698833466 | 0.5091315507888794,0.00021822286362294108,-0.0002819545043166727 | 0 | -0.009512672200798988,5.0503058433532715,-0.5415446162223816 | -18.007312774658203,0.13284629583358765,0.011815198697149754 | 0,0
3500 | 116.66667275130749 | 99.8656234741211,191.6911163330078,0.21607105433940887 | 0.5881509780883789,-0.0065740072168409824,0.0012624925002455711 | 0 | 0.004714262671768665,-5.0214996337890625,-0.05269605293869972 | 3.825608491897583,-0.05508865788578987,-0.003476132173091173 | 0,0
3510 | 117.00000610202551 | 100.36366271972656,191.68638610839844,0.20564521849155426 | 2.187169313430786,-0.022160567343235016,2.6069110390380956e-05 | 90.6 | 0.003528060158714652,-1.1394456624984741,-0.10149563103914261 | 4.346394062042236,-0.05569109320640564,-0.0011648142244666815 | 0,0
3520 | 117.33333945274353 | 101.34209442138672,191.67686462402344,0.20416240394115448 | 3.595580577850342,-0.036616452038288116,-1.270082520932192e-05 | 90.6 | -0.0017899726517498493,-0.07602562755346298,-0.11293812096118927 | 4.145571708679199,-0.06073616072535515,5.949933984084055e-05 | 0,0
3530 | 117.66667280346155 | 102.18050384521484,191.66888427734375,0.216729536652565 | 0.7573089599609375,-0.008017745800316334,-0.00018372334307059646 | 0 | 0.04680563509464264,4.3790130615234375,-0.9914286136627197 | -12.210973739624023,0.10093338787555695,-0.003096827073022723 | 0,0
3540 | 118.00000615417957 | 102.33740234375,191.66729736328125,0.21190184354782104 | 1.1581847667694092,-0.01212884858250618,0.00023914164921734482 | 90.6 | -0.02266165427863598,-3.7716572284698486,-0.02543742023408413 | 5.206092357635498,-0.0527496337890625,-0.0009989023674279451 | 0,0
3550 | 118.3333395048976 | 102.86648559570312,191.6617889404297,0.20801104605197906 | 1.6353729963302612,-0.01692044734954834,1.620976036065258e-06 | 90.6 | 0.006625230424106121,0.5477450489997864,-0.020102718845009804 | -0.030748842284083366,0.007157809566706419,0.0002431463944958523 | 0,0
3560 | 118.66667285561562 | 103.40684509277344,191.65638732910156,0.20959170162677765 | 1.6050057411193848,-0.01667572744190693,2.116804125762428e-06 | 90.6 | 0.00015993935812730342,0.2425113022327423,-0.017392992973327637 | 0.44710275530815125,-0.004668440204113722,2.460069299559109e-05 | 0,0
3570 | 119.00000620633364 | 104.13128662109375,191.64895629882812,0.20648738741874695 | 2.7812130451202393,-0.02843444235622883,-4.702738078776747e-05 | 90.6 | -0.0032673345413058996,-0.9590408802032471,0.005601526238024235 | 4.074317932128906,-0.036287322640419006,-0.000141311131301336 | 0,0
3580 | 119.33333955705166 | 105.1574478149414,191.6385498046875,0.20939944684505463 | 2.400146007537842,-0.024097109213471413,0.00010040516644949093 | 90.6 | 0.02703207917511463,4.1097025871276855,-0.017869621515274048 | -9.790863037109375,0.09888521581888199,0.00021968988585285842 | 0,0
3590 | 119.66667290776968 | 105.63676452636719,191.63389587402344,0.212976336479187 | 1.6938947439193726,-0.01794854924082756,0.00010315129475202411 | 90.6 | -0.023923831060528755,-2.907186508178711,0.014666046015918255 | 4.317526340484619,-0.04629950597882271,0.0008736107847653329 | 0,0
3600 | 120.0000062584877 | 106.44950866699219,191.62530517578125,0.20618857443332672 | 2.9105894565582275,-0.03046637400984764,-5.0250258937012404e-05 | 90.6 | 0.004068916663527489,-0.0002846134302671999,-0.002235351363196969 | -0.3007650077342987,0.004719793330878019,0.0001979497610591352 | 0,0
3610 | 120.33333960920572 | 106.90798950195312,191.62095642089844,0.21811972558498383 | 0.002532738959416747,0.00020119379041716456,-0.00025260529946535826 | 0 | -0.011988268233835697,1.2946856021881104,-0.0007660957053303719 | -0.126923605799675,-0.0016106768744066358,0.00015332507609855384 | 0,0
3620 | 120.66667295992374 | 106.9107666015625,191.62091064453125,0.2132078856229782 | -0.0029634498059749603,-2.991239853145089e-05,0.00010953984747175127 | 0 | -0.0077154552564024925,-1.375818133354187,0.00024199698236770928 | 0.008529423736035824,-3.914883109246148e-06,-0.000454826484201476 | 0,0
3630 | 121.00000631064177 | 106.9122314453125,191.6208953857422,0.2105742245912552 | -0.0007236342062242329,4.998934400646249e-06,1.3158512501831865e-06 | 0 | -0.0017071092734113336,-0.32015037536621094,8.589512617618311e-06 | 0.003930454142391682,-7.4346821747894865e-06,-0.00012128714297432452 | 0,0
3640 | 121.33333966135979 | 106.91251373291016,191.6208953857422,0.21015651524066925 | -0.00017625447071623057,1.3295561984705273e-06,-3.7187098769209115e-06 | 0 | -0.0005116977845318615,-0.07732300460338593,9.917237093759468e-07 | 0.0005077223759144545,-7.0977348514134064e-06,1.4302733688964508e-05 | 0,0
3650 | 121.66667301207781 | 106.91261291503906,191.6208953857422,0.21002840995788574 | -4.6948978706495836e-05,4.739492567296111e-07,-2.4791399937384995e-06 | 0 | -0.00018446886679157615,-0.02053791657090187,8.668817486068292e-08 | 3.828564877039753e-05,3.554071099642897e-06,-2.5172808818751946e-05 | 0,0
3660 | 122.00000636279583 | 106.91264343261719,191.6208953857422,0.20998583734035492 | -1.0656153790478129e-05,3.307788531969891e-08,-8.96304470643372e-07 | 0 | -1.7766078599379398e-05,-0.004654905293136835,-5.308501194178916e-09 | -1.586365033290349e-05,2.0689662960649002e-06,-1.258640259038657e-05 | 0,0
3670 | 122.33333971351385 | 106.91265106201172,191.6208953857422,0.2099762260913849 | 0.0,0.0,0.0 | 0 | 0.0,0.0,0.0 | 0.00015925380284897983,2.1098721845191903e-06,4.348029688117094e-05 | 0,0
3680 | 122.66667306423187 | 106.91265106201172,191.6208953857422,0.20997267961502075 | -1.2499956483225105e-06,7.298960014168188e-08,-1.2395699968692497e-06 | 0 | -2.3880669687059708e-05,-0.0005469097523018718,-3.477610421853683e-10 | 4.446245384315262e-06,3.452339569776086e-06,1.1442169807196478e-06 | 0,0
3690 | 123.0000064149499 | 106.91265106201172,191.6208953857422,0.20997150242328644 | -4.4018867129125283e-07,4.549143994836413e-08,-1.0488669204278267e-06 | 0 | -1.6870350009412505e-05,-0.00019216958025936037,-7.021089931669167e-09 | 8.730918352739536e-07,-1.5781970432726666e-06,-6.865312570880633e-06 | 0,0
3700 | 123.33333976566792 | 106.91265106201172,191.6208953857422,0.20997150242328644 | -1.054325551308466e-07,-6.615747594196364e-08,-7.246716791087238e-07 | 0 | 2.0986117306165397e-05,-4.600998727255501e-05,8.562604847384137e-09 | 9.786937198441592e-07,-3.364301619512844e-06,-8.009528755792417e-06 | 0,0
3710 | 123.66667311638594 | 106.91265106201172,191.6208953857422,0.20997150242328644 | -2.963101408681723e-08,1.5900020855497132e-08,-3.432655262258777e-07 | 0 | -8.629170224594418e-06,-1.2880766007583588e-05,-8.946458573966254e-10 | -3.374411505774333e-07,1.6005182601475099e-07,-3.4326549211982638e-06 | 0,0
3720 | 124.00000646710396 | 106.91265106201172,191.6208953857422,0.20997150242328644 | 0.0,0.0,0.0 | 0 | 0.0,0.0,0.0 | 6.970776098569331e-07,1.3755297345596773e-07,3.833131631836295e-05 | 0,0
3730 | 124.33333981782198 | 106.91265106201172,191.6208953857422,0.20997150242328644 | -3.89048393500957e-09,-2.2509833996764428e-09,-1.4684136431242223e-06 | 0 | 1.138469770012307e-06,-1.7051105487553286e-06,1.2846439190195014e-10 | 2.789905551026095e-08,-4.794857488832349e-08,-4.5768715608573984e-06 | 0,0
3740 | 124.66667316854 | 106.91265106201172,191.6208953857422,0.20997150242328644 | 1.8259210810001036e-09,-5.564198435337175e-09,-1.1251480600549257e-06 | 0 | 3.5560931337386137e-06,7.936320116641582e-07,-7.236109628161458e-11 | -6.310062872216804e-08,1.1569106561637454e-07,-4.5768715608573984e-06 | 0,0
3750 | 125.00000651925802 | 106.91265106201172,191.6208953857422,0.20997150242328644 | -4.923703111892053e-10,-2.493245832013713e-09,-7.628122489222733e-07 | 0 | 1.43303407185158e-06,-2.1710299336064054e-07,2.6256325239004674e-11 | -7.4058914556474065e-09,2.185318453973295e-10,-4.5768715608573984e-06 | 0,0
3760 | 125.33333986997604 | 106.91265106201172,191.6208953857422,0.20997150242328644 | -1.1839904612287455e-09,-4.637810691043853e-10,-3.8140612446113664e-07 | 0 | 2.5266902525800106e-07,-5.159354259376414e-07,-5.5278745990372524e-12 | -1.415323058751028e-08,-5.169595418408335e-09,-4.576872925099451e-06 | 0,0
3770 | 125.66667322069407 | 106.91265106201172,191.6208953857422,0.20997150242328644 | 0.0,0.0,0.0 | 0 | 0.0,0.0,0.0 | -4.9299156756887896e-08,-2.266053122923495e-09,4.8629277443978935e-05 | 0,0
3780 | 126.00000657141209 | 106.91265106201172,191.6208953857422,0.20997150242328644 | 2.1753076770436586e-11,2.9113667032731883e-09,-1.3730621049035108e-06 | 0 | -1.5150326362345368e-06,1.2286943906758552e-08,-1.0169141223537181e-10 | 3.4498240375491207e-10,4.885964344225613e-08,-3.432654466450913e-06 | 0,0
3790 | 126.33333992213011 | 106.91265106201172,191.6208953857422,0.20997150242328644 | -2.3580268293521556e-10,5.312963957671002e-10,-1.0679372053346015e-06 | 0 | -3.303875359961239e-07,-1.0006121442529547e-07,-2.224112907733833e-11 | -1.415316752684248e-08,-5.1644901688518985e-09,-4.576873379846802e-06 | 0,0
3800 | 126.66667327284813 | 106.91265106201172,191.6208953857422,0.20997150242328644 | -4.604591430368288e-10,1.2726334430723796e-09,-7.05601394201949e-07 | 0 | -5.573163548433513e-07,-2.010636279692335e-07,-7.543851654467915e-11 | 3.650021673795578e-10,5.104075739836844e-08,-3.4326562854403164e-06 | 0,0
3810 | 127.00000662356615 | 106.91265106201172,191.6208953857422,0.20997150242328644 | -7.105958044206773e-10,-6.449580869372085e-10,-3.8140612446113664e-07 | 0 | 3.410423801142315e-07,-3.111030366653722e-07,2.1646720874124448e-11 | 4.860778099469165e-11,-1.0604905398281517e-08,-4.576872925099451e-06 | 0,0
3820 | 127.33333997428417 | 106.91265106201172,191.6208953857422,0.20997150242328644 | 0.0,0.0,0.0 | 0 | 0.0,0.0,0.0 | 2.0257075183938156e-10,1.0792421178962286e-08,5.1489827455952764e-05 | 0,0
3830 | 127.6666733250022 | 106.91265106201172,191.6208953857422,0.20997150242328644 | 3.5558860543571935e-13,-9.763311686894482e-11,-1.487483928030997e-06 | 0 | 1.9611023560628382e-07,-1.5403216480081028e-09,-7.280448466318035e-11 | 1.4034700512866038e-08,1.585263653680613e-08,-4.004763013654156e-06 | 0,0
3840 | 128.00000667572021 | 106.91265106201172,191.6208953857422,0.20997150242328644 | 4.6153672550452995e-10,-6.760019766183234e-10,-1.0679372053346015e-06 | 0 | 3.740330498658295e-07,2.026038998792501e-07,-2.230033865902037e-12 | -1.4153187954946134e-08,-5.1661457334262195e-09,-4.576873379846802e-06 | 0,0
3850 | 128.33334002643824 | 106.91265106201172,191.6208953857422,0.20997150242328644 | -2.5866477848524028e-09,1.1532311772199932e-09,-7.628122489222733e-07 | 0 | -3.827480838936026e-07,-1.1275072893113247e-06,-1.7388035455923045e-10 | -2.085016070907386e-08,5.626007393289001e-08,-4.5768715608573984e-06 | 0,0
3860 | 128.66667337715626 | 106.91265106201172,191.6208953857422,0.20997150242328644 | -1.1839904612287455e-09,-4.637810691043853e-10,-3.8140612446113664e-07 | 0 | 2.5266902525800106e-07,-5.159354259376414e-07,-5.527929676507615e-12 | -1.415322969933186e-08,-5.169595418408335e-09,-4.576872925099451e-06 | 0,0
3870 | 129.00000672787428 | 106.91265106201172,191.6208953857422,0.20997150242328644 | 0.0,0.0,0.0 | 0 | 0.0,0.0,0.0 | -2.1551578299749963e-08,-2.0571084391463046e-08,4.805716889677569e-05 | 0,0
3880 | 129.3333400785923 | 106.91265106201172,191.6208953857422,0.20997150242328644 | 2.2826363021977158e-10,-9.801647271601155e-10,-1.4684136431242223e-06 | 0 | 5.188242653275665e-07,9.862868211030218e-08,2.2717831088536755e-11 | 1.3908088014602527e-08,-2.984414138040847e-08,-4.5768715608573984e-06 | 0,0
3890 | 129.66667342931032 | 106.91265106201172,191.6208953857422,0.20997150242328644 | -2.1418004869655505e-10,2.8260795925660886e-09,-1.0679372053346015e-06 | 0 | -1.4645567034676787e-06,-9.092927655274252e-08,-9.98762322845792e-11 | 3.4079569721789937e-10,4.810039655467335e-08,-3.432654466450913e-06 | 0,0
3900 | 130.00000678002834 | 106.91265106201172,191.6208953857422,0.20997150242328644 | -2.3634005863470975e-09,-8.943209506284688e-10,-7.628122489222733e-07 | 0 | 5.061835395281378e-07,-1.0318967724742834e-06,1.8109138320843154e-12 | -1.4152737648487346e-08,-5.1664836853149154e-09,-4.5768715608573984e-06 | 0,0
3910 | 130.33334013074636 | 106.91265106201172,191.6208953857422,0.20997150242328644 | -1.1839904612287455e-09,-4.637810691043853e-10,-3.8140612446113664e-07 | 0 | 2.5266902525800106e-07,-5.159353690942226e-07,-5.528157792644706e-12 | -1.415323058751028e-08,-5.169595418408335e-09,-4.576872925099451e-06 | 0,0
3920 | 130.6666734814644 | 106.91265106201172,191.6208953857422,0.20997150242328644 | 0.0,0.0,0.0 | 0 | 0.0,0.0,0.0 | -2.1260335714146095e-08,-6.844894429036685e-09,4.8629277443978935e-05 | 0,0
3930 | 131.0000068321824 | 106.92352294921875,191.6205291748047,0.2096119225025177 | 0.10164633393287659,-0.0028468158561736345,-1.2395699968692497e-06 | 0 | -0.0480344183743,-0.10067817568778992,1.4496080875396729 | -0.3377426266670227,-0.003656458342447877,4.348029688117094e-05 | 0,0
3940 | 131.33334018290043 | 107.30490112304688,191.6165771484375,0.20434719324111938 | 1.9741424322128296,-0.02111799456179142,-8.560661080991849e-05 | 90.6 | -0.000564994930755347,-0.6956523656845093,0.026929698884487152 | 4.5654520988464355,-0.04624183848500252,0.0001538974029244855 | 0,0
3950 | 131.66667353361845 | 108.03387451171875,191.6087646484375,0.20729559659957886 | 2.2004880905151367,-0.02296827919781208,7.692961662542075e-05 | 90.6 | 0.00646703876554966,1.1103657484054565,0.01918000355362892 | -0.04373788461089134,0.0037213412579149008,-0.00018994045967701823 | 0,0
3960 | 132.00000688433647 | 108.80087280273438,191.60081481933594,0.2080671638250351 | 2.740485191345215,-0.027624651789665222,-1.758282451191917e-05 | 90.6 | -0.006206205580383539,-1.2667667865753174,0.0626959577202797 | 4.649040222167969,-0.043062470853328705,-0.00031694851350039244 | 0,0
3970 | 132.3333402350545 | 109.8712158203125,191.5902557373047,0.20856139063835144 | 2.6840248107910156,-0.025030164048075676,8.213581168092787e-05 | 90.5 | 0.02360880747437477,4.03124475479126,0.024474820122122765 | -11.138748168945312,0.10817879438400269,0.001092156395316124 | 0,0
3980 | 132.66667358577251 | 110.24969482421875,191.58692932128906,0.2156800478696823 | 1.0924996137619019,-0.009880347177386284,0.0001247960899490863 | 90.5 | -0.024376872926950455,-3.447261333465576,0.029105281457304955 | 5.097804546356201,-0.04754067212343216,0.003136302577331662 | 0,0
3990 | 133.00000693649054 | 110.88455200195312,191.58108520507812,0.2063409686088562 | 2.5715768337249756,-0.021837208420038223,-5.4007112339604646e-05 | 90.5 | -0.0002520509297028184,-1.3039438724517822,0.11334823817014694 | 4.273588180541992,-0.031936779618263245,-0.00046741330879740417 | 0,0
4000 | 133.33334028720856 | 111.98860168457031,191.5718536376953,0.20435898005962372 | 3.964771270751953,-0.02893846482038498,-2.704169492062647e-05 | 90.4 | 0.009377645328640938,-0.15374793112277985,0.20766378939151764 | 4.107713222503662,-0.015902983024716377,0.0002191178355133161 | 0,0
4010 | 133.66667363792658 | 113.08678436279297,191.56411743164062,0.21561676263809204 | 1.52889883518219,-0.008237515576183796,-0.0001084528339561075 | 90.3 | -0.0021251370199024677,5.065478801727295,0.03457067534327507 | -11.763946533203125,0.09396205097436905,-0.0036031436175107956 | 0,0
4020 | 134.0000069886446 | 113.36351013183594,191.5624237060547,0.21414771676063538 | 1.3203147649765015,-0.007609023712575436,0.0002780069480650127 | 90.3 | -0.007372360676527023,-4.4377055168151855,0.10130266100168228 | 7.0237321853637695,-0.046161457896232605,0.0012031457154080272 | 0,0
4030 | 134.33334033936262 | 114.07048797607422,191.55821228027344,0.20585757493972778 | 2.694575071334839,-0.012614344246685505,-6.169244443299249e-05 | 90.3 | 0.013382558710873127,-0.6988861560821533,0.19548840820789337 | 3.520824670791626,0.005016484763473272,-0.00014760420890524983 | 0,0
4040 | 134.66667369008064 | 115.1707992553711,191.55303955078125,0.2050955593585968 | 3.840153694152832,-0.01274787075817585,-7.170435765146976e-06 | 90.2 | 0.010173573158681393,-0.014321211725473404,0.28156232833862305 | 3.391113042831421,0.0012587941018864512,0.00014131095667835325 | 0,0
4050 | 135.00000704079866 | 116.63375091552734,191.5482177734375,0.20554786920547485 | 4.802465915679932,-0.008653614670038223,1.6648378732497804e-05 | 90.1 | 0.00011388289567548782,0.38013580441474915,0.3206530213356018 | 2.020139455795288,0.005372100975364447,5.663882620865479e-05 | 0,0
4060 | 135.33334039151669 | 118.30068969726562,191.54534912109375,0.20866484940052032 | 5.14414644241333,-0.00544990599155426,-0.0001491679431637749 | 90.1 | -0.007018212229013443,0.35491275787353516,0.10747987776994705 | 0.9388160109519958,0.10436385124921799,-0.029834920540452003 | 0,0
4070 | 135.6666737422347 | 119.9931640625,191.5439453125,0.2100294828414917 | 5.091838359832764,0.0023397328332066536,0.0016124516259878874 | 90.0 | 0.0179764237254858,-0.04993723705410957,0.28740575909614563 | 0.9885548949241638,0.04389239102602005,0.4485335946083069 | 0,0
4080 | 136.00000709295273 | 121.69088745117188,191.5447540283203,0.2103927582502365 | 5.100378513336182,0.0066938214004039764,-0.0001714801910566166 | 89.9 | 0.0005231047398410738,-0.19131411612033844,2.2153024673461914 | -0.042014118283987045,0.008417287841439247,0.0003936115244869143 | 0,0
4090 | 136.33334044367075 | 123.38089752197266,191.5471649169922,0.21030841767787933 | 5.119873046875,0.0106347082182765,-4.4147764128865674e-05 | 89.9 | 0.003304234007373452,-0.309581995010376,2.1511337757110596 | 0.07498740404844284,0.004856502171605825,0.0001739211002131924 | 0,0
4100 | 136.66667379438877 | 125.07823944091797,191.5515594482422,0.21025897562503815 | 5.137671947479248,0.03557296469807625,-8.943974535213783e-06 | 89.6 | 0.30079978704452515,-0.27266016602516174,2.7210707664489746 | 0.037393566220998764,0.44792458415031433,-5.94993653066922e-05 | 0,0
4110 | 137.0000071451068 | 126.77378845214844,191.62448120117188,0.2104061096906662 | 5.051741123199463,0.7725164890289307,-0.00014680322783533484 | 81.3 | 4.126860618591309,0.12261010706424713,20.303911209106445 | -1.4064215421676636,6.509064674377441,-0.0007391650578938425 | 0,0
4120 | 137.3333404958248 | 128.36178588867188,192.2826690673828,0.2117965966463089 | 3.910763740539551,2.9481918811798096,0.0015792693011462688 | 53.0 | -8.18100357055664,-4.304344177246094,46.664207458496094 | 6.4039130210876465,-5.7779998779296875,0.03123258240520954 | 0,0
4130 | 137.66667384654284 | 129.7067413330078,192.9553985595703,0.2104232758283615 | 4.414422988891602,2.5552608966827393,0.0007809863309375942 | 59.9 | 1.7489866018295288,0.6732006669044495,11.521822929382324 | -0.11914729326963425,0.5121516585350037,-0.046134307980537415 | 0,0
4140 | 138.00000719726086 | 130.78448486328125,194.0205841064453,0.21378634870052338 | 1.3463584184646606,4.3357367515563965,-0.0015768283046782017 | 17.3 | 0.03327886760234833,1.3147695064544678,77.0085678100586 | -3.2508513927459717,2.594933271408081,0.019129619002342224 | 0,0
4150 | 138.33334054797888 | 131.3138885498047,195.43617248535156,0.21062511205673218 | 1.9076083898544312,4.747089862823486,0.014218726195394993 | 21.9 | -3.629173755645752,-10.894519805908203,17.52222442626953 | 8.072769165039062,-1.7197321653366089,0.3460105061531067 | 0,0
4160 | 138.6666738986969 | 131.73272705078125,197.0612030029297,0.21015223860740662 | 0.19797250628471375,5.143280982971191,-0.0021470687352120876 | 2.2 | -0.45698097348213196,-2.1473472118377686,41.389373779296875 | 0.6526216268539429,0.9303044676780701,0.04762779921293259 | 0,0
4170 | 139.00000724941492 | 131.999267578125,198.76077270507812,0.21069766581058502 | 0.4988933503627777,5.119087219238281,-0.0007286573527380824 | 5.6 | 0.04715017229318619,0.8957383036613464,16.907516479492188 | -1.4137163162231445,0.06105422601103783,-0.00237253587692976 | 0,0
4180 | 139.33334060013294 | 132.16099548339844,200.47476196289062,0.2103205770254135 | 0.2702813148498535,5.192165851593018,-0.00022836691641714424 | 3.0 | 0.03776775300502777,-0.28532928228378296,12.64156436920166 | -0.4754429757595062,0.20756720006465912,0.0013061261270195246 | 0,0
4190 | 139.66667395085096 | 132.26296997070312,202.3861846923828,0.21024195849895477 | 0.1231037974357605,5.230165481567383,-3.5775898140855134e-05 | 1.3 | -0.03893669694662094,-0.23450468480587006,9.248979568481445 | -0.22684825956821442,0.0444030724465847,0.00025744904996827245 | 0,0
4200 | 140.00000730156898 | 132.3048095703125,204.13131713867188,0.21030089259147644 | 0.03310050070285797,5.239598274230957,-2.44099942392495e-06 | 0.4 | -0.020004773512482643,-0.21458598971366882,7.073035717010498 | -0.1029156818985939,0.021042821928858757,6.522044714074582e-05 | 0,0
4210 | 140.333340652287 | 132.3168182373047,205.70440673828125,0.21031734347343445 | -0.021801024675369263,5.2455878257751465,-1.029796635521052e-06 | 359.8 | -0.0062051150016486645,-0.007596687413752079,5.853549003601074 | -0.2701877951622009,0.01785278134047985,-6.407623004633933e-05 | 0,0
4220 | 140.66667400300503 | 132.31114196777344,207.454345703125,0.21032005548477173 | -0.06100112944841385,5.25181245803833,-2.0977338976990723e-07 | 359.3 | -0.0033066552132368088,0.03510372340679169,4.931763172149658 | -0.27214115858078003,0.01811027340590954,5.7210909290006384e-06 | 0,0
4230 | 141.00000735372305 | 132.29141235351562,209.20648193359375,0.21031668782234192 | -0.08758862316608429,5.258908748626709,1.6019057511584833e-06 | 359.0 | -0.0021849749609827995,-0.027740085497498512,4.312033653259277 | -0.08545137196779251,0.02181529812514782,6.579255568794906e-05 | 0,0
4240 | 141.33334070444107 | 132.2628631591797,210.96104431152344,0.2103147804737091 | -0.10313913971185684,5.266464710235596,1.9070307644142304e-06 | 358.9 | -0.002613367745652795,-0.033531542867422104,3.8481996059417725 | -0.028622744604945183,0.023174284026026726,-1.7163255279228906e-06 | 0,0
4250 | 141.6666740551591 | 132.2281036376953,212.7180633544922,0.21031451225280762 | -0.11776815354824066,5.273927688598633,6.293201408880122e-07 | 358.7 | -0.003451339667662978,0.003980209119617939,3.654201030731201 | -0.050392892211675644,0.022144315764307976,-1.1442186860222137e-06 | 0,0
4260 | 142.0000074058771 | 132.1881561279297,214.4774932861328,0.21031565964221954 | -0.13281072676181793,5.280817985534668,1.5256246399530937e-07 | 358.6 | -0.004004578571766615,0.006749833934009075,3.6103429794311523 | -0.042311396449804306,0.020642278715968132,8.581638212490361e-06 | 0,0
4270 | 142.33334075659513 | 132.1436309814453,216.2392578125,0.21031539142131805 | -0.14134655892848969,5.288145065307617,2.040522986135329e-06 | 358.5 | -0.0026515857316553593,-0.025740209966897964,3.4253976345062256 | 0.007801651488989592,0.022702215239405632,6.75088886055164e-05 | 0,0
4280 | 142.66667410731316 | 132.09817504882812,217.9982147216797,0.21062152087688446 | -0.12292218208312988,5.113849639892578,8.581638439864037e-07 | 358.6 | -0.9818040132522583,-0.1790568083524704,3.104477882385254 | 0.364952951669693,-4.517297267913818,2.4600694814580493e-05 | 1,3
4290 | 143.00000745803118 | 132.1032257080078,218.8041229248047,0.22535255551338196 | 0.004035232122987509,-4.392981281853281e-05,0.0005379542708396912 | 0 | 0.0816744938492775,0.43814364075660706,-0.00020402103837113827 | -0.09518887102603912,-0.2412426620721817,0.004945883061736822 | 1,3
4300 | 143.3333408087492 | 132.10292053222656,218.80946350097656,0.2163131982088089 | -0.00034720098483376205,-0.005303229205310345,0.0008391316514462233 | 0 | 2.610288619995117,0.05439779534935951,-0.0004989198059774935 | 0.0019907935056835413,0.012133879587054253,-0.0036683641374111176 | 1,3
4310 | 143.66667415946722 | 132.10284423828125,218.8123779296875,0.21122302114963531 | 2.693624446692411e-05,-0.0014626048505306244,8.24218659545295e-05 | 0 | 0.6548965573310852,0.011577052064239979,-0.00018532264220993966 | -7.337804709095508e-05,0.007540191989392042,-0.0008804760873317719 | 0,0
4320 | 144.00000751018524 | 132.10182189941406,218.83628845214844,0.2095048427581787 | -0.009744040668010712,0.31706246733665466,-6.941591891518328e-06 | 0 | 0.9722518920898438,-0.024079658091068268,0.7883375287055969 | -0.09843664616346359,4.55288028717041,-0.00014989261399023235 | 0,0
4330 | 144.33334086090326 | 132.0855712890625,219.27064514160156,0.20458392798900604 | -0.06381995230913162,2.035892963409424,-6.583070353372023e-05 | 358.2 | 0.5613167881965637,-0.003944775089621544,-0.9355271458625793 | -0.10797823965549469,4.382568359375,0.0002786170516628772 | 0,0
4340 | 144.66667421162128 | 132.0558624267578,220.19876098632812,0.2040143609046936 | -0.08271915465593338,3.4496636390686035,1.8688900809138431e-06 | 358.6 | -0.011836419813334942,-0.014922273345291615,-1.6006889343261719 | -0.07187604159116745,4.15846061706543,0.00015389737382065505 | 0,0
4350 | 145.0000075623393 | 132.02615356445312,221.46995544433594,0.20687159895896912 | -0.05245273932814598,3.868321418762207,8.308932592626661e-05 | 359.2 | -1.2248826026916504,-0.04325490817427635,-1.8156315088272095 | 0.17693883180618286,-0.07699727267026901,-8.181173325283453e-05 | 0,0
4360 | 145.33334091305733 | 132.00856018066406,222.76239013671875,0.20894549787044525 | -0.019368520006537437,4.0738630294799805,2.421929139018175e-06 | 359.7 | 0.5961741805076599,-0.02281772345304489,-1.7215614318847656 | 0.08712222427129745,3.5625455379486084,-0.00012872458319179714 | 0,0
4370 | 145.66667426377535 | 132.00001525878906,224.3084259033203,0.20678523182868958 | 0.008311803452670574,5.047402381896973,0.014933595433831215 | 0.1 | 0.12727735936641693,-0.03826852887868881,-1.6432641744613647 | 0.21153897047042847,1.9603155851364136,0.44890090823173523 | 0,0
4380 | 146.00000761449337 | 132.00030517578125,225.63088989257812,0.21752974390983582 | 0.011885915882885456,2.07574725151062,-0.0008334677550010383 | 0.3 | -4.591830253601074,0.1498611867427826,-0.774732768535614 | -0.18058280646800995,-13.799249649047852,0.013124754652380943 | 0,0
4390 | 146.3333409652114 | 132.00062561035156,225.76568603515625,0.2199738621711731 | -8.37881161714904e-05,-0.005685451906174421,0.0006062260363250971 | 0 | 3.016256332397461,-0.0036924306768924,0.0008631509263068438 | 0.0003130341647192836,-0.009483465924859047,0.002138546435162425 | 0,0
4400 | 146.6666743159294 | 132.00064086914062,225.77001953125,0.21236933767795563 | 3.664850737550296e-05,-0.00254368269816041,0.00014945399016141891 | 0 | 1.1635481119155884,0.000527519325260073,8.56475016917102e-05 | -3.0485896786558442e-05,0.011015985161066055,-0.0013501778012141585 | 0,0
4410 | 147.00000766664743 | 132.00064086914062,225.77102661132812,0.21045047044754028 | 0.0,0.0,0.0 | 0 | 0.0,0.0,0.0 | 5.621776290354319e-05,0.017906730994582176,6.0643578763119876e-05 | 0,0
4420 | 147.33334101736546 | 132.00064086914062,225.77130126953125,0.21010303497314453 | -8.174778258762672e-07,-0.00013776779815088958,-5.663880983775016e-06 | 0 | 0.06040510907769203,-0.00032712562824599445,7.542735602328321e-06 | -4.772273769049207e-06,0.0005466061411425471,-2.6889114451478235e-05 | 0,0
4430 | 147.66667436808348 | 132.00131225585938,225.88601684570312,0.20687426626682281 | 0.007338006515055895,1.070852279663086,-5.526575114345178e-05 | 0.4 | 1.795086145401001,-0.024660304188728333,-0.22906126081943512 | 0.05413306504487991,5.284693717956543,-0.000492013874463737 | 0,0
4440 | 148.0000077188015 | 132.00457763671875,226.51199340820312,0.204117089509964 | 0.019887804985046387,2.5617034435272217,-3.079854650422931e-05 | 0.4 | 0.17243675887584686,-0.011442722752690315,-0.43665432929992676 | 0.060729119926691055,4.266886234283447,0.0002048150636255741 | 0,0
10460 | 348.6666848510504 | 168.44874572753906,187.6935272216797,0.22036033868789673 | -1.6870206594467163,-0.03229432925581932,-0.0013434840366244316 | 268.9 | 0.18804320693016052,-6.091230392456055,-0.8392369747161865 | 18.844179153442383,0.35032498836517334,0.03245976194739342 | 0,0
10470 | 349.0000182017684 | 168.381591796875,187.691650390625,0.22002333402633667 | -0.16649845242500305,-0.0017684116028249264,0.001365624601021409 | 0 | -0.10581787675619125,4.64008903503418,0.001270039938390255 | -5.189638614654541,-0.06680066883563995,-0.000684246129821986 | 0,0
10480 | 349.3333515524864 | 167.95008850097656,187.6862030029297,0.20617541670799255 | -1.9837760925292969,-0.02477870136499405,6.97019713697955e-05 | 269.3 | -0.03817181661725044,1.4907504320144653,0.031834665685892105 | -4.4012579917907715,-0.05737641453742981,-0.0018570664105936885 | 0,0
10490 | 349.66668490320444 | 167.14947509765625,187.67626953125,0.20423202216625214 | -3.26304030418396,-0.04111070930957794,-2.1377814846346155e-05 | 269.3 | -0.007861524820327759,0.16100209951400757,0.035299960523843765 | -4.1845245361328125,-0.0561324842274189,8.753270958550274e-05 | 0,0
10500 | 350.00001825392246 | 166.2853546142578,187.66534423828125,0.2151111215353012 | -0.9673194885253906,-0.012413307093083858,-8.169719512807205e-05 | 0 | 0.08112923800945282,-4.821559429168701,-0.03669577091932297 | 12.527231216430664,0.15584076941013336,-0.0029572322964668274 | 0,0
10510 | 350.3333516046405 | 166.10862731933594,187.6631622314453,0.21204493939876556 | -1.1886154413223267,-0.014526190236210823,0.00022159697255119681 | 269.3 | -0.06534387916326523,3.796076774597168,0.007580767385661602 | -5.092563152313232,-0.06197701767086983,-0.0007151369354687631 | 0,0
10520 | 350.6666849553585 | 165.44261169433594,187.65499877929688,0.20508578419685364 | -2.6704115867614746,-0.03305118903517723,-7.424070645356551e-05 | 269.3 | -0.01549562718719244,0.7101389169692993,0.0176408588886261 | -4.26414680480957,-0.05301139876246452,7.437410386046395e-05 | 0,0
10530 | 351.0000183060765 | 164.41127014160156,187.64219665527344,0.20820219814777374 | -2.4196510314941406,-0.03011343628168106,0.00014914888015482575 | 269.3 | 0.07670295238494873,-5.109747409820557,-0.07315508276224136 | 14.539310455322266,0.1766849160194397,0.0013467451790347695 | 0,0
10540 | 351.33335165679455 | 164.24197387695312,187.63999938964844,0.2182285636663437 | 0.0038548761513084173,7.199431274784729e-05,5.4827130952617154e-05 | 0 | -0.027447406202554703,1.962088942527771,0.0005874685593880713 | 0.02314206212759018,0.0013795660343021154,0.0029560879338532686 | 0,0
10550 | 351.66668500751257 | 163.85975646972656,187.63540649414062,0.2055833786725998 | -1.8801710605621338,-0.022280732169747353,-7.937061309348792e-05 | 269.3 | -0.02183486334979534,1.1711385250091553,-0.002157025970518589 | -4.443554401397705,-0.052748989313840866,-0.00029864086536690593 | 0,0
10560 | 352.0000183582306 | 163.38861083984375,187.62982177734375,0.2042904645204544 | -2.743295907974243,-0.032260697335004807,-4.805717617273331e-05 | 269.3 | -0.003257009433582425,0.2647511959075928,-0.014816445298492908 | -4.2399067878723145,-0.04683052748441696,0.00036328923306427896 | 0,0
10570 | 352.3333517089486 | 162.31658935546875,187.61727905273438,0.2073879987001419 | -2.8456125259399414,-0.03191981092095375,0.00014451479364652187 | 269.4 | 0.058739036321640015,-3.912369728088379,-0.09688922017812729 | 9.08465576171875,0.111545130610466,0.0010812863474711776 | 0,0
10580 | 352.66668505966663 | 161.97055053710938,187.6138458251953,0.21942339837551117 | 0.0014552304055541754,4.905708919977769e-05,-0.0001734635152388364 | 0 | -0.012895436026155949,0.7426371574401855,4.5894994400441647e-05 | 0.06960233300924301,0.00036676498712040484,0.0032890560105443 | 0,0
10590 | 353.00001841038465 | 161.96688842773438,187.61376953125,0.21295127272605896 | 0.0028842175379395485,9.668681741459295e-05,0.00011150407954119146 | 0 | -0.022889668121933937,1.3334792852401733,0.0002066604938590899 | -0.010003668256103992,-0.000271066150162369,-0.0007317278650589287 | 0,0
10600 | 353.3333517611027 | 161.965576171875,187.61373901367188,0.21061019599437714 | 0.0,0.0,0.0 | 0 | 0.0,0.0,0.0 | -0.02306179143488407,-0.00034841071465052664,3.947553341276944e-05 | 0,0
10610 | 353.6666851118207 | 161.9652862548828,187.61373901367188,0.21014820039272308 | 0.0001845349179347977,2.6121404061996145e-06,-5.168053121451521e-06 | 0 | -0.0012307392898947,0.08096904307603836,3.024721081601456e-06 | -0.0007297734264284372,-1.2293696272536181e-05,3.4326510558457812e-06 | 0,0
10620 | 354.0000184625387 | 161.96519470214844,187.61373901367188,0.21002818644046783 | 5.4463253036374226e-05,7.414581659759278e-07,-2.2693666323903017e-06 | 0 | -0.00034881147439591587,0.02383841946721077,7.491378255508607e-07 | -0.0001572618493810296,2.722827503021108e-06,-1.2586404409375973e-05 | 0,0
10630 | 354.33335181325674 | 161.9651641845703,187.61373901367188,0.20998859405517578 | 1.4637752428825479e-05,2.0010450896279508e-07,-7.05601394201949e-07 | 0 | -0.00010547956480877474,0.006398148834705353,1.4200803377661941e-07 | -8.605201401223894e-06,-2.2119179732271732e-07,1.773538679117337e-05 | 0,0
10640 | 354.66668516397476 | 161.96514892578125,187.61373901367188,0.20997630059719086 | 3.1261251933756284e-06,6.404388575020903e-09,-1.3349215066682518e-07 | 0 | -9.309641427535098e-06,0.001364462310448289,3.2679912109756515e-09 | 1.2818001778214239e-05,5.958983820164576e-06,-5.72109183849534e-06 | 0,0
10650 | 355.0000185146928 | 161.96514892578125,187.61373901367188,0.2099723368883133 | 0.0,0.0,0.0 | 0 | 0.0,0.0,0.0 | -4.959987199981697e-05,-6.748186024196912e-06,3.3754440664779395e-05 | 0,0
10660 | 355.3333518654108 | 161.96514892578125,187.61373901367188,0.20997126400470734 | 4.2657930521272647e-07,-2.515130681501887e-08,-1.4302730733106728e-06 | 0 | 1.5103784789971542e-05,0.0001866880338639021,6.822559850405696e-09 | -3.5183040836272994e-06,8.44475351868823e-08,4.5768715608573984e-06 | 0,0
10670 | 355.6666852161288 | 161.96514892578125,187.61373901367188,0.20997126400470734 | 1.46231371900285e-07,-4.51625261632671e-08,-1.029796635521052e-06 | 0 | 2.57161445915699e-05,6.379977276083082e-05,-9.572308501404336e-10 | 4.7561056248923705e-07,-1.2619865401575225e-06,5.721084903598239e-07 | 0,0
10680 | 356.00001856684685 | 161.96514892578125,187.61373901367188,0.20997126400470734 | 1.3173312218839328e-08,1.4773809198231902e-07,-8.96304470643372e-07 | 0 | -5.151121149538085e-05,6.073527401895262e-06,2.1541021411053407e-08 | 4.732219167635776e-07,-2.3979110252980718e-08,-4.576874744088855e-06 | 0,0
10690 | 356.33335191756487 | 161.96514892578125,187.61373901367188,0.20997126400470734 | 3.993952546466062e-08,-5.6653388647021075e-09,0.0 | 0 | 3.2831044336489867e-06,1.7399703210685402e-05,-4.335977965563842e-10 | 4.551543497655075e-07,-2.7566894544861498e-08,0.0 | 0,0
10700 | 356.6666852682829 | 161.96514892578125,187.61373901367188,0.20997126400470734 | 0.0,0.0,0.0 | 0 | 0.0,0.0,0.0 | -2.6312466161471093e-07,-4.556689873425057e-06,-6.865310297143878e-06 | 0,0
10710 | 357.0000186190009 | 161.96514892578125,187.61373901367188,0.20997126400470734 | 2.383406538797317e-08,-6.447753264637868e-08,4.767576911035576e-07 | 0 | 2.1974381525069475e-05,1.0110039511346258e-05,-1.090774226497615e-08 | 1.0740367883954605e-07,-1.7952358177808492e-07,5.721093430111068e-07 | 0,0
10720 | 357.33335196971893 | 161.96514892578125,187.61373901367188,0.20997126400470734 | -5.170306849322515e-09,4.718753032761924e-08,-2.479139880051662e-07 | 0 | -1.3988617865834385e-05,-1.9704657461261377e-06,1.0177262588229041e-08 | 2.327318249228938e-08,3.037979183773132e-07,0.0 | 0,0
10730 | 357.66668532043695 | 161.96514892578125,187.61373901367188,0.20997126400470734 | 8.96774388081667e-09,-1.744841782169715e-08,1.907030799941367e-08 | 0 | 1.031446663546376e-05,3.946639026253251e-06,-2.0672939748944685e-10 | 2.0341939688250932e-08,4.742526016343618e-08,0.0 | 0,0
10740 | 358.000018671155 | 161.96514892578125,187.61373901367188,0.20997126400470734 | -5.597420860148361e-10,1.023528728438805e-08,-7.628123199765469e-08 | 0 | -5.755536676588235e-06,-2.5691215910228493e-07,2.278537775124434e-10 | -7.853643069211103e-09,7.538169910503711e-08,-1.1442184586485382e-06 | 0,0
10750 | 358.333352021873 | 161.96514892578125,187.61373901367188,0.20997126400470734 | 0.0,0.0,0.0 | 0 | 0.0,0.0,0.0 | 2.66945448856859e-07,1.475135320561094e-07,8.581638212490361e-06 | 0,0
10760 | 358.666685372591 | 161.96514892578125,187.61373901367188,0.20997126400470734 | 4.063264835707514e-09,-7.5604873472912e-09,0.0 | 0 | 4.237737812218256e-06,1.7851402844826225e-06,-1.5450302148778405e-10 | 7.447721994680023e-09,-4.900719474676407e-08,0.0 | 0,0
10770 | 359.00001872330904 | 161.96514892578125,187.61373901367188,0.20997126400470734 | -5.734807073665138e-10,-1.4352482535784361e-09,-1.1442184444376835e-07 | 0 | 6.505495662167959e-07,-2.512267656129552e-07,-9.279255142047305e-11 | 7.448597738601848e-09,-4.900627104120758e-08,0.0 | 0,0
10780 | 359.33335207402706 | 161.96514892578125,187.61373901367188,0.20997126400470734 | 9.41866917791856e-10,3.2283800632804116e-10,-5.7210922221884175e-08 | 0 | -3.743990930615837e-07,4.0774426679490716e-07,-5.0650778710137345e-11 | 7.4482131573461174e-09,-4.901234973431201e-08,0.0 | 0,0
10790 | 359.6666854247451 | 161.96514892578125,187.61373901367188,0.20997126400470734 | -1.8074706176207656e-09,4.420321886300371e-09,-9.535153111528416e-08 | 0 | -2.3971713289938634e-06,-7.92273795013898e-07,1.4388266966758323e-10 | -2.1569041663838107e-08,4.933579234034369e-08,-1.1442182312748628e-06 | 0,0
10800 | 360.0000187754631 | 161.96514892578125,187.61373901367188,0.20997126400470734 | 0.0,0.0,0.0 | 0 | 0.0,0.0,0.0 | -1.72316383384441e-08,-4.759054661462869e-08,4.576873834594153e-06 | 0,0
10810 | 360.3333521261811 | 161.96514892578125,187.61373901367188,0.20997126400470734 | -7.447742422783676e-10,3.908450452172474e-09,-1.7163276311293885e-07 | 0 | -2.0962918370059924e-06,-3.2710997288631916e-07,1.4450325658277308e-10 | -2.1569190877812616e-08,4.931535357854955e-08,-1.1442183449617005e-06 | 0,0
10820 | 360.66668547689915 | 161.96514892578125,187.61373901367188,0.20997126400470734 | -1.5174111966942405e-09,-1.088401813120754e-09,-1.3349215066682518e-07 | 0 | 4.464075118448818e-07,-6.642156904490548e-07,-9.533421274632303e-11 | 7.452171324473511e-09,-4.9308280125615056e-08,0.0 | 0,0
10830 | 361.00001882761717 | 161.96514892578125,187.61373901367188,0.20997126400470734 | 1.6485981468861155e-09,-1.107647529252631e-09,-1.907030799941367e-08 | 0 | 7.907136136964255e-07,7.266168609021406e-07,1.0340061445957005e-10 | -7.505342125568859e-09,1.631888935094139e-08,-5.721092293242691e-07 | 0,0
10840 | 361.3333521783352 | 161.96514892578125,187.61373901367188,0.20997126400470734 | -8.244596116924185e-10,5.345395792666352e-10,-5.7210922221884175e-08 | 0 | -4.948266223436804e-07,-3.64232107585849e-07,-6.889726983372313e-11 | 7.921286737655464e-09,-6.723767143057557e-08,0.0 | 0,0
10850 | 361.6666855290532 | 161.96514892578125,187.61373901367188,0.20997126400470734 | 0.0,0.0,0.0 | 0 | 0.0,0.0,0.0 | 3.2406621830460836e-09,2.38118804674059e-08,4.576873834594153e-06 | 0,0
10860 | 362.00001887977123 | 161.96514892578125,187.61373901367188,0.20997126400470734 | 2.269672227939168e-10,1.3948883159642378e-09,-1.3349215066682518e-07 | 0 | -9.53770722844638e-07,9.417251334298271e-08,-6.050254741651884e-11 | -6.6159975276036675e-09,-1.597845411538401e-08,-5.721091724808502e-07 | 0,0
10870 | 362.33335223048925 | 161.96514892578125,187.61373901367188,0.20997126400470734 | -1.5331897973425157e-09,-4.803671904696216e-10,-1.3349215066682518e-07 | 0 | 4.610510018210334e-07,-6.639905336669472e-07,7.158135889584472e-11 | -2.2041870550992826e-08,6.755911385880609e-08,-1.1442184586485382e-06 | 0,0
10880 | 362.6666855812073 | 161.96514892578125,187.61373901367188,0.20997126400470734 | -1.4069669908300941e-11,2.461808534803822e-09,-7.628123199765469e-08 | 0 | -1.3281951396493241e-06,-1.1901923002710646e-08,3.8443796757103854e-11 | 2.137174348604276e-08,2.4981469337603812e-08,0.0 | 0,0
10890 | 363.0000189319253 | 161.96514892578125,187.61373901367188,0.20997126400470734 | 3.5248362562079194e-10,-8.617042079883674e-10,-1.907030799941367e-08 | 0 | 6.780704211450939e-07,1.6028820937208366e-07,8.048280097927574e-11 | -7.724637041128801e-10,5.687289572620102e-08,-5.721092293242691e-07 | 0,0
10900 | 363.3333522826433 | 161.96514892578125,187.61373901367188,0.20997126400470734 | 0.0,0.0,0.0 | 0 | 0.0,0.0,0.0 | 3.2735890442836535e-08,-9.308446635714063e-08,5.721091383747989e-06 | 0,0
10910 | 363.66668563336134 | 161.96514892578125,187.61373901367188,0.20997126400470734 | 9.693831293233757e-10,-2.83459078431747e-09,-9.535153111528416e-08 | 0 | 1.729256382532185e-06,4.265458812824363e-07,-1.839873392528446e-11 | 1.4166470663212749e-08,2.6617039683429766e-09,0.0 | 0,0
10920 | 364.00001898407936 | 161.96514892578125,187.61373901367188,0.20997126400470734 | 1.09094622224859e-09,-3.3258327203355975e-09,-5.7210922221884175e-08 | 0 | 2.016538019233849e-06,4.805091293746955e-07,-2.5489546237600358e-11 | 1.4166248618607824e-08,2.661690645666681e-09,0.0 | 0,0
10930 | 364.3333523347974 | 161.96514892578125,187.61373901367188,0.20997126400470734 | -1.186754139403945e-09,3.366113221492384e-10,-9.535153111528416e-08 | 0 | -9.627563635206116e-09,-5.139906420481566e-07,8.152065827937705e-11 | -2.156909317818645e-08,4.935813890938334e-08,-1.1442182312748628e-06 | 0,0
10940 | 364.6666856855154 | 161.96514892578125,187.61373901367188,0.20997126400470734 | 1.3013125021998917e-09,-4.908942141668149e-10,0.0 | 0 | 1.0661600668981919e-07,5.66247763345018e-07,-6.667114083036552e-11 | 7.495496667786483e-09,-6.337361213581971e-08,0.0 | 0,0
10950 | 365.0000190362334 | 161.96514892578125,187.61373901367188,0.20997126400470734 | 0.0,0.0,0.0 | 0 | 0.0,0.0,0.0 | -3.2521871418111914e-08,8.320956368379484e-08,3.432655148571939e-06 | 0,0
10960 | 365.33335238695145 | 161.96514892578125,187.61373901367188,0.20997126400470734 | -2.1480075496072004e-09,4.477799020463635e-09,-2.0977338976990723e-07 | 0 | -2.500350319678546e-06,-9.474804869569198e-07,5.3652551151861516e-11 | 1.1661337173674013e-10,3.405408932621867e-08,-5.721097977584577e-07 | 0,0
10970 | 365.66668573766947 | 161.96514892578125,187.61373901367188,0.20997126400470734 | 1.517843406517727e-09,1.8408441437856027e-09,-7.628123199765469e-08 | 0 | -1.221198431267112e-06,6.571558515133802e-07,-4.3058969584341966e-11 | 1.4653827484778503e-08,-2.6718458556729274e-08,0.0 | 0,0
10980 | 366.0000190883875 | 161.96514892578125,187.61373901367188,0.20997126400470734 | -6.872682978276146e-10,-1.9205985690717853e-09,-7.628123199765469e-08 | 0 | 9.341032978227304e-07,-3.000933190833166e-07,-1.020082004976608e-10 | 7.451946615333327e-09,-4.9308138017067904e-08,0.0 | 0,0
10990 | 366.3333524391055 | 161.96514892578125,187.61373901367188,0.20997126400470734 | 1.2998211396109127e-09,-1.9549695196019456e-11,0.0 | 0 | 1.1793775911428384e-07,5.663614501827396e-07,1.506283986429935e-11 | 2.0901094188729985e-08,4.2999733551596364e-08,0.0 | 0,0
11000 | 366.66668578982353 | 161.96514892578125,187.61373901367188,0.20997126400470734 | 0.0,0.0,0.0 | 0 | 0.0,0.0,0.0 | 3.2432565522100276e-09,2.3805791116160435e-08,4.576873834594153e-06 | 0,0
11010 | 367.00001914054155 | 161.96514892578125,187.61373901367188,0.20997126400470734 | 1.5264234104125918e-12,5.044067385995277e-10,-1.3349215066682518e-07 | 0 | -1.8620592356910493e-07,-1.7067793844915968e-09,8.118029685977302e-12 | 2.0927652499835858e-08,3.069476406381e-08,0.0 | 0,0
11020 | 367.3333524912596 | 161.96514892578125,187.61373901367188,0.20997126400470734 | 8.070882850930161e-10,1.096694735025494e-09,-9.535153111528416e-08 | 0 | -4.567590394799481e-07,3.556929470960313e-07,1.1781131625809849e-10 | -2.2042103253738787e-08,6.755642090183755e-08,-1.1442182312748628e-06 | 0,0
11030 | 367.6666858419776 | 161.96514892578125,187.61373901367188,0.20997126400470734 | -4.3897904755674233e-10,-3.5543921139691292e-09,-7.628123199765469e-08 | 0 | 1.8891996660386212e-06,-1.8877942409289972e-07,-1.2676680538614704e-10 | 7.448677230570411e-09,-4.901380279420664e-08,0.0 | 0,0
11040 | 368.0000191926956 | 161.96514892578125,187.61373901367188,0.20997126400470734 | 1.0748588685771665e-09,-1.3171695956160079e-09,0.0 | 0 | 8.758441936151939e-07,4.7033586270117667e-07,-8.232567405563884e-12 | 2.0898792030266122e-08,4.320893864928621e-08,0.0 | 0,0
11050 | 368.33335254341364 | 161.96514892578125,187.61373901367188,0.20997126400470734 | 0.0,0.0,0.0 | 0 | 0.0,0.0,0.0 | -3.926990643776662e-08,4.427960931252528e-08,3.432655148571939e-06 | 0,0
11060 | 368.66668589413166 | 161.96514892578125,187.61373901367188,0.20997126400470734 | -1.3803288512193035e-09,-3.533828563107022e-09,-1.5256246399530937e-07 | 0 | 1.8756466033664765e-06,-6.000744861012208e-07,-1.3453946290375995e-10 | 7.4489743262518004e-09,-4.904785555481794e-08,0.0 | 0,0
11070 | 369.0000192448497 | 161.96514892578125,187.61373901367188,0.20997126400470734 | 5.586647255917399e-10,2.7403312952145598e-09,-9.535153111528416e-08 | 0 | -1.4115116755419876e-06,2.4437144929834176e-07,1.3636133888716984e-10 | -2.1569778851926458e-08,4.935607833544964e-08,-1.1442182312748628e-06 | 0,0
11080 | 369.3333525955677 | 161.94879150390625,187.61380004882812,0.20940668880939484 | -0.3028723895549774,-0.003399020992219448,-1.1442184586485382e-06 | 0 | -0.016317050904035568,1.2305139303207397,0.021156808361411095 | -6.662090301513672,-0.13347972929477692,-2.517280518077314e-05 | 0,0
11090 | 369.6666859462857 | 161.48768615722656,187.6084747314453,0.2042156159877777 | -2.1323354244232178,-0.023689500987529755,-6.5849773818627e-05 | 269.4 | -0.0052992068231105804,0.4598723351955414,-0.06693044304847717 | -4.426760196685791,-0.04550473392009735,0.0002706075320020318 | 0,0
11100 | 370.00001929700375 | 160.75277709960938,187.60023498535156,0.20771034061908722 | -2.20676326751709,-0.02280857227742672,6.747074803570285e-05 | 269.4 | 0.01649298146367073,-0.9832698106765747,-0.10456887632608414 | 0.04392385110259056,0.0056853885762393475,-0.00020710349781438708 | 0,0
11110 | 370.33335264772177 | 159.9609832763672,187.59210205078125,0.20761412382125854 | -2.896308183670044,-0.027013583108782768,-2.7232397769694217e-05 | 269.5 | -0.012627264484763145,1.3120412826538086,-0.1438901722431183 | -4.508449554443359,-0.03885134682059288,-0.0002351368748350069 | 0,0
11120 | 370.6666859984398 | 158.90634155273438,187.5822296142578,0.2101948857307434 | -2.2890775203704834,-0.018254436552524567,8.162091398844495e-05 | 269.5 | 0.03577525541186333,-4.646526336669922,-0.21462106704711914 | 11.981184005737305,0.095966637134552,0.00010526796540943906 | 0,0
11130 | 371.0000193491578 | 158.66732788085938,187.579345703125,0.21648356318473816 | -0.6684350371360779,-0.004180215299129486,0.0001711750664981082 | 0 | -0.011158025823533535,3.7708451747894287,-0.1450895518064499 | -6.019989967346191,-0.060273177921772,0.0033170885872095823 | 0,0
11140 | 371.33335269987583 | 158.14047241210938,187.57589721679688,0.20615142583847046 | -2.2711803913116455,-0.012923134490847588,-5.816443808726035e-05 | 269.7 | -0.012036960572004318,1.321155309677124,-0.13706815242767334 | -4.332711219787598,-0.016908280551433563,-0.0005337778711691499 | 0,0
11150 | 371.66668605059385 | 157.13430786132812,187.5701141357422,0.20426422357559204 | -3.6767473220825195,-0.016825547441840172,-2.3113210772862658e-05 | 269.7 | 0.005417971406131983,0.1269364207983017,-0.2354409545660019 | -4.1384406089782715,-0.004543158691376448,0.00028948733233846724 | 0,0
11160 | 372.0000194013119 | 156.17385864257812,187.5654296875,0.21608448028564453 | -1.0330979824066162,-0.003818787634372711,-0.0001363145565846935 | 269.8 | 0.014535455964505672,-5.345011234283447,-0.16139186918735504 | 13.508515357971191,0.035583049058914185,-0.003560807555913925 | 0,0
11170 | 372.3333527520299 | 156.06080627441406,187.56500244140625,0.21247553825378418 | -1.0062779188156128,-0.002445866819471121,0.00032242166344076395 | 269.9 | -0.023221176117658615,4.322690963745117,-0.0664035826921463 | -5.065530300140381,-0.011296234093606472,-0.0010744211031123996 | 0,0
11180 | 372.6666861027479 | 155.56654357910156,187.56350708007812,0.2059030532836914 | -2.145719051361084,-0.004200360272079706,-6.125382788013667e-05 | 269.9 | 0.00027004341245628893,0.6917292475700378,-0.15031538903713226 | -3.532268762588501,0.010973712429404259,-0.00017620963626541197 | 0,0
11190 | 373.00001945346594 | 154.64752197265625,187.56130981445312,0.20509113371372223 | -3.3014886379241943,-0.0042359353974461555,-9.477942512603477e-06 | 269.9 | 0.00588079821318388,0.028499282896518707,-0.20504410564899445 | -3.426360845565796,0.009109297767281532,0.0001390225370414555 | 0,0
11200 | 373.33335280418396 | 153.34957885742188,187.55966186523438,0.20514923334121704 | -4.41613245010376,-0.00028290721820667386,1.6781871181592578e-06 | 270.0 | 0.009412416256964207,-0.07220117002725601,-0.26450884342193604 | -3.135823965072632,0.019469382241368294,-2.4028584448387846e-05 | 0,0
11210 | 373.666686154902 | 151.74356079101562,187.5595245361328,0.20712855458259583 | -5.061850547790527,0.0049892812967300415,0.008992603048682213 | 270.1 | -0.00028985258541069925,-0.6957955360412598,-0.2509858310222626 | -0.9460830092430115,0.0159552451223135,-0.17990203201770782 | 0,0
11220 | 374.00001950562 | 150.03041076660156,187.5607452392578,0.20948642492294312 | -5.166534900665283,0.005620857235044241,-0.0010534437606111169 | 270.1 | -0.018126143142580986,-0.41265860199928284,2.115244150161743 | 0.7621621489524841,0.00621569762006402,0.002441763412207365 | 0,0
11230 | 374.333352856338 | 148.3357696533203,187.562744140625,0.21033526957035065 | -5.1260504722595215,0.008537780493497849,-0.0002620832237880677 | 270.1 | -0.016053076833486557,0.2752743661403656,1.893951177597046 | -0.121092788875103,-0.0024019458796828985,0.0014651722740381956 | 0,0
11240 | 374.66668620705605 | 146.63304138183594,187.56578063964844,0.2102200984954834 | -5.160961151123047,0.011051218025386333,-4.670318230637349e-05 | 270.1 | -0.010522022843360901,0.27687734365463257,1.9074753522872925 | -0.0700378343462944,0.004013254772871733,0.000344981875969097 | 0,0
11250 | 375.00001955777407 | 144.92259216308594,187.56948852539062,0.21025271713733673 | -5.1748785972595215,0.012631671503186226,-7.570911748189246e-06 | 270.1 | -0.011364301666617393,0.25803342461586,1.9366573095321655 | -0.026063917204737663,-0.0037162562366575003,0.0001138497464125976 | 0,0
11260 | 375.3333529084921 | 143.20907592773438,187.57373046875,0.21029032766819 | -5.181529998779297,0.013803306967020035,-3.585217882573488e-06 | 270.2 | -0.00810565147548914,0.26593270897865295,1.9515488147735596 | -0.01833915524184704,0.0016256141243502498,-5.663881165673956e-05 | 0,0
11270 | 375.6666862592101 | 141.49346923828125,187.57827758789062,0.21030201017856598 | -5.187502861022949,0.014577114023268223,-1.2586402817760245e-06 | 270.2 | -0.008099975995719433,0.27027270197868347,1.963058590888977 | -0.017838476225733757,0.0009047425701282918,-6.407623004633933e-05 | 0,0
11280 | 376.00001960992813 | 139.77581787109375,187.5831756591797,0.21030303835868835 | -5.193857192993164,0.0149301216006279,-1.6972574030660326e-06 | 270.2 | -0.0074269892647862434,0.2721908688545227,1.9713363647460938 | -0.02124309353530407,-0.0007748230709694326,-2.7461243007564917e-05 | 0,0
11290 | 376.33335296064615 | 138.0556640625,187.5882110595703,0.210296168923378 | -5.202364444732666,0.015155700035393238,1.487483928030997e-06 | 270.2 | -0.00566830113530159,0.27332574129104614,1.9717068672180176 | -0.02792358212172985,0.002031884854659438,7.723474118392915e-05 | 0,0
11300 | 376.6666863113642 | 136.3324737548828,187.59327697753906,0.210291787981987 | -5.211415767669678,0.015133778564631939,-1.8307495111002936e-06 | 270.2 | -0.006589876487851143,0.2704605758190155,1.974774956703186 | -0.025835035368800163,-0.00040878538857214153,-7.609052408952266e-05 | 0,0
11310 | 377.0000196620822 | 134.6063995361328,187.59835815429688,0.21029376983642578 | -5.219555377960205,0.015069476328790188,-2.0214527012285544e-06 | 270.2 | -0.005505835637450218,0.2693878710269928,1.9737563133239746 | -0.024433134123682976,8.541158604202792e-05,-3.833131631836295e-05 | 0,0
11320 | 377.3333530128002 | 132.87757873535156,187.6034393310547,0.21029387414455414 | -5.227874755859375,0.014989820308983326,-2.479139880051662e-07 | 270.2 | -0.005771787837147713,0.26935553550720215,1.9698542356491089 | -0.025420187041163445,-0.0007469113334082067,2.8605461920960806e-05 | 0,0
11330 | 377.66668636351824 | 131.14598083496094,187.60853576660156,0.2102949470281601 | -5.235726356506348,0.014870049431920052,1.353991819996736e-06 | 270.2 | -0.005962333641946316,0.26737478375434875,1.968604326248169 | -0.02097129635512829,-0.0010547226993367076,6.350412149913609e-05 | 0,0
11340 | 378.00001971423626 | 129.23843383789062,187.6139373779297,0.21029841899871826 | -5.243433952331543,0.014532464556396008,2.6698430701799225e-06 | 270.2 | -0.0057992711663246155,0.2680666744709015,1.9687472581863403 | -0.0223159771412611,-0.0013462452916428447,4.977349817636423e-05 | 0,0
11350 | 378.3333530649543 | 127.67549896240234,187.61819458007812,0.21029724180698395 | -5.250221252441406,0.014086239039897919,-2.1549446955759777e-06 | 270.2 | -0.005570574197918177,0.26787835359573364,1.9698340892791748 | -0.022244451567530632,-0.0014380271313712,-5.778302875114605e-05 | 0,0
11360 | 378.6666864156723 | 125.93656158447266,187.622802734375,0.2102988064289093 | -5.257076740264893,0.013264598324894905,-6.483904826382059e-07 | 270.1 | -0.006193250417709351,0.26636478304862976,1.9756590127944946 | -0.019383428618311882,-0.0034158488269895315,-2.002382097998634e-05 | 0,0
11370 | 379.0000197663903 | 124.19539642333984,187.6271514892578,0.21029925346374512 | -5.263960838317871,0.012134111486375332,-1.907030799941367e-08 | 270.1 | -0.006685290951281786,0.2674289047718048,1.9808359146118164 | -0.022144315764307976,-0.005219159182161093,-2.7461241188575514e-05 | 0,0
11380 | 379.33335311710835 | 122.4516830444336,187.63108825683594,0.2102954089641571 | -5.272900104522705,0.010707118548452854,-1.411202788403898e-06 | 270.1 | -0.005472864490002394,0.2673221230506897,1.9821796417236328 | -0.025262830778956413,-0.004362975712865591,-2.7461243007564917e-05 | 0,0
11390 | 379.66668646782637 | 120.7052230834961,187.6345672607422,0.2102939486503601 | -5.280106544494629,0.009232435375452042,8.390935590796289e-07 | 270.1 | -0.005257090087980032,0.26558682322502136,1.9862287044525146 | -0.02334594540297985,-0.004812273662537336,4.004764832643559e-06 | 0,0
11400 | 380.0000198185444 | 118.95613861083984,187.6374969482422,0.21029514074325562 | -5.287734031677246,0.007332082372158766,2.5554211333655985e-06 | 270.1 | -0.005193733144551516,0.2646495997905731,1.9917304515838623 | -0.021758077666163445,-0.003947163466364145,0.00010240754636470228 | 0,0
11410 | 380.3333531692624 | 117.20457458496094,187.6398162841797,0.21029643714427948 | -5.294998645782471,0.005347498692572117,1.4302730733106728e-06 | 270.1 | -0.004761035088449717,0.2649136781692505,1.9918320178985596 | -0.022759435698390007,-0.005513377953320742,-1.2586400771397166e-05 | 0,0
11420 | 380.66668651998043 | 115.27497100830078,187.6415557861328,0.21029631793498993 | -5.303190231323242,0.0031186281703412533,3.2419524131910293e-07 | 270.0 | -0.001696283114142716,0.2640667259693146,1.9885599613189697 | -0.021758077666163445,-0.0007044500089250505,-6.979732279432938e-05 | 0,0
11430 | 381.00001987069845 | 113.6939926147461,187.642333984375,0.21029651165008545 | -5.309657096862793,0.0010713199153542519,1.8307495111002936e-06 | 270.0 | -0.004113218747079372,0.26342591643333435,1.9885151386260986 | -0.0209426861256361,-0.005155341699719429,1.601905569259543e-05 | 0,0
11440 | 381.3333532214165 | 111.75914001464844,187.64251708984375,0.2102990746498108 | -5.3168625831604,-0.0012104830238968134,-2.4600697088317247e-06 | 270.0 | -0.0041559431701898575,0.2627553939819336,1.9835598468780518 | -0.01986980251967907,-0.005410319194197655,-2.631702591315843e-05 | 0,0
11450 | 381.6666865721345 | 110.174072265625,187.64208984375,0.21029898524284363 | -5.3229875564575195,-0.0029685422778129578,1.1251480600549257e-06 | 270.0 | -0.004504791926592588,0.26316705346107483,1.9768606424331665 | -0.02097129635512829,-0.004413539543747902,3.77592041331809e-05 | 0,0
11460 | 382.0000199228525 | 108.41065979003906,187.64097595214844,0.21029773354530334 | -5.329995155334473,-0.004908030387014151,1.5828354662517086e-06 | 269.9 | -0.007307771127671003,0.2623629868030548,1.972058653831482 | -0.02044200710952282,-0.008947331458330154,-3.4326578770560445e-06 | 0,0
11470 | 382.33335327357054 | 106.64495086669922,187.6393280029297,0.2102980762720108 | -5.33681583404541,-0.0063871899619698524,5.911795142310439e-07 | 269.9 | -0.003314550034701824,0.2621700167655945,1.9584144353866577 | -0.021300313994288445,-0.002709687454625964,-5.263404455035925e-05 | 0,0
11480 | 382.66668662428856 | 104.87689208984375,187.6371307373047,0.21029731631278992 | -5.343912124633789,-0.007754933089017868,2.8414758617145708e-06 | 269.9 | -0.004209041129797697,0.26182371377944946,1.9467881917953491 | -0.0218582134693861,-0.0031430597882717848,2.059593316516839e-05 | 0,0
11490 | 383.0000199750066 | 103.1064224243164,187.63449096679688,0.21029704809188843 | -5.35093879699707,-0.00898770336061716,1.6019057511584833e-06 | 269.9 | -0.004322319757193327,0.26062121987342834,1.9378474950790405 | -0.02014159969985485,-0.0023261175956577063,2.460069299559109e-05 | 0,0
11500 | 383.3333533257246 | 101.33374786376953,187.63150024414062,0.21029914915561676 | -5.357229709625244,-0.009935691952705383,2.479139880051662e-07 | 269.9 | -0.004310709424316883,0.25992876291275024,1.9268982410430908 | -0.018696783110499382,-0.0022495349403470755,5.492247873917222e-05 | 0,0
11510 | 383.6666866764426 | 99.55904388427734,187.6281280517578,0.2103007435798645 | -5.363264083862305,-0.010648698545992374,-1.735397972879582e-06 | 269.9 | -0.002451602602377534,0.25977203249931335,1.9158564805984497 | -0.01838207058608532,0.0014516616938635707,-7.551841554231942e-05 | 0,0
16110 | 537.0000280067325 | 99.02472686767578,191.6792755126953,0.21034663915634155 | 5.440125465393066,-0.005155458115041256,-2.8605461466213455e-07 | 90.1 | -0.004416211042553186,0.2510986030101776,1.9470068216323853 | 0.015406607650220394,-0.01034090667963028,3.6614987038774416e-05 | 0,0
16120 | 537.3333613574505 | 100.85060119628906,191.67784118652344,0.21034693717956543 | 5.445324420928955,-0.000667782558593899,2.116804125762428e-06 | 90.0 | 0.006746287923306227,0.250521719455719,1.9406059980392456 | 0.015377997420728207,0.015511952340602875,3.6614987038774416e-05 | 0,0
16130 | 537.6666947081685 | 102.86101531982422,191.6779327392578,0.21034766733646393 | 5.450865745544434,0.003557514166459441,-1.029796635521052e-06 | 90.0 | 0.004783194046467543,0.2500830888748169,1.922054409980774 | 0.015134810470044613,0.013784954324364662,-6.979732279432938e-05 | 0,0
16140 | 538.0000280588865 | 104.6904067993164,191.67926025390625,0.21034786105155945 | 5.45585298538208,0.006503640208393335,1.220499711962475e-06 | 89.9 | 0.003118162974715233,0.2496727555990219,1.8948203325271606 | 0.015134810470044613,0.017068305984139442,5.949935439275578e-05 | 0,0
16150 | 538.3333614096045 | 106.33827209472656,191.6813201904297,0.21034835278987885 | 5.460179805755615,0.008879085071384907,-2.8605461466213455e-07 | 89.9 | 0.003801969811320305,0.2497369945049286,1.8810245990753174 | 0.01386165525764227,0.008249356411397457,-3.4326552849961445e-05 | 0,0
16160 | 538.6666947603226 | 108.17068481445312,191.68431091308594,0.21034854650497437 | 5.4649481773376465,0.010171507485210896,-1.5256246399530937e-07 | 89.9 | 0.003976067528128624,0.2490781545639038,1.8456742763519287 | 0.014305113814771175,0.006662746425718069,-2.6889130822382867e-05 | 0,0
16170 | 539.0000281110406 | 110.00466918945312,191.6876983642578,0.21034903824329376 | 5.46958065032959,0.010253716260194778,-2.0977338408556534e-06 | 89.9 | -0.012749254703521729,0.24881257116794586,1.8035064935684204 | 0.013718604110181332,-0.022957947105169296,-4.233607978676446e-05 | 0,0
16180 | 539.3333614617586 | 111.84017944335938,191.6912078857422,0.21034888923168182 | 5.474316120147705,0.01157540176063776,-7.628122489222733e-07 | 89.9 | 0.02091311477124691,0.24819737672805786,1.8179670572280884 | 0.014648436568677425,0.02921772003173828,-4.462451397557743e-05 | 1,5
16190 | 539.6666948124766 | 113.46016693115234,191.6913299560547,0.22038142383098602 | 1.8241857290267944,-0.0029459695797413588,-0.001906954450532794 | 90.1 | 0.05422576144337654,6.081590175628662,0.32414892315864563 | -18.891115188598633,0.027095576748251915,0.04058314114809036 | 1,5
16200 | 540.0000281631947 | 113.5374984741211,191.6910858154297,0.22193390130996704 | -0.00651685893535614,0.00013626660802401602,0.001428060932084918 | 0 | 0.00416059885174036,-3.619377613067627,0.0011588012566789985 | -0.010346676222980022,-0.0005541415303014219,0.0016762827290222049 | 1,5
16210 | 540.3333615139127 | 113.54300689697266,191.6910858154297,0.212461918592453 | -0.0026776487939059734,-2.6886897103395313e-05,0.00027661482454277575 | 0 | 0.004226601216942072,-1.2275469303131104,0.00010649793694028631 | 0.011803179048001766,3.951881444663741e-05,-0.00223751924932003 | 1,5
16220 | 540.6666948646307 | 113.544189453125,191.6910858154297,0.2103802114725113 | -0.0005188616341911256,-3.579642893214441e-08,9.21095852390863e-06 | 0 | 4.389707464724779e-05,-0.22879302501678467,2.432019027764909e-05 | 0.0030687490943819284,5.482354936248157e-06,-0.00018822391575668007 | 1,5
16230 | 541.0000282153487 | 113.5443344116211,191.6910858154297,0.21010062098503113 | -0.00010640032996889204,6.888801635795971e-07,-2.8414758617145708e-06 | 0 | -0.00040224663098342717,-0.046608421951532364,3.7652591799997026e-06 | 0.00010162511171074584,-3.62816899723839e-06,1.6019059330574237e-05 | 1,5
16240 | 541.3333615660667 | 113.5444107055664,191.6910858154297,0.2100086212158203 | -2.2584599719266407e-05,3.132048220777506e-07,-1.1442184586485382e-06 | 0 | -0.00017487506556790322,-0.009862855076789856,5.508426852429693e-07 | -9.982622577808797e-05,-1.7553898032929283e-06,-5.72109183849534e-06 | 1,5
16250 | 541.6666949167848 | 113.54443359375,191.6910858154297,0.20998141169548035 | 0.0,0.0,0.0 | 0 | 0.0,0.0,0.0 | 0.0003543275815900415,1.4056940926820971e-06,4.6340843255165964e-05 | 1,5
16260 | 542.0000282675028 | 113.54443359375,191.6910858154297,0.20997412502765656 | -3.1719921480544144e-06,1.1106721586884305e-07,-1.7544682577863568e-06 | 0 | -4.614201679942198e-05,-0.0013878497993573546,1.1862449156296861e-07 | 1.4668936273665167e-05,4.614442786987638e-06,-6.293200385698583e-06 | 1,5
16270 | 542.3333616182208 | 113.54444122314453,191.6910858154297,0.20997169613838196 | -9.12710788725235e-07,1.5616514303928852e-08,-1.0679372053346015e-06 | 0 | -3.501312676235102e-06,-0.00039971605292521417,3.8382765410460706e-08 | 2.3343850443779957e-06,2.165244126217658e-07,-3.432654466450913e-06 | 1,5
16280 | 542.6666949689388 | 113.54444122314453,191.6910858154297,0.20997169613838196 | -2.285024010006964e-07,9.940713141531887e-09,-6.865310524517554e-07 | 0 | -6.0803758969996125e-06,-9.986648365156725e-05,7.91816034961812e-09 | 1.6845817754074233e-06,6.408180208694603e-09,-1.2014292224193923e-05 | 1,5
16290 | 543.0000283196568 | 113.54444122314453,191.6910858154297,0.2099706530570984 | -8.041202903541489e-08,9.880483986535182e-09,-3.8140612446113664e-07 | 0 | -5.37413097845274e-06,-3.501062383293174e-05,4.342472770257899e-10 | -9.387518389303295e-07,1.1140640765461285e-07,-4.576872925099451e-06 | 1,5
16300 | 543.3333616703749 | 113.54444122314453,191.6910858154297,0.2099706530570984 | 0.0,0.0,0.0 | 0 | 0.0,0.0,0.0 | 4.7263236524486274e-07,-4.120751668779121e-07,4.5768731069983914e-05 | 1,5
16310 | 543.6666950210929 | 113.54444122314453,191.6910858154297,0.2099706530570984 | -1.6754555076659017e-08,6.370778127262611e-09,-1.1442184586485382e-06 | 0 | 9.62835542850371e-07,-7.0853343459020834e-06,-4.958557564549437e-09 | -7.452832306853452e-08,1.2394322368436406e-07,-3.432654466450913e-06 | 1,5
16320 | 544.0000283718109 | 113.54444122314453,191.6910858154297,0.2099706530570984 | -1.115227377113115e-08,2.2814102607071618e-08,-1.029796635521052e-06 | 0 | -8.125964995997492e-06,-4.64651611764566e-06,-5.494102506276022e-09 | -4.673221454254417e-08,2.599717561224679e-07,-4.004764832643559e-06 | 1,5
16330 | 544.3333617225289 | 113.54444122314453,191.6910858154297,0.2099706530570984 | 2.4373077778250263e-08,-1.1297630209128329e-07,-1.106077775148151e-06 | 0 | 4.913091834168881e-05,1.0423619642097037e-05,1.0898011382209916e-08 | 8.301876164296118e-07,-3.3309318041574443e-06,-1.6591166058788076e-05 | 1,5
16340 | 544.666695073247 | 113.54444122314453,191.6910858154297,0.2099706530570984 | 1.1445423497846718e-09,1.1371904307111436e-08,-3.8140612446113664e-07 | 0 | -6.16184752288973e-06,4.951278356202238e-07,-3.325030806244911e-10 | 1.3716746849468109e-08,1.269640819145934e-07,-4.576872925099451e-06 | 1,5
16350 | 545.000028423965 | 113.54444122314453,191.6910858154297,0.2099706530570984 | 0.0,0.0,0.0 | 0 | 0.0,0.0,0.0 | -7.686135745643696e-07,2.947818757093046e-06,6.121568731032312e-05 | 1,5
16360 | 545.333361774683 | 113.54444122314453,191.6910858154297,0.2099706530570984 | -3.4554095140748586e-09,1.3916950258874294e-08,-1.4684136431242223e-06 | 0 | -5.777209480584133e-06,-1.507752699581033e-06,1.6883734688111218e-10 | -8.165872600329749e-07,3.607065082178451e-06,7.437420663336525e-06 | 1,5
16370 | 545.666695125401 | 113.54444122314453,191.6910858154297,0.2099706530570984 | 5.424693583222506e-09,-4.31934155109559e-10,-1.1442184586485382e-06 | 0 | 5.118037620377436e-07,2.3653674361412413e-06,-1.5544331100070252e-10 | 4.213233495420354e-08,6.834656574028486e-08,-4.576874744088855e-06 | 1,5
16380 | 546.000028476119 | 113.54444122314453,191.6910858154297,0.2099706530570984 | 2.5987123564163994e-08,-1.0251065418742655e-07,-1.3158512501831865e-06 | 0 | 4.2949701310135424e-05,1.1124268894491252e-05,1.0713285369945424e-08 | 8.300871741084848e-07,-3.3791473015298834e-06,-1.6591169696766883e-05 | 1,5
16390 | 546.3333618268371 | 113.54444122314453,191.6910858154297,0.2099706530570984 | -1.1888410256233328e-09,2.6371829164872906e-09,-3.8140612446113664e-07 | 0 | -1.4289162209024653e-06,-5.182131985748128e-07,-6.570978483555479e-11 | -1.4208039189611554e-08,2.9442592364148368e-08,-4.576872925099451e-06 | 1,5
16400 | 546.6666951775551 | 113.54444122314453,191.6910858154297,0.2099706530570984 | 0.0,0.0,0.0 | 0 | 0.0,0.0,0.0 | 9.693491875850668e-08,-4.876440016232664e-07,5.2061936003156006e-05 | 1,5
16410 | 547.0000285282731 | 113.54444122314453,191.6910858154297,0.2099706530570984 | 2.5029493144756998e-08,-9.726682037580758e-08,-1.9070307644142304e-06 | 0 | 3.9900078263599426e-05,1.0703824045776855e-05,1.0616864720702779e-08 | 8.153467092597566e-07,-3.219287009414984e-06,-1.659116787777748e-05 | 1,5
16420 | 547.3333618789911 | 113.54444122314453,191.6910858154297,0.2099706530570984 | 3.173815876778008e-09,-3.3278709565820463e-08,-1.1251480600549257e-06 | 0 | 4.264857579983072e-06,1.1399610002627014e-06,1.1099555941029848e-08 | 2.7217759157593946e-09,-8.015506409719819e-07,-4.004763013654156e-06 | 1,5
16430 | 547.6666952297091 | 113.54444122314453,191.6910858154297,0.2099706530570984 | 2.3727340092705163e-09,-5.089110022282739e-09,-7.628122489222733e-07 | 0 | 2.8618624128284864e-06,1.0364333320467267e-06,6.827095139216866e-11 | 1.4207114595876646e-08,-2.9427644321344815e-08,-4.5768715608573984e-06 | 1,5
16440 | 548.0000285804272 | 113.54444122314453,191.6910858154297,0.2099706530570984 | 1.1888076079102916e-09,-2.6367505956415016e-09,-3.8140612446113664e-07 | 0 | 1.428683958693e-06,5.181986466595845e-07,6.565997745511254e-11 | 1.4207143017586077e-08,-2.9437231319207058e-08,-4.576872925099451e-06 | 1,5
16450 | 548.3333619311452 | 113.54444122314453,191.6910858154297,0.2099706530570984 | 0.0,0.0,0.0 | 0 | 0.0,0.0,0.0 | -9.337153983324242e-08,4.826763415621826e-07,5.091771890874952e-05 | 1,5
16460 | 548.6666952818632 | 113.54444122314453,191.6910858154297,0.2099706530570984 | 4.275304998913043e-09,-1.1634218033407251e-08,-1.4493433582174475e-06 | 0 | 6.677809324173722e-06,1.8702867237152532e-06,1.0320334864477587e-10 | 1.437098351431132e-08,-2.667306153725235e-09,-4.5768715608573984e-06 | 1,5
16470 | 549.0000286325812 | 113.54444122314453,191.6910858154297,0.2099706530570984 | 1.6920912448981085e-09,-1.3128000020401487e-08,-1.0870074902413762e-06 | 0 | 7.5205562097835355e-06,7.423013812513091e-07,1.653136239010422e-10 | 1.3945793853054056e-08,8.64814282408588e-08,-4.576873379846802e-06 | 1,5
16480 | 549.3333619832993 | 113.54444122314453,191.6910858154297,0.2099706530570984 | 4.234434580752122e-09,1.40902478573679e-09,-7.628122489222733e-07 | 0 | -9.358533930026169e-07,1.8471292833055486e-06,-9.402131850855255e-11 | 1.4207141241229237e-08,-2.9434122694738107e-08,-4.5768715608573984e-06 | 1,5
16490 | 549.6666953340173 | 113.54444122314453,191.6910858154297,0.2099706530570984 | -6.645888839251768e-10,-1.1851036596510767e-08,-3.0512492799061874e-07 | 0 | 6.746859526174376e-06,-2.878262819194788e-07,2.3206933597030854e-10 | 4.721805724194894e-10,-7.538427837516792e-08,-4.004764832643559e-06 | 1,5
16500 | 550.0000286847353 | 113.54444122314453,191.6910858154297,0.2099706530570984 | 0.0,0.0,0.0 | 0 | 0.0,0.0,0.0 | 6.806843657614081e-07,-3.1185591069515795e-06,3.775920777115971e-05 | 1,5
16510 | 550.3333620354533 | 113.54444122314453,191.6910858154297,0.2099706530570984 | 4.272246556524806e-09,-1.0802739147663942e-08,-1.4684136431242223e-06 | 0 | 6.103206942498218e-06,1.8685240092963795e-06,1.8518742095352536e-11 | 4.528377325896393e-11,1.5319344015551906e-08,-4.004763013654156e-06 | 1,5
16520 | 550.6666953861713 | 113.54444122314453,191.6910858154297,0.2099706530570984 | -2.4799691189514306e-09,3.7131602681483855e-08,-1.1442184586485382e-06 | 0 | -6.6465954660088755e-06,-8.388584546992206e-07,-1.1129913879415199e-08 | -2.63631094732375e-09,7.756120794510935e-07,-4.576874744088855e-06 | 0,0
16530 | 551.0000287368894 | 113.59040832519531,191.69100952148438,0.20828700065612793 | 0.6949574947357178,-0.0002070428745355457,-2.2255049771047197e-05 | 0 | -0.0045892782509326935,-2.0939087867736816,-0.09258439391851425 | 6.973269939422607,-0.0011160848662257195,-0.0004451009735930711 | 0,0
16540 | 551.3333620876074 | 114.19050598144531,191.69137573242188,0.20443297922611237 | 2.2271580696105957,-0.0031864838674664497,-1.2681754014920443e-05 | 90.1 | -0.007204139139503241,0.6451719999313354,-0.30168211460113525 | -0.06073236092925072,-0.02030124142765999,0.0010057679610326886 | 0,0
16550 | 551.6666954383254 | 114.85384368896484,191.691162109375,0.20807822048664093 | 2.2142670154571533,-0.0031850007362663746,5.320615309756249e-05 | 90.1 | 0.020784595981240273,0.8564690947532654,-0.20799167454242706 | -0.044031139463186264,0.04142631217837334,-0.0003392609942238778 | 0,0
16560 | 552.0000287890434 | 115.6756820678711,191.69000244140625,0.20716704428195953 | 3.0501468181610107,-0.00893652904778719,-3.9189479139167815e-05 | 90.2 | -0.0040061259642243385,-1.2739794254302979,-0.2741938829421997 | 4.409143447875977,-0.02227666601538658,-0.00026660278672352433 | 0,0
16570 | 552.3333621397614 | 116.94095611572266,191.68655395507812,0.20462192595005035 | 4.4441986083984375,-0.018364006653428078,-3.554705108399503e-05 | 90.2 | -0.005113188177347183,-0.26841527223587036,-0.3285580277442932 | 4.072079181671143,-0.053394898772239685,0.00022655518841929734 | 0,0
16580 | 552.6666954904795 | 118.61492156982422,191.6796875,0.20639953017234802 | 5.3834710121154785,-0.028730403631925583,-0.00012870550563093275 | 90.3 | -0.012810966931283474,0.6443506479263306,-0.29525700211524963 | 1.2195395231246948,-0.05615416541695595,-0.02940698340535164 | 0,0
16590 | 553.0000288411975 | 120.35352325439453,191.6726837158203,0.21029768884181976 | 4.996340751647949,-0.02417968027293682,-0.013236146420240402 | 90.3 | -0.014171501621603966,0.7678358554840088,-0.1473543643951416 | -2.1132800579071045,-0.011381170712411404,-0.3753991425037384 | 0,0
16600 | 553.3333621919155 | 122.01850128173828,191.66360473632812,0.21056640148162842 | 5.029397010803223,-0.030558930709958076,0.00599404564127326 | 90.3 | 0.016384266316890717,-0.22810743749141693,-0.11280371993780136 | 0.3378295600414276,-0.005089770536869764,-0.11808563023805618 | 0,0
16610 | 553.6666955426335 | 123.7020263671875,191.65383911132812,0.21038752794265747 | 5.073515892028809,-0.027840498834848404,0.00029608557815663517 | 90.3 | 0.002305066678673029,-0.12813714146614075,0.2197079360485077 | 0.4044341742992401,-0.002698357915505767,-0.014478939585387707 | 0,0
16620 | 554.0000288933516 | 125.38314056396484,191.64442443847656,0.21031714975833893 | 5.0476975440979,-0.028110908344388008,0.002184236655011773 | 90.3 | 0.018937384709715843,-0.06619580090045929,0.02423742786049843 | 0.5856084227561951,0.017733367159962654,0.44713935256004333 | 0,0
16630 | 554.3333622440696 | 127.06861877441406,191.63539123535156,0.2103176862001419 | 5.079188823699951,-0.02950872667133808,0.0002508508041501045 | 90.3 | -0.007486757356673479,-0.11829793453216553,-2.298466205596924 | -0.7278298735618591,-0.00033382323454134166,-0.007260066922754049 | 0,0
16640 | 554.6666955947876 | 129.0946044921875,191.62396240234375,0.21028181910514832 | 5.095866680145264,-0.029604090377688408,0.0002688341191969812 | 90.3 | -0.007476508617401123,-0.10326119512319565,-2.3054418563842773 | -0.7214927077293396,-0.00228602415882051,-0.007369339000433683 | 0,0
16650 | 555.0000289455056 | 130.44041442871094,191.61622619628906,0.21021980047225952 | 5.044506072998047,-0.02765716053545475,-0.012591236270964146 | 90.3 | -0.010708085261285305,0.012085759080946445,-0.018359387293457985 | -1.1802719831466675,-0.0032120568212121725,-0.3859473764896393 | 0,0
16660 | 555.3333622962236 | 132.13265991210938,191.60646057128906,0.21025168895721436 | 5.121941566467285,-0.02681727334856987,0.0008827073033899069 | 90.3 | 0.00438344944268465,-0.29647359251976013,0.7355265021324158 | 0.7989692091941833,0.0008808262064121664,-0.016539104282855988 | 0,0
16670 | 555.6666956469417 | 133.8273468017578,191.5979766845703,0.21032778918743134 | 5.092676639556885,-0.026552697643637657,0.0001263979938812554 | 90.3 | -0.005765795707702637,-0.0064891064539551735,-2.3165953159332275 | -0.9819602370262146,0.003603547578677535,-0.004666122142225504 | 0,0
16680 | 556.0000289976597 | 135.51473999023438,191.58963012695312,0.21031329035758972 | 5.03738260269165,-0.022645525634288788,-0.012707365676760674 | 90.3 | -0.011796309612691402,0.042626701295375824,0.029163891449570656 | -0.9623908400535583,-0.0027457994874566793,-0.3824189305305481 | 0,0
16690 | 556.3333623483777 | 137.37484741210938,191.58106994628906,0.21050940454006195 | 5.032073020935059,-0.018531518056988716,0.0014284803764894605 | 90.2 | 0.01168262492865324,0.0067222630605101585,0.28736233711242676 | -0.05521773919463158,0.01389294769614935,-0.023823201656341553 | 0,0
16700 | 556.6666956990957 | 138.87820434570312,191.57565307617188,0.21053928136825562 | 4.990440368652344,-0.015886258333921432,0.0010111076990142465 | 90.2 | -0.00023652968229725957,0.039815083146095276,0.10713622719049454 | -0.3054141700267792,0.01080393698066473,-0.019488325342535973 | 0,0
16710 | 557.0000290498137 | 140.5762176513672,191.5707244873047,0.20973952114582062 | 5.23067569732666,-0.011996728368103504,0.0005342165241017938 | 90.1 | 0.003863734193146229,-0.13627928495407104,-0.0888843685388565 | 0.35830017924308777,0.013319737277925014,-0.021952401846647263 | 0,0
16720 | 557.3333624005318 | 142.33425903320312,191.567138671875,0.21007922291755676 | 5.239214897155762,-0.0072379508055746555,-0.0002879807143472135 | 90.1 | -0.008514288812875748,0.3909759223461151,-1.7222286462783813 | 0.15212057530879974,0.014246524311602116,0.0011413575848564506 | 0,0
16730 | 557.6666957512498 | 144.10508728027344,191.56497192382812,0.21010226011276245 | 5.307427406311035,-0.0022664449643343687,-6.499161099782214e-05 | 90.0 | -0.001994368387386203,0.26947131752967834,-1.6697942018508911 | 0.16462324559688568,0.023418184369802475,0.00027404018328525126 | 0,0
16740 | 558.0000291019678 | 146.07073974609375,191.5644073486328,0.21023009717464447 | 5.333323955535889,0.002570971380919218,-7.5518414632824715e-06 | 90.0 | -0.007891102693974972,0.3010537028312683,-1.7181049585342407 | 0.01822471432387829,0.007340437266975641,7.322998135350645e-05 | 0,0
16750 | 558.3333624526858 | 148.93548583984375,191.5666961669922,0.21034830808639526 | 5.338479518890381,0.008509339764714241,-1.5256246399530937e-07 | 89.9 | -0.007701927330344915,0.2602454423904419,-1.7448092699050903 | 0.01443385984748602,0.008149108849465847,-1.4874838598188944e-05 | 0,0
16760 | 558.6666958034039 | 149.47299194335938,191.56747436523438,0.21035003662109375 | 5.3401079177856445,0.009382390417158604,1.163288743555313e-06 | 89.9 | -0.0065941535867750645,0.2572394907474518,-1.7505295276641846 | 0.01719474606215954,0.008196298964321613,0.00010812863911269233 | 0,0
16770 | 559.0000291541219 | 151.2660369873047,191.5707244873047,0.210346058011055 | 5.3466973304748535,0.012155617587268353,2.6698430133365036e-07 | 89.9 | -0.00959603488445282,0.25490665435791016,-1.7641664743423462 | 0.02078532986342907,0.0015590897528454661,3.947553341276944e-05 | 0,0
16780 | 559.3333625048399 | 153.06129455566406,191.5749053955078,0.2103438526391983 | 5.353387355804443,0.01447364967316389,1.7163276879728073e-06 | 89.8 | -0.007746885530650616,0.25568246841430664,-1.7766013145446777 | 0.01968383602797985,0.004435786511749029,9.382590360473841e-05 | 0,0
16790 | 559.6666958555579 | 154.85873413085938,191.57981872558594,0.21034500002861023 | 5.3596367835998535,0.01595821976661682,-4.576873777750734e-07 | 89.8 | -0.009741684421896935,0.2555844783782959,-1.7958414554595947 | 0.018868444487452507,-0.0012298485962674022,-1.544694896438159e-05 | 0,0
16800 | 560.0000292062759 | 156.6581573486328,191.585205078125,0.21034561097621918 | 5.3657331466674805,0.01721080020070076,-1.5065542129377718e-06 | 89.8 | -0.0074438126757740974,0.25514844059944153,-1.8057546615600586 | 0.018467901274561882,0.000979956123046577,-4.5768731069983914e-05 | 0,0
16810 | 560.333362556994 | 158.45962524414062,191.59095764160156,0.2103452980518341 | 5.371979236602783,0.018041281029582024,1.0488669204278267e-06 | 89.8 | -0.006520536728203297,0.2542840838432312,-1.8143372535705566 | 0.019040105864405632,0.0012842750875279307,4.9773501814343035e-05 | 0,0
16820 | 560.666695907712 | 160.26318359375,191.5970916748047,0.2103450745344162 | 5.37819766998291,0.018470000475645065,9.535153822071152e-07 | 89.8 | -0.005904333665966988,0.254128634929657,-1.82314133644104 | 0.018510816618800163,0.0007501243962906301,5.377826528274454e-05 | 0,0
16830 | 561.00002925843 | 162.06874084472656,191.603271484375,0.2103458046913147 | 5.384117126464844,0.01873510703444481,-6.865310524517554e-07 | 89.8 | -0.0055838278494775295,0.2538619637489319,-1.8275139331817627 | 0.017895696684718132,0.00041183081339113414,-6.350412149913609e-05 | 0,0
16840 | 561.333362609148 | 163.87625122070312,191.60951232910156,0.210346058011055 | 5.39005184173584,0.01888452097773552,-1.5256244978445466e-06 | 89.8 | -0.005063845310360193,0.25323501229286194,-1.8285397291183472 | 0.017952917143702507,0.00034801659057848155,-1.3730617865803652e-05 | 0,0
16850 | 561.666695959866 | 165.6857452392578,191.61573791503906,0.2103450745344162 | 5.39624547958374,0.01895330287516117,-1.029796635521052e-06 | 89.8 | -0.004516858607530594,0.2525990605354309,-1.8273837566375732 | 0.018782613798975945,0.0004450231499504298,1.6591164239798672e-05 | 0,0
16860 | 562.0000293105841 | 167.49722290039062,191.62196350097656,0.21034571528434753 | 5.4020795822143555,0.019031904637813568,-9.153747555501468e-07 | 89.8 | -0.0045631336979568005,0.252970814704895,-1.8253222703933716 | 0.017108915373682976,0.0006202607764862478,8.009527846297715e-06 | 0,0
16870 | 562.3333626613021 | 169.49205017089844,191.62884521484375,0.21034614741802216 | 5.408417224884033,0.019030164927244186,7.628122489222733e-07 | 89.8 | -0.004663167987018824,0.2519897222518921,-1.8238247632980347 | 0.01735210232436657,-0.00026799735496751964,7.4374174801050685e-06 | 0,0
