Simulation Frame | Timestamp | Position | Velocity | Heading | Angular Velocity | Acceleration | Stopped at Red Light + Light ID 
1 | 0.03333333507180214 | 150.24002075195312,191.77003479003906,0.7990314960479736 | 0.0,0.0,-3.2609567642211914 | 0 | 0.0,0.0,0.0 | 0.0,0.0,-9.768211364746094 | 0,0
43 | 1.433333408087492 | 150.24002075195312,191.76968383789062,0.2577260136604309 | 8.3996621924598e-07,-1.0226372069155332e-05,0.0023654235992580652 | 0 | -0.030786942690610886,0.002872810699045658,-5.023206881560327e-07 | -1.4522457831844804e-06,1.8226435713586397e-05,-0.004993371665477753 | 0,0
84 | 2.8000001460313797 | 151.60208129882812,191.76458740234375,0.2572137117385864 | 3.7640767097473145,-0.023550845682621002,8.066739610512741e-06 | 90.4 | -0.0008330242126248777,0.24806831777095795,-0.43447697162628174 | -0.5067371726036072,-0.013502239249646664,-6.922523607499897e-05 | 0,0
128 | 4.266666889190674 | 154.9154052734375,191.7311248779297,0.2582088112831116 | 2.667046546936035,-0.034458354115486145,3.814061599882734e-08 | 90.7 | 0.0009840189013630152,-0.006665125489234924,-0.18426111340522766 | 1.6058777570724487,-0.018203480169177055,-1.2586401680891868e-05 | 0,0
170 | 5.666666962206364 | 159.8096466064453,191.6683349609375,0.25993216037750244 | 0.30526554584503174,-0.004208591300994158,-2.2312258352030767e-06 | 0 | -0.0020571674685925245,-0.1360883116722107,-0.14328332245349884 | 2.302503824234009,-0.03917061537504196,7.151365571189672e-05 | 0,0
210 | 7.000000365078449 | 161.32276916503906,191.6488037109375,0.2576935589313507 | 2.659832000732422,-0.03369786590337753,-5.7210922221884175e-08 | 90.7 | 0.0002676676376722753,0.0021233251318335533,0.013314980082213879 | 2.7817509174346924,-0.03341931477189064,-2.002382097998634e-05 | 0,0
251 | 8.366667103022337 | 164.39913940429688,191.6114959716797,0.2580609917640686 | 2.4931180477142334,-0.027017759159207344,2.6507727852731477e-06 | 90.6 | 0.0007169885793700814,0.08461061865091324,0.07447846233844757 | -0.04163503274321556,0.009564756415784359,8.696059376234189e-05 | 0,0
294 | 9.800000511109829 | 165.81185913085938,191.5969696044922,0.2583926022052765 | -1.5303292457247153e-05,2.9999006301295594e-07,8.772341288931784e-07 | 0 | -7.36065412638709e-05,-0.05259513482451439,-1.55519887812261e-06 | 6.452608067775145e-05,-5.110535639119007e-08,1.7163289385280223e-06 | 0,0
336 | 11.200000584125519 | 165.81190490722656,191.5969696044922,0.2582853138446808 | -5.5481567784454455e-08,-6.081822823134075e-10,-2.0977338976990723e-07 | 0 | -7.41992016628501e-06,-0.0001832517154980451,-5.6158140360196285e-09 | 4.1519850668692015e-08,-1.2826135709076425e-08,-2.4600696633569896e-05 | 0,0
376 | 12.533333986997604 | 165.81190490722656,191.5969696044922,0.2582843005657196 | 1.0158686114536408e-09,1.736190080592337e-09,5.339686026673007e-07 | 0 | 8.94073036761256e-06,3.2954787911876338e-06,-2.5769128497721283e-10 | 8.828104114400048e-08,5.702599281676157e-08,5.72109183849534e-06 | 0,0
419 | 13.966667395085096 | 165.81190490722656,191.5969696044922,0.2582843005657196 | 6.463454771399313e-10,-9.761489394577438e-10,-1.907030799941367e-08 | 0 | -3.860396645904984e-06,2.2410106339521008e-06,8.924547212352252e-11 | -1.3472555319624102e-12,-4.6692125721392586e-08,0.0 | 0,0
461 | 15.366667468100786 | 165.81190490722656,191.5969696044922,0.2582843005657196 | 3.500267783951294e-12,-4.234386452584005e-11,0.0 | 0 | 2.3258469639131363e-07,-2.0535073641525514e-09,-2.050552219343138e-12 | 1.1993938064946974e-09,1.843766250786416e-09,0.0 | 0,0
503 | 16.766667541116476 | 165.81190490722656,191.5969696044922,0.2582843005657196 | 2.9359636943837586e-09,-5.6590625518992965e-09,-7.628123199765469e-08 | 0 | 1.787076507753227e-05,7.823779924365226e-06,2.5588872687443143e-10 | -5.8043965189824576e-09,-3.4242313518006995e-07,-5.721092293242691e-07 | 0,0
542 | 18.06666760891676 | 165.81190490722656,191.5969696044922,0.2582843005657196 | -4.169349587801463e-10,6.173510591622744e-10,-9.535153111528416e-08 | 0 | 3.090238806180423e-06,-1.4877859939588234e-06,-4.233644337880982e-11 | 2.707329915807577e-09,1.3784322572263363e-09,0.0 | 0,0
584 | 19.46666768193245 | 165.81190490722656,191.5969696044922,0.2582843005657196 | 3.208254495401519e-10,-1.4987656948850514e-11,0.0 | 0 | 1.9133017303829547e-07,9.718185083329445e-07,2.6437321082317666e-11 | 9.624763208648801e-09,-4.49629666832152e-10,0.0 | 0,0
625 | 20.833334419876337 | 165.81190490722656,191.5969696044922,0.2582843005657196 | 6.028889609765997e-10,-5.605363950778042e-10,-1.907030799941367e-08 | 0 | -2.4165792638086714e-06,2.0659315396187594e-06,7.250864492158726e-11 | 9.394151428976372e-11,-1.2783076819289363e-08,-5.721092293242691e-07 | 0,0
667 | 22.233334492892027 | 165.81190490722656,191.5969696044922,0.2582843005657196 | -8.382090577185863e-10,-8.490546044015446e-09,0.0 | 0 | -9.031918324353683e-08,-4.853965833717666e-07,4.743039849763875e-10 | -2.2084849504722115e-08,-2.625252477628237e-07,0.0 | 0,0
706 | 23.53333456069231 | 165.81190490722656,191.5969696044922,0.2582843005657196 | 3.077137877838254e-09,6.1819473984314754e-09,5.7210922221884175e-08 | 0 | -1.2498258001869544e-05,8.158493983501103e-06,2.821201605662793e-11 | 1.1303117730676604e-07,1.6512251477251993e-07,4.004764377896208e-06 | 0,0
749 | 24.966667968779802 | 165.81190490722656,191.5969696044922,0.2582843005657196 | 2.118116099181222e-10,-1.431628426917797e-10,-1.907030799941367e-08 | 0 | -1.3858466445526574e-06,6.613354344153777e-07,7.526756301556858e-11 | -1.4392421476827622e-08,-2.5402354708603525e-07,0.0 | 0,0
790 | 26.33333470672369 | 165.81190490722656,191.5969696044922,0.2582843005657196 | -7.379614141989066e-10,-1.6111743883495677e-10,-1.3349215066682518e-07 | 0 | 1.151533069787547e-06,-2.4765397483861307e-06,-7.639899823885798e-11 | -2.3093858769751563e-10,4.345528381577424e-09,0.0 | 0,0
831 | 27.700001444667578 | 165.81190490722656,191.5969696044922,0.2582843005657196 | -9.324850891445635e-10,8.128353545799882e-10,-2.0977338976990723e-07 | 0 | 2.8496210688899737e-06,-3.108195414824877e-06,-8.12000258698653e-11 | -5.284210846667747e-09,-2.760468298390606e-08,-1.1442186860222137e-06 | 0,0
870 | 29.00000151246786 | 165.81190490722656,191.5969696044922,0.2582843005657196 | -2.8925131179136088e-09,-5.1986015492389015e-09,-1.9070306223056832e-07 | 0 | 1.065548258338822e-05,-7.590462246298557e-06,1.9650417404371012e-10 | 8.269850915176846e-10,2.567010426446359e-08,0.0 | 0,0
909 | 30.300001580268145 | 166.0108184814453,191.59521484375,0.2577357888221741 | 1.3015421628952026,-0.012026703916490078,-8.200231604860164e-07 | 90.5 | 0.0004009445256087929,-0.1572035253047943,0.08119846880435944 | 3.8591084480285645,-0.035509929060935974,-3.4326528748351848e-06 | 0,0
950 | 31.666668318212032 | 169.49227905273438,191.56886291503906,0.25828447937965393 | 2.549867868423462,-0.009877370670437813,9.153747555501468e-07 | 90.2 | -0.001619468443095684,0.49336305260658264,0.22535566985607147 | -9.945966720581055,0.051358990371227264,-3.4326562854403164e-06 | 0,0
11472 | 382.40001994371414 | 99.0623550415039,191.63211059570312,0.25890815258026123 | 0.0028856657445430756,-4.026427632197738e-05,7.628123199765469e-08 | 0 | 0.0060201711021363735,0.43251702189445496,-0.03778054937720299 | -10.396610260009766,0.1449786275625229,-3.146600283798762e-05 | 0,0
11514 | 383.80002001672983 | 99.06266021728516,191.632080078125,0.25829216837882996 | -8.930617809710384e-07,2.0633311947904076e-08,5.339686026673007e-07 | 0 | 1.2586190678121056e-05,-0.002985825762152672,4.626045102540388e-10 | 5.450402227324957e-07,1.171964413515525e-06,2.1168038074392825e-05 | 0,0
11554 | 385.1333534196019 | 99.06266021728516,191.632080078125,0.258284330368042 | -8.916212657084088e-09,6.404462377096465e-11,-3.8140612446113664e-07 | 0 | -3.1560443858325016e-06,-2.8950247724424116e-05,9.523812988243563e-11 | -9.296047664975049e-08,-8.108458473543578e-07,-1.1442178902143496e-06 | 0,0
11591 | 386.3666868172586 | 99.06266021728516,191.632080078125,0.258284330368042 | 2.1286428175670835e-10,-1.1438733293900327e-09,5.14898317760526e-07 | 0 | -5.314193458616501e-06,8.27426049454516e-07,7.752011380902923e-13 | -1.3770858897643734e-09,7.581718364235712e-09,2.2884373720444273e-06 | 0,0
11632 | 387.7333535552025 | 99.06266021728516,191.632080078125,0.258284330368042 | 5.101837412957314e-15,-7.928452717682376e-17,-4.0047643778962083e-07 | 0 | 1.0176436787429771e-13,1.6837654534529456e-11,1.3323844142177905e-16 | 1.4662533340259465e-14,-3.3779599821118613e-16,-1.1442178902143496e-06 | 0,0
11672 | 389.06668695807457 | 99.06266021728516,191.632080078125,0.258284330368042 | 1.977647098944522e-16,-3.5610313967587503e-17,-1.907030799941367e-08 | 0 | 1.0164480747972687e-13,5.532550329326313e-13,1.166854323989599e-16 | -1.6911595550599817e-13,1.8169197649366012e-15,1.3158511137589812e-05 | 0,0
11712 | 390.40002036094666 | 99.06266021728516,191.632080078125,0.258284330368042 | 1.4362038661342108e-15,5.1636799369459506e-18,-1.1442184444376835e-07 | 0 | 1.0176442886066991e-13,4.624325228297366e-12,1.3274857844558025e-16 | 1.466256891564325e-14,-3.3549246564134846e-16,-1.1442183449617005e-06 | 0,0
11750 | 391.66668709367514 | 99.06266021728516,191.632080078125,0.258284330368042 | 1.6805793300432993e-15,-4.655901883040474e-19,-1.3349215066682518e-07 | 0 | 1.0176439497935202e-13,5.438547182046172e-12,1.3278269799148684e-16 | 1.4662533340259465e-14,-3.3757831074374177e-16,-1.1442184586485382e-06 | 0,0
11791 | 393.033353831619 | 99.06266021728516,191.632080078125,0.258284330368042 | 3.391208212681629e-15,-3.98750123604496e-17,-2.6698430133365036e-07 | 0 | 1.0176438142682487e-13,1.1138100858287814e-11,1.3301094690099227e-16 | 1.4662533340259465e-14,-3.377956805738309e-16,-1.1442183449617005e-06 | 0,0
11832 | 394.4000205695629 | 99.06266021728516,191.632080078125,0.258284330368042 | 5.10183698944084e-15,-7.928450732448905e-17,-4.0047643778962083e-07 | 0 | 1.0176436787429771e-13,1.6837654534529456e-11,1.332391958104977e-16 | 1.466251978773231e-14,-3.377957864529493e-16,-1.1442178902143496e-06 | 0,0
11874 | 395.8000206425786 | 99.14778900146484,191.6312255859375,0.2579622268676758 | 0.8762345910072327,-0.010364515706896782,-9.344450404569216e-07 | 0 | -0.0024447098840028048,-0.2622326910495758,0.0054166121408343315 | 5.390885829925537,-0.06383036822080612,-2.5172803361783735e-05 | 0,0
11912 | 397.0666873753071 | 102.09754943847656,191.596923828125,0.2578909695148468 | 3.292165517807007,-0.03636825829744339,-1.6019057511584833e-06 | 90.6 | 0.0009581824415363371,0.0075911046005785465,0.04491189867258072 | -0.5832981467247009,0.011819600127637386,-4.061975050717592e-05 | 0,0
11952 | 398.40002077817917 | 104.538330078125,191.57142639160156,0.2577735483646393 | 3.058748722076416,-0.028007859364151955,1.1442184586485382e-06 | 90.5 | 0.0007509435527026653,0.1072949692606926,0.12700359523296356 | -1.0082029104232788,0.011613014154136181,9.725858035380952e-06 | 0,0
11993 | 399.76668751612306 | 106.78404998779297,191.55337524414062,0.2577197253704071 | 3.1214020252227783,-0.018396398052573204,1.4302730733106728e-06 | 90.3 | 0.0024366762954741716,0.006452854722738266,0.22183892130851746 | 2.670621633529663,0.00014321877097245306,8.696059376234189e-05 | 0,0
12034 | 401.13335425406694 | 112.45462799072266,191.53529357910156,0.2580668330192566 | 4.752687931060791,0.004824728239327669,-6.102498559812375e-07 | 89.9 | 0.003028703387826681,-0.18492786586284637,0.3402290642261505 | 3.3171985149383545,0.032938797026872635,9.153746759693604e-06 | 0,0
12072 | 402.4000209867954 | 117.93087768554688,191.5474395751953,0.2579036355018616 | 4.772984027862549,0.0200701542198658,7.292485679499805e-05 | 89.8 | -0.0015112027758732438,-0.0048505873419344425,0.15245546400547028 | 1.4226006269454956,0.0028728132601827383,-0.0004914418677799404 | 0,0
12113 | 403.7666877247393 | 124.70118713378906,191.5792999267578,0.25826671719551086 | 4.939831256866455,0.02560296468436718,6.543022755067796e-05 | 89.7 | -2.0895726265734993e-05,-0.0034104466903954744,0.02565431036055088 | 0.01941203884780407,0.0048639061860740185,-0.00046455254778265953 | 0,0
12154 | 405.1333544626832 | 131.48834228515625,191.61447143554688,0.25826495885849 | 4.990959644317627,0.02527642995119095,-5.7210922221884175e-08 | 89.7 | -0.00024959741858765483,0.00021165412908885628,-0.007432525046169758 | 0.03197192773222923,-0.0016942619113251567,5.721092293242691e-07 | 0,0
12195 | 406.5000212006271 | 138.33680725097656,191.646240234375,0.25878795981407166 | 5.019660472869873,0.0197930745780468,-2.7785437850980088e-05 | 89.8 | 0.0008074688958004117,0.005490267649292946,1.4565285444259644 | -0.32335278391838074,-0.0009362585260532796,-0.0026025245897471905 | 0,0
12235 | 407.8333546034992 | 142.48138427734375,191.66018676757812,0.2580905556678772 | 2.5630946159362793,0.004752168897539377,5.091771890874952e-05 | 89.9 | 0.00087171042105183,-0.13961414992809296,-0.07093726843595505 | 2.5237009525299072,0.008268858306109905,-0.00034440975286997855 | 0,0
12276 | 409.20002134144306 | 145.68292236328125,191.66470336914062,0.2580389976501465 | 2.7470009326934814,0.0014286049408838153,-1.1442184444376835e-07 | 90.0 | -0.00037968845572322607,0.0922192633152008,-0.08157972246408463 | -0.046205516904592514,-0.004208535887300968,-4.576873834594153e-06 | 0,0
12318 | 410.60002141445875 | 147.71112060546875,191.66555786132812,0.2585334777832031 | 0.1064826101064682,-0.00016312935622408986,2.0977338976990723e-07 | 0 | -0.0017692275578156114,-0.15653684735298157,0.9875475168228149 | 2.9025487899780273,-0.005005494225770235,-4.576873379846802e-06 | 0,0
12356 | 411.86668814718723 | 149.1582489013672,191.66542053222656,0.25795337557792664 | 2.0216593742370605,-0.0007326959166675806,1.9070306223056832e-07 | 90.0 | -2.803667121042963e-05,-0.11037615686655045,-0.04691499471664429 | 2.9673848152160645,-0.006700529716908932,1.2014292224193923e-05 | 0,0
12397 | 413.2333548851311 | 152.6214141845703,191.6631622314453,0.2585126757621765 | 1.920981764793396,-0.002552058082073927,6.483904826382059e-07 | 90.1 | -0.0006362504791468382,0.2994408905506134,-0.03918514400720596 | -2.6352415084838867,0.0016561801312491298,7.437420663336525e-06 | 0,0
12437 | 414.5666882880032 | 155.39645385742188,191.65928649902344,0.2579894959926605 | 2.3952128887176514,-0.004257053602486849,7.246716791087238e-07 | 90.1 | 0.00010823760385392234,-0.13691145181655884,-0.02455415017902851 | 2.750701665878296,-0.010404665023088455,-5.148983291292097e-06 | 0,0
12478 | 415.9333550259471 | 157.8746337890625,191.6549530029297,0.25807636976242065 | 1.844377875328064,-0.0036833116319030523,-1.94517133422778e-06 | 90.1 | 0.000253727484960109,-0.17149567604064941,-0.007984532043337822 | 3.1489346027374268,-0.007804452441632748,-8.696059376234189e-05 | 0,0
12516 | 417.2000217586756 | 162.37545776367188,191.64605712890625,0.25793468952178955 | 4.757959365844727,-0.009658202528953552,1.9642416191345546e-06 | 90.1 | -0.0003141028864774853,0.10553757846355438,-0.00991092249751091 | -0.08327006548643112,-0.001892298343591392,5.2061936003156006e-05 | 0,0
12557 | 418.56668849661946 | 169.372802734375,191.63238525390625,0.2589144706726074 | 5.006278038024902,-0.009820901788771152,-0.00010294152161804959 | 90.1 | 0.0010344490874558687,0.02682534046471119,-1.4125370979309082 | -0.4192971885204315,0.0011099035618826747,0.0006590696866624057 | 0,0
15807 | 526.9000274799764 | 135.9162139892578,223.77688598632812,0.2587253153324127 | 0.027149567380547523,-5.435168266296387,-1.4493433582174475e-06 | 179.7 | 0.0033900111448019743,0.011469665914773941,1.6652264595031738 | 0.3378547728061676,-0.05435943230986595,8.295582665596157e-05 | 0,0
15845 | 528.1666942127049 | 136.0127410888672,216.86825561523438,0.2587414085865021 | 0.12768565118312836,-5.467087745666504,-5.339686026673007e-07 | 178.7 | -0.00020770137780345976,0.010365980677306652,-1.3682388067245483 | -0.009121297858655453,-0.017781255766749382,9.153747669188306e-06 | 0,0
15880 | 529.333360940218 | 136.17538452148438,210.51766967773438,0.25877800583839417 | 0.10389583557844162,-4.61660623550415,-0.012688782066106796 | 178.7 | 0.44166117906570435,0.02094837836921215,-1.4808136224746704 | -0.44776594638824463,15.640510559082031,-0.38068002462387085 | 1,6
15916 | 530.5333610028028 | 136.18885803222656,209.93173217773438,0.2583892047405243 | -8.612440183242143e-08,9.601866622688249e-06,3.423120142542757e-05 | 0 | -0.0323164127767086,-0.0007903347141109407,2.79064579444821e-06 | -7.97100980776122e-08,2.5815796107053757e-05,8.352794975508004e-05 | 1,6
15953 | 531.7666944004595 | 136.18885803222656,209.93167114257812,0.2582850158214569 | -1.6604954078403011e-09,8.901430703645019e-08,2.479139880051662e-07 | 0 | -0.0002929559850599617,-5.788268481410341e-06,2.39182718075881e-08 | -3.2967260032989998e-09,3.25571875237074e-07,-1.144218367699068e-05 | 1,6
15991 | 533.033361133188 | 136.18885803222656,209.93167114257812,0.2582840025424957 | -1.8466156381791166e-10,1.9263965977955877e-09,-1.1442184444376835e-07 | 0 | -6.24617814537487e-06,7.650129987268883e-07,4.3095976787199675e-10 | -2.906726415119465e-09,1.8629693343541476e-08,-1.1442183449617005e-06 | 1,6
16025 | 534.1666945256293 | 136.19064331054688,209.84857177734375,0.2579798698425293 | 0.012770880945026875,-0.7707354426383972,-6.865310524517554e-07 | 0 | -0.18453966081142426,-0.0009324306156486273,-0.7882729172706604 | 0.06325933337211609,-3.410135269165039,-2.0595929527189583e-05 | 0,0
16063 | 535.4333612583578 | 136.22833251953125,207.08169555664062,0.2579306662082672 | 0.02407575584948063,-3.2516820430755615,-1.5256246399530937e-07 | 179.6 | -0.12520959973335266,0.0016316629480570555,-0.5859341025352478 | 0.003797169541940093,-3.1731245517730713,-1.0870075129787438e-05 | 0,0
16101 | 536.7000279910862 | 136.24417114257812,201.18270874023438,0.2588461637496948 | -0.009662121534347534,-5.075934410095215,-0.0005343499942682683 | 180.1 | 0.09310346096754074,-0.00023384261294268072,-1.7475477457046509 | -0.003888448467478156,0.5466126799583435,0.002564766211435199 | 0,0
16139 | 537.9666947238147 | 136.92413330078125,194.87461853027344,0.2589204013347626 | 2.2995831966400146,-4.711058616638184,9.876511467155069e-05 | 154.0 | 0.32117775082588196,-1.039478063583374,32.76569747924805 | 8.53136920928955,4.446944713592529,-0.02035163901746273 | 0,0
16174 | 539.1333614513278 | 141.4976806640625,191.96995544433594,0.25914403796195984 | 5.173151969909668,-0.6491054892539978,0.002605843124911189 | 97.2 | 0.3655209541320801,-0.1401209533214569,34.37611389160156 | 1.130919337272644,4.952478885650635,-0.07797160744667053 | 0,0
16212 | 540.4000281840563 | 148.22177124023438,191.42825317382812,0.25873225927352905 | 5.43662166595459,-0.037301309406757355,-8.486286787956487e-06 | 90.4 | -0.03141028434038162,-0.025472501292824745,3.4971907138824463 | 0.04516124352812767,0.23158806562423706,4.519662616075948e-05 | 0,0
16250 | 541.6666949167848 | 155.09115600585938,191.48377990722656,0.2587392330169678 | 5.465386390686035,0.12211595475673676,-7.818825906724669e-07 | 88.7 | -0.006007308606058359,-0.027651388198137283,-0.35419052839279175 | 0.017366407439112663,0.008388384245336056,-1.2014293133688625e-05 | 0,0
16289 | 542.966694984585 | 162.17103576660156,191.66458129882812,0.2587401270866394 | 5.485904216766357,0.14927461743354797,2.0977338408556534e-06 | 88.4 | -0.008737225085496902,-0.027705099433660507,-1.1921964883804321 | 0.01716613583266735,-0.055105533450841904,7.26578728063032e-05 | 0,0
16324 | 544.1333617120981 | 168.5487823486328,191.78469848632812,0.25874054431915283 | 5.506649017333984,0.03499436378479004,1.3730621049035108e-06 | 89.6 | 0.0014799056807532907,-0.02734258398413658,-2.220010757446289 | 0.01742362789809704,-0.06659108400344849,7.609052408952266e-05 | 0,0
