Simulation Frame | Timestamp | Position | Velocity | Heading | Angular Velocity | Acceleration | Stopped at Red Light + Light ID 
10285 | 342.833351213485 | 98.30369567871094,191.67584228515625,0.18406958878040314 | 5.027634620666504,0.02504410222172737,-7.729195203864947e-05 | 89.7 | -0.05333121865987778,0.09237890690565109,1.5530881881713867 | -0.4830121695995331,-0.07271797955036163,-0.003634609514847398 | 0,0
10327 | 344.2333512865007 | 102.6222915649414,191.6748809814453,0.18672721087932587 | 1.9217838048934937,-0.008737917989492416,-6.409530033124611e-05 | 90.3 | 0.03022916428744793,2.9590978622436523,-0.1410512775182724 | -4.08734655380249,0.013480809517204762,-0.0014543015277013183 | 0,0
10365 | 345.5000180192292 | 105.22576141357422,191.6628875732422,0.18853972852230072 | 1.4101252555847168,-0.008037482388317585,0.00024993543047457933 | 90.3 | -0.018000366166234016,-3.3831729888916016,-0.07177075743675232 | 4.512626647949219,-0.018171951174736023,0.0023433591704815626 | 0,0
10407 | 346.90001809224486 | 106.90270233154297,191.65313720703125,0.18605276942253113 | -0.005918971262872219,5.766531467088498e-05,0.00012796175724361092 | 0 | -0.008824809454381466,-1.1658496856689453,0.0001273801171919331 | 0.02469293214380741,-0.00025751747307367623,-0.0011030265595763922 | 0,0
10450 | 348.33335150033236 | 106.90414428710938,191.6531219482422,0.18375778198242188 | -6.503353688458446e-06,-9.124377697844466e-09,-2.135874410669203e-06 | 0 | -3.696672592923278e-06,-0.001256034942343831,3.7342903880244194e-08 | -2.203387111876509e-06,-7.167785042838659e-06,-2.002382097998634e-05 | 0,0
10490 | 349.66668490320444 | 106.90415954589844,191.6531219482422,0.18375419080257416 | -6.889373338481164e-08,2.6783052220480386e-08,5.7210922221884175e-08 | 0 | -5.736509137932444e-06,-1.3295583812578116e-05,-5.6573945528271e-10 | -4.822516643798735e-07,-3.658385239191375e-08,-2.288436689923401e-06 | 0,0
10531 | 351.03335164114833 | 106.90415954589844,191.6531219482422,0.18375419080257416 | 4.024914179723282e-09,6.001214103434904e-08,-1.6781871181592578e-06 | 0 | -9.410635357198771e-06,7.352794000325957e-07,-1.1646703157452976e-08 | -1.2695047644228907e-06,2.685449999262346e-06,-9.725858035380952e-06 | 0,0
10573 | 352.433351714164 | 106.90415954589844,191.6531219482422,0.18375419080257416 | 7.834665138872765e-10,-1.4105650869566944e-08,-4.386170644465892e-07 | 0 | 3.0135781798890093e-06,1.4945993598303176e-07,2.2159341028782364e-10 | 7.839713767054945e-09,-1.3823527922340872e-07,-4.576873379846802e-06 | 0,0
10615 | 353.8333517871797 | 108.92658996582031,191.640869140625,0.17795883119106293 | 3.2182202339172363,-0.02014940418303013,6.180686614243314e-05 | 90.4 | 0.008176448754966259,0.8412818312644958,-0.028586117550730705 | 0.21231649816036224,-0.0008419900550507009,0.0002500117407180369 | 0,0
10653 | 355.1000185199082 | 111.86748504638672,191.6227264404297,0.17831939458847046 | 3.4132330417633057,-0.021025946363806725,-1.3768762073596008e-05 | 90.4 | 0.00045080651761963964,0.001516574528068304,-0.002753407461568713 | 2.2132441997528076,-0.012625492177903652,0.00015046470798552036 | 0,0
10694 | 356.4666852578521 | 117.84107971191406,191.58726501464844,0.18610893189907074 | 4.193889141082764,-0.02142307721078396,-3.2839070627233014e-05 | 90.3 | 0.009733504615724087,0.7253547310829163,0.07323756068944931 | -1.0411261320114136,0.014168656431138515,-0.0001699164422461763 | 0,0
10736 | 357.86668533086777 | 124.00199127197266,191.56497192382812,0.18355049192905426 | 4.511143684387207,-0.00529757235199213,4.767576911035576e-07 | 90.1 | 0.010116000659763813,0.05978792905807495,0.180681511759758 | -0.002889632945880294,0.027779441326856613,2.0595929527189583e-05 | 0,0
10778 | 359.26668540388346 | 130.35670471191406,191.5673065185547,0.18353156745433807 | 4.572665691375732,0.011105491779744625,1.1442184444376835e-07 | 89.9 | 0.005373348016291857,0.0034467591904103756,0.13545556366443634 | 0.04401683434844017,0.02244807593524456,2.974967719637789e-05 | 0,0
10818 | 360.60001880675554 | 136.49349975585938,191.58547973632812,0.18354171514511108 | 4.631162643432617,0.016689294949173927,-2.1549446955759777e-06 | 89.8 | 0.0009898191783577204,0.00022007276129443198,0.03536958992481232 | 0.04251479730010033,0.00692708371207118,-9.210957796312869e-05 | 0,0
10859 | 361.96668554469943 | 142.8606414794922,191.60903930664062,0.18353790044784546 | 4.687723159790039,0.017428262159228325,1.411202788403898e-06 | 89.8 | -0.00013661666889674962,-0.0017967340536415577,0.0023125126026570797 | 0.045747753232717514,-4.5429911551764235e-05,-1.9451712432783097e-05 | 0,0
10901 | 363.3666856177151 | 149.46542358398438,191.63331604003906,0.1835440844297409 | 4.746090888977051,0.016230134293437004,1.2014294270557002e-06 | 89.8 | -0.001882521784864366,-9.809742914512753e-05,-0.022448966279625893 | 0.0409698449075222,-0.003813039278611541,-5.721084903598239e-07 | 0,0
10942 | 364.733352355659 | 155.9883270263672,191.652099609375,0.18354834616184235 | 4.7989044189453125,0.009375088848173618,1.5637651813449338e-06 | 89.9 | 0.002035571727901697,-7.938360067782924e-05,-0.06963679939508438 | 0.03828048333525658,-0.004097437020391226,1.144218367699068e-05 | 0,0
10981 | 366.0333524234593 | 162.2600555419922,191.6592559814453,0.18353736400604248 | 4.8511643409729,0.0001223164435941726,1.2967809652764117e-06 | 90.0 | -0.0037399139255285263,0.0011562342988327146,-0.08119466155767441 | 0.039567943662405014,-0.014637768268585205,9.15374948817771e-06 | 0,0
11023 | 367.433352496475 | 169.0861358642578,191.6555938720703,0.18355338275432587 | 4.899715423583984,-0.005757494829595089,-6.293201408880122e-07 | 90.1 | -0.0008636200800538063,0.0009511745302006602,-0.040904782712459564 | 0.03294467553496361,-0.005933632608503103,2.86054591924767e-06 | 0,0
