Simulation Frame | Timestamp | Position | Velocity | Heading | Angular Velocity | Acceleration | Stopped at Red Light + Light ID 
6701 | 223.36667831614614 | 136.3085174560547,223.9495086669922,0.3057728111743927 | -0.015150497667491436,-0.6699042320251465,0.0005079376278445125 | 0 | 1.7215465307235718,-0.118148073554039,-0.41999849677085876 | 0.10232607275247574,8.704803466796875,-0.0030573513358831406 | 0,0
6739 | 224.63334504887462 | 136.26763916015625,221.39266967773438,0.29664069414138794 | -0.035238929092884064,-1.7738327980041504,-2.2102487491793e-05 | 181.1 | 2.738908290863037,-0.07642722874879837,-0.3014083206653595 | 0.18577872216701508,6.379479885101318,-0.0012317511718720198 | 0,0
6779 | 225.9666784517467 | 136.2267608642578,219.17274475097656,0.2939215302467346 | -0.024615783244371414,-1.2967753410339355,0.0001956232008524239 | 181.1 | -3.6228244304656982,0.06497672945261002,-0.041328754276037216 | -0.11046766489744186,-5.7817301750183105,-0.001809009350836277 | 0,0
6818 | 227.26667851954699 | 136.18951416015625,217.17071533203125,0.29735323786735535 | 5.2799256081925705e-05,0.00434927549213171,0.0001426458911737427 | 0 | -1.392500400543213,0.022370945662260056,0.0001109203658415936 | -0.00018414702208247036,-0.012859235517680645,-0.0005600948934443295 | 0,0
6857 | 228.56667858734727 | 136.18946838378906,217.16905212402344,0.29404181241989136 | 3.723171175806783e-07,1.5952939065755345e-05,-5.339686026673007e-07 | 0 | -0.004889372270554304,0.00011129898484796286,-6.191773138652934e-08 | 9.111644203585456e-07,7.314246613532305e-05,-1.7163272332254564e-06 | 0,0
6894 | 229.80001198500395 | 136.18946838378906,217.16905212402344,0.2940223515033722 | 1.2163318352520491e-08,2.117224369158066e-07,-1.7163276311293885e-07 | 0 | -6.474882684415206e-05,3.988042863056762e-06,-3.0112690119210583e-09 | 2.0478222495512455e-07,3.1150632366916398e-06,-2.8605456918739947e-06 | 0,0
6934 | 231.13334538787603 | 136.18946838378906,217.16905212402344,0.2940223515033722 | -2.3517154446039967e-08,2.728000270124653e-09,-3.2419524131910293e-07 | 0 | -8.690345794093446e-07,-8.934843208407983e-06,4.3624535949783605e-13 | -5.1443805659801e-08,-1.3815208532719225e-08,-2.2884373720444273e-06 | 0,0
6974 | 232.46667879074812 | 136.18946838378906,217.16905212402344,0.2940223515033722 | 1.7627316495349987e-08,-8.54996906607397e-10,-5.530388875740755e-07 | 0 | 2.834276813246106e-07,6.6926650106324814e-06,1.9817692625823113e-11 | 9.085318275481313e-09,-3.318592334267123e-08,-2.2884357804286992e-06 | 0,0
7015 | 233.833345528692 | 136.18946838378906,217.16905212402344,0.2940223515033722 | -1.425709861280211e-08,-2.420144973314109e-09,-7.818825906724669e-07 | 0 | 7.224190881061077e-07,-5.5140440053946804e-06,-6.79918482626718e-11 | 5.919904211282301e-08,1.3654103625526659e-08,-2.2884357804286992e-06 | 0,0
7052 | 235.0666789263487 | 136.18946838378906,217.16905212402344,0.2940223515033722 | 2.0021186486474107e-08,-2.6171198541646845e-09,-7.818825906724669e-07 | 0 | 8.269403792837693e-07,7.606000053783646e-06,1.969836099791067e-11 | 8.992699029874984e-09,-3.318394803386582e-08,-2.2884357804286992e-06 | 0,0
7092 | 236.40001232922077 | 136.18946838378906,217.16905212402344,0.2940223515033722 | 0.0,0.0,0.0 | 0 | 0.0,0.0,0.0 | 2.9859882033633767e-07,5.0559304298758434e-08,2.5744913727976382e-05 | 0,0
7133 | 237.76667906716466 | 136.18946838378906,217.16905212402344,0.2940223515033722 | -1.70161325030449e-08,1.5448098356074524e-09,-2.479139880051662e-07 | 0 | -4.97615587846667e-07,-6.459216820076108e-06,1.945729005432134e-13 | -5.144929460243475e-08,-1.3814875465811838e-08,-2.288436689923401e-06 | 0,0
7174 | 239.13334580510855 | 136.18946838378906,217.16905212402344,0.2940223515033722 | 1.7627314718993148e-08,-8.54996906607397e-10,-5.530388875740755e-07 | 0 | 2.834276813246106e-07,6.6926650106324814e-06,1.984558350986987e-11 | 9.08521169407095e-09,-3.318592334267123e-08,-2.2884357804286992e-06 | 0,0
7211 | 240.36667920276523 | 136.18946838378906,217.16905212402344,0.2940223515033722 | -2.2411398958865902e-08,-4.232948019877725e-11,-4.767576911035576e-07 | 0 | -1.8738193219292043e-08,-8.546017852495424e-06,2.0792733854135825e-11 | 7.879722652148757e-09,-3.316884544801724e-08,-2.2884373720444273e-06 | 0,0
7252 | 241.7333459407091 | 136.1559295654297,215.29954528808594,0.29140910506248474 | -0.04771755635738373,-2.6971960067749023,6.041473170625977e-05 | 181.0 | 2.2759804725646973,-0.041494302451610565,0.010080737061798573 | 0.12431523948907852,6.308762550354004,0.0006304642301984131 | 0,0
7293 | 243.100012678653 | 136.1078338623047,212.364501953125,0.29009562730789185 | -0.05570853129029274,-4.060434818267822,1.024075572786387e-05 | 180.8 | 0.1294134557247162,-0.01801331713795662,0.2845081090927124 | 0.010543539188802242,-2.5626680850982666,-7.952313899295405e-05 | 0,0
7334 | 244.4666794165969 | 136.06427001953125,207.1963653564453,0.29125648736953735 | -0.007074625231325626,-4.917140007019043,1.2853387488576118e-05 | 180.1 | 0.3286426365375519,0.010909409262239933,0.6008842587471008 | 0.022661535069346428,-1.0428284406661987,8.75327386893332e-05 | 0,0
7372 | 245.73334614932537 | 136.06951904296875,201.5322265625,0.29638373851776123 | 0.020262472331523895,-3.428349494934082,0.0004171439213678241 | 179.7 | -0.9419286251068115,-0.00033199379686266184,0.2887783348560333 | 0.011719967238605022,0.05554675683379173,-0.0018770904280245304 | 0,0
7413 | 247.10001288726926 | 136.07742309570312,196.1036834716797,0.2924061119556427 | -0.24500206112861633,-4.874189376831055,3.9094129533623345e-06 | 182.9 | 0.5219651460647583,0.9899427890777588,-6.198819160461426 | -2.5386569499969482,0.19513605535030365,-0.00014760417980141938 | 0,0
7452 | 248.40001295506954 | 133.625244140625,190.50921630859375,0.294782817363739 | -3.9896442890167236,-3.1063144207000732,-0.00015509880904573947 | 232.1 | 0.013474442064762115,-0.32186654210090637,-39.901737213134766 | -3.0086586475372314,4.286076545715332,0.0158966276794672 | 0,0
7493 | 249.76667969301343 | 127.5600357055664,187.76206970214844,0.2947827875614166 | -5.002745628356934,-0.5281692147254944,0.009109294973313808 | 264.0 | 2.2301111221313477,0.6006002426147461,-18.999799728393555 | -0.443172425031662,5.410717964172363,-0.1812264621257782 | 0,0
7533 | 251.10001309588552 | 120.8483657836914,187.40847778320312,0.2943732738494873 | -5.081592559814453,0.03942854702472687,0.0006756038055755198 | 270.4 | -0.1448133885860443,0.18640682101249695,-2.9764583110809326 | -0.31688687205314636,-0.0029512119945138693,-0.013313554227352142 | 0,0
7575 | 252.5000131689012 | 113.77597045898438,187.5048065185547,0.2946140170097351 | -5.013389587402344,0.11899987608194351,-4.826694566872902e-05 | 271.4 | 0.012383832596242428,-0.0025497714523226023,-0.8962098956108093 | 0.05201339349150658,0.05332454666495323,0.00019280078413430601 | 0,0
7616 | 253.8666799068451 | 106.83911895751953,187.6764678955078,0.2943779230117798 | -5.10890007019043,0.10641000419855118,-1.163288743555313e-06 | 271.2 | -0.024177635088562965,-0.007193021941930056,0.10222519189119339 | -0.015964506193995476,-0.10417967289686203,1.9451712432783097e-05 | 0,0
7654 | 255.13334663957357 | 100.3446044921875,187.7487335205078,0.29436609148979187 | -5.147132873535156,0.002857555402442813,2.193085265389527e-06 | 270.0 | 0.0977395549416542,-0.0009006441105157137,0.3327246308326721 | -0.0320434533059597,0.10236412286758423,0.00012071503442712128 | 0,0
13404 | 446.8000233024359 | 135.92776489257812,224.8016815185547,0.29447901248931885 | 0.006793125066906214,-4.991133213043213,0.001819402677938342 | 179.9 | 0.17665645480155945,0.5764127373695374,2.7945635318756104 | 0.28265199065208435,0.737271249294281,-0.03035440295934677 | 0,0
13442 | 448.06669003516436 | 135.95896911621094,221.9447021484375,0.29038527607917786 | 0.06567234545946121,-3.0278379917144775,-1.3845043213223107e-05 | 178.8 | -0.1469329446554184,0.0027872156351804733,0.9797350764274597 | 0.1586551070213318,-2.692444086074829,5.606668855762109e-05 | 0,0
13483 | 449.43335677310824 | 136.021728515625,218.8459930419922,0.29444950819015503 | 0.04753004014492035,-2.1364359855651855,4.384263957035728e-05 | 178.7 | 3.0606765747070312,0.05619385838508606,0.14442168176174164 | -0.09422700107097626,7.774807929992676,-0.0004182117700111121 | 0,0
13523 | 450.76669017598033 | 136.06077575683594,216.97247314453125,0.29747888445854187 | -0.00012435531243681908,0.004315260332077742,0.00013217629748396575 | 0 | -1.383833646774292,-0.03218185901641846,0.00011796730541391298 | 0.0003219545469619334,-0.010668317787349224,-0.000320953520713374 | 0,0
13565 | 452.166690248996 | 136.098388671875,215.137939453125,0.29053977131843567 | 0.061942677944898605,-3.0475757122039795,3.362095230841078e-05 | 178.8 | 1.0493839979171753,0.024003827944397926,-0.00634686928242445 | -0.03539632633328438,1.5671108961105347,0.00040963018545880914 | 0,0
13604 | 453.4666903167963 | 136.15272521972656,212.3464813232422,0.2899709641933441 | 0.068459153175354,-3.8656234741210938,1.2128714843129274e-05 | 179.0 | 0.1568313091993332,0.012229674495756626,-0.17534837126731873 | 0.02353973500430584,-2.5925228595733643,-1.6019064787542447e-05 | 0,0
13645 | 454.8333570547402 | 136.21327209472656,207.7977752685547,0.29565271735191345 | 0.014492452144622803,-2.2656726837158203,-3.623358395543619e-07 | 179.6 | -0.46891865134239197,-0.019848594442009926,-0.2537839114665985 | 0.007479786407202482,-0.8854650855064392,1.7163276424980722e-05 | 0,0
13685 | 456.1666904576123 | 136.224853515625,202.8041229248047,0.2920704185962677 | -0.01130351796746254,-4.850194454193115,1.893681474030018e-05 | 180.1 | 0.5023061633110046,-0.016130032017827034,-0.40529003739356995 | -0.004565817769616842,-0.13149259984493256,3.089391248067841e-05 | 0,0
13726 | 457.53335719555616 | 136.07411193847656,195.90931701660156,0.29507869482040405 | -0.8720359802246094,-4.968430995941162,0.0002269747928949073 | 190.0 | 0.13164778053760529,1.682679533958435,-16.742198944091797 | -4.184192180633545,1.1510895490646362,-0.008471793495118618 | 0,0
13763 | 458.76669059321284 | 133.6156463623047,190.41685485839844,0.2942579984664917 | -3.4594411849975586,-3.6010661125183105,0.00026463865651749074 | 223.9 | 2.1468546390533447,2.8667590618133545,-26.445951461791992 | -5.1736159324646,5.972649574279785,-0.003364574396982789 | 0,0
13805 | 460.16669066622853 | 127.54722595214844,187.66421508789062,0.2948574423789978 | -5.077248573303223,-0.3285703659057617,0.005111605394631624 | 266.3 | -0.8457998633384705,0.05061858892440796,-22.095535278320312 | -0.5449389815330505,-0.6951820254325867,-0.12114239484071732 | 0,0
13846 | 461.5333574041724 | 120.62847137451172,187.4051971435547,0.2942162752151489 | -5.126148700714111,0.05865797773003578,0.0005464787245728076 | 270.7 | -0.13302351534366608,0.05423644930124283,-1.2995330095291138 | 0.2043914645910263,-0.05822315439581871,-0.010710456408560276 | 0,0
13887 | 462.9000241421163 | 113.64363861083984,187.5253143310547,0.2943400740623474 | -5.133820533752441,0.12254448980093002,1.5065542129377718e-06 | 271.4 | -0.02362944930791855,-0.2648899257183075,1.1192079782485962 | -0.0021886823233217,0.0013563035754486918,5.721084903598239e-07 | 0,0
13927 | 464.2333575449884 | 106.73825073242188,187.69093322753906,0.2943877577781677 | -5.163290500640869,0.09270185232162476,-7.818825906724669e-07 | 271.0 | -0.02496561035513878,-0.23065216839313507,2.128368616104126 | -0.030841825529932976,-0.08387713879346848,-3.947553341276944e-05 | 0,0
13969 | 465.6333576180041 | 99.43258666992188,187.74777221679688,0.2943955659866333 | -5.201594829559326,-0.013365979306399822,-4.576873777750734e-07 | 269.9 | 0.01739712804555893,-0.22845369577407837,2.081040382385254 | -0.025076864287257195,0.0032184270676225424,-7.837895827833563e-05 | 0,0
17446 | 581.5333636626601 | 168.04820251464844,187.66749572753906,0.29883769154548645 | 0.0049455356784164906,9.975091234082356e-05,0.0001347889337921515 | 0 | -0.025469090789556503,1.6126877069473267,0.00014241479220800102 | -0.0011813034070655704,5.6758359278319404e-05,0.0005818349891342223 | 0,0
17484 | 582.8000303953886 | 168.04586791992188,187.6674346923828,0.2940496802330017 | 4.127330976189114e-05,5.290133344715287e-07,2.5744916456460487e-06 | 0 | -0.00017127454339060932,0.012668700888752937,1.52182110468857e-07 | -0.00017460987146478146,-4.0072868614515755e-06,2.116804535035044e-05 | 0,0
17523 | 584.1000304631889 | 168.0458526611328,187.6674346923828,0.29402846097946167 | 0.0,0.0,0.0 | 0 | 0.0,0.0,0.0 | 0.0,0.0,0.0 | 0,0
17562 | 585.4000305309892 | 168.0458526611328,187.6674346923828,0.29402846097946167 | 0.0,0.0,0.0 | 0 | 0.0,0.0,0.0 | 0.0,0.0,0.0 | 0,0
17598 | 586.600030593574 | 168.0458526611328,187.6674346923828,0.29402846097946167 | 0.0,0.0,0.0 | 0 | 0.0,0.0,0.0 | 0.0,0.0,0.0 | 0,0
17636 | 587.8666973263025 | 168.0458526611328,187.6674346923828,0.29402846097946167 | 0.0,0.0,0.0 | 0 | 0.0,0.0,0.0 | 0.0,0.0,0.0 | 0,0
17675 | 589.1666973941028 | 168.0458526611328,187.6674346923828,0.29402846097946167 | 0.0,0.0,0.0 | 0 | 0.0,0.0,0.0 | 0.0,0.0,0.0 | 0,0
17714 | 590.4666974619031 | 168.0458526611328,187.6674346923828,0.29402846097946167 | 0.0,0.0,0.0 | 0 | 0.0,0.0,0.0 | 0.0,0.0,0.0 | 0,0
17751 | 591.7000308595598 | 168.0458526611328,187.6674346923828,0.29402846097946167 | 0.0,0.0,0.0 | 0 | 0.0,0.0,0.0 | 0.0,0.0,0.0 | 0,0
17790 | 593.0000309273601 | 166.7897491455078,187.6502685546875,0.28974658250808716 | -2.8036372661590576,-0.03792634233832359,7.77305758674629e-05 | 269.2 | 0.002184113021939993,-0.15426400303840637,0.002797848079353571 | -2.7390573024749756,-0.03751538321375847,-0.00041535121272318065 | 0,0
17828 | 594.2666976600885 | 164.703857421875,187.62283325195312,0.28942903876304626 | -2.9414291381835938,-0.03708375245332718,8.65791935211746e-06 | 269.3 | 0.002610699273645878,-0.22229237854480743,-0.044474855065345764 | -2.7440640926361084,-0.03621417656540871,0.0002276994491694495 | 0,0
17866 | 595.533364392817 | 161.738037109375,187.58949279785156,0.29328444600105286 | -2.5837204456329346,-0.02259850688278675,3.261022357037291e-06 | 269.5 | 0.010805432684719563,-0.32942014932632446,-0.16385094821453094 | 0.04160642251372337,0.02475075237452984,-0.00011213340621907264 | 0,0
17901 | 596.7000311203301 | 157.90020751953125,187.56369018554688,0.2906799018383026 | -4.555976390838623,-0.013862027786672115,-3.623358395543619e-07 | 269.8 | 0.009485411457717419,-0.04847356677055359,-0.3878183364868164 | -2.0690343379974365,0.025585701689124107,7.780684973113239e-05 | 0,0
17939 | 597.9666978530586 | 152.01695251464844,187.5611114501953,0.2924312949180603 | -4.947141170501709,0.014938862062990665,-1.2224067177157849e-05 | 270.2 | 0.006800389848649502,0.2752959430217743,-0.25910821557044983 | -1.1034249067306519,0.04334843531250954,-2.5744910089997575e-05 | 0,0
17976 | 599.2000312507153 | 146.592041015625,187.5797576904297,0.29177185893058777 | -4.873880386352539,0.021543089300394058,3.785455919569358e-05 | 270.3 | -0.0004685529274865985,-0.08249253779649734,-0.07123122364282608 | -1.034188151359558,0.006584766786545515,-0.00015847427130211145 | 0,0
18014 | 600.4666979834437 | 140.2974853515625,187.627685546875,0.2939915657043457 | -4.93508768081665,0.23700769245624542,0.00020979245891794562 | 272.7 | -0.038443423807621,0.013509348034858704,-4.9457526206970215 | -0.05152701959013939,-0.41164708137512207,-0.0009828828042373061 | 0,0
18049 | 601.6333647109568 | 135.23440551757812,189.8408203125,0.29487380385398865 | -3.2288918495178223,3.727402925491333,-6.112033588578925e-05 | 319.1 | 0.6137549877166748,-0.6662518978118896,-37.565914154052734 | 4.366893291473389,3.3954546451568604,-0.00042564928298816085 | 0,0
18087 | 602.9000314436853 | 132.3885040283203,195.21798706054688,0.2942238450050354 | -0.6647108793258667,4.969487190246582,2.5706774977152236e-05 | 352.4 | 0.362291157245636,-0.8589246273040771,-24.791244506835938 | 4.05814266204834,0.605134904384613,-0.0014428594149649143 | 0,0
18124 | 604.133364841342 | 131.968017578125,201.408935546875,0.2944498360157013 | -0.006866359617561102,5.04754114151001,0.0004218352260068059 | 359.9 | -0.11513172835111618,-0.12491799145936966,-3.0433809757232666 | 0.5626243948936462,-0.5942344069480896,-0.010128619149327278 | 0,0
18160 | 605.3333649039268 | 131.97804260253906,204.96202087402344,0.29349619150161743 | 0.034439995884895325,1.9259837865829468,0.0002199378504883498 | 1.0 | 1.790895938873291,0.009187642484903336,-0.6060383915901184 | -0.05777455493807793,2.963433027267456,-0.002305027563124895 | 0,0
