Simulation Frame | Timestamp | Position | Velocity | Heading | Angular Velocity | Acceleration | Stopped at Red Light + Light ID 
4110 | 137.0000071451068 | 135.93295288085938,225.3118133544922,0.22637008130550385 | -0.02205343171954155,-5.348816394805908,-4.176397396804532e-06 | 180.2 | -0.0026842867955565453,-0.010963820852339268,1.5849790573120117 | 0.23033078014850616,-0.04046916589140892,-2.5744910089997575e-05 | 0,0
4120 | 137.3333404958248 | 135.9323272705078,223.34890747070312,0.2263631373643875 | 0.051014866679906845,-5.356767654418945,1.7163276311293885e-07 | 179.5 | -0.0011918331729248166,-0.0004837294400203973,-0.36784836649894714 | 0.1332305669784546,-0.012974738143384457,5.034560672356747e-05 | 0,0
4130 | 137.66667384654284 | 135.9508514404297,221.74139404296875,0.22636081278324127 | 0.08924771845340729,-5.359908103942871,-9.535153111528416e-08 | 179.0 | -0.0003405550087336451,0.014079960994422436,-1.4102226495742798 | 0.08119582384824753,-0.0110435476526618,-1.544694896438159e-05 | 0,0
4140 | 138.00000719726086 | 135.98312377929688,219.95416259765625,0.22635993361473083 | 0.11292191594839096,-5.364017009735107,-4.0047643778962083e-07 | 178.8 | 0.00022097628971096128,0.005023173522204161,-2.0250284671783447 | 0.009852646850049496,-0.014848708175122738,3.089389792876318e-05 | 0,0
4150 | 138.33334054797888 | 136.02279663085938,218.165283203125,0.22635997831821442 | 0.130767822265625,-5.369223594665527,-6.674607675449806e-07 | 178.6 | 0.00011540886043803766,0.012765487655997276,-2.2784621715545654 | 0.05855396017432213,-0.01662254147231579,-1.7163272332254564e-06 | 0,0
4160 | 138.6666738986969 | 136.06785583496094,216.37460327148438,0.22636012732982635 | 0.14583636820316315,-5.374880313873291,-4.576873777750734e-07 | 178.4 | -3.840795761789195e-05,0.013059546239674091,-2.349397659301758 | 0.046603377908468246,-0.016808507964015007,-8.009529665287118e-06 | 0,0
4170 | 139.00000724941492 | 136.11752319335938,214.58204650878906,0.22635997831821442 | 0.15529459714889526,-5.3804426193237305,-9.916559520206647e-07 | 178.3 | -0.00018150328833144158,0.012374947778880596,-2.5450234413146973 | 0.022845713421702385,-0.01639365963637829,-6.522044714074582e-05 | 0,0
4180 | 139.33334060013294 | 136.16867065429688,212.78761291503906,0.2263595163822174 | 0.15066540241241455,-5.386082172393799,-5.14898317760526e-07 | 178.4 | -0.0001910169085022062,0.010126795619726181,-2.960707664489746 | -0.0376872681081295,-0.017251966521143913,-5.721101956623897e-07 | 0,0
4190 | 139.66667395085096 | 136.21998596191406,210.81417846679688,0.2263467013835907 | 0.1166212260723114,-5.2974772453308105,6.674607675449806e-07 | 178.7 | -0.07765321433544159,-0.004077809397131205,-5.115176200866699 | -0.3489839732646942,2.351073980331421,-1.1442186860222137e-06 | 1,6
4200 | 140.00000730156898 | 136.2387237548828,209.85641479492188,0.22437521815299988 | 0.005579889286309481,-0.47662997245788574,0.0009384498698636889 | 0 | -0.4938364624977112,0.002910094801336527,-0.27644211053848267 | -0.2088974267244339,14.40267276763916,0.00698202196508646 | 1,6
4210 | 140.333340652287 | 136.23883056640625,209.8496856689453,0.22513461112976074 | 4.4042575609637424e-05,0.00022598997747991234,0.0005756753380410373 | 0 | 0.4987732172012329,0.01212689932435751,4.7842484491411597e-05 | -8.192894892999902e-05,-0.000378440716303885,-0.0024245979730039835 | 1,6
4220 | 140.66667400300503 | 136.2388153076172,209.85023498535156,0.22564499080181122 | -2.7321964353177464e-06,7.006434316281229e-05,0.0001319093134952709 | 0 | 0.1492282748222351,0.0036221956834197044,-3.54362819052767e-05 | -0.0004697765689343214,-8.706744847586378e-05,-0.0002248388627776876 | 1,6
4230 | 141.00000735372305 | 136.23880004882812,209.85040283203125,0.22581012547016144 | -5.621403715849738e-07,1.5256199731084052e-05,2.8834305339842103e-05 | 0 | 0.032413631677627563,0.0007371109095402062,-7.266742159117712e-06 | -2.6251477720506955e-06,4.7009485570015386e-05,9.09653608687222e-05 | 1,6
4240 | 141.33334070444107 | 136.23880004882812,209.85044860839844,0.2258584201335907 | -2.919240316145988e-08,1.506183707533637e-06,3.6424287372938124e-06 | 0 | 0.003790339222177863,7.381184695987031e-05,-7.154354619842707e-08 | 7.404581083392259e-06,-0.00017064217536244541,-0.00028491037664934993 | 1,6
4250 | 141.6666740551591 | 136.23880004882812,209.8504638671875,0.22587096691131592 | -2.951497535264025e-08,1.8675826822800445e-06,4.252678536431631e-06 | 0 | 0.0038806127849966288,8.553244697395712e-05,-9.665358220445341e-07 | 3.6914732390869176e-06,-7.644021934538614e-06,-1.9451716070761904e-05 | 1,6
4260 | 142.0000074058771 | 136.23880004882812,209.8504638671875,0.22587348520755768 | -7.204889129752701e-08,5.273805072647519e-07,1.0107263506142772e-06 | 0 | 0.0010962658561766148,0.00011400607036193833,-2.728802996898594e-07 | -2.9902355436206562e-06,-1.597863274582778e-06,-4.5768715608573984e-06 | 1,6
4270 | 142.33334075659513 | 136.23880004882812,209.8504638671875,0.225874662399292 | 2.361849738008459e-08,1.3588926606189489e-07,7.246716791087238e-07 | 0 | 0.00028048924286849797,5.6897857575677335e-05,-7.098304166675007e-08 | 1.2185473678982817e-06,-7.257255418835484e-08,5.721084903598239e-07 | 1,6
4280 | 142.66667410731316 | 136.23880004882812,209.8504638671875,0.225874662399292 | -3.827797456779081e-08,3.593205377683262e-08,2.288436888875367e-07 | 0 | 7.879869372118264e-05,4.0069277019938454e-05,-1.4005911985748298e-08 | 2.157678693492926e-07,2.896401838370366e-07,1.0297964763594791e-05 | 1,6
4290 | 143.00000745803118 | 136.23880004882812,209.8504638671875,0.225874662399292 | -1.5405277054014732e-08,4.230000349991769e-09,5.7210922221884175e-08 | 0 | 9.666054211265873e-06,1.1202622772543691e-05,-2.551341582446298e-09 | 2.1426166085802834e-07,-5.080227793996528e-08,-5.721091383747989e-06 | 1,6
4300 | 143.3333408087492 | 136.23880004882812,209.8504638671875,0.225874662399292 | 1.3886523930750627e-08,2.7249336120860335e-09,5.911795142310439e-07 | 0 | 5.5694772527203895e-06,-1.489616624894552e-05,-2.2873001270795612e-09 | 4.813247755919292e-07,-1.136074914143137e-07,1.0870073310798034e-05 | 1,6
4310 | 143.66667415946722 | 136.23880004882812,209.8504638671875,0.225874662399292 | 1.3741732196592693e-08,3.4595082354371698e-09,4.0047643778962083e-07 | 0 | 8.356489161087666e-06,3.096428554272279e-05,-4.926440366759266e-10 | 1.5509600643781596e-06,5.534232627724123e-09,1.7163272332254564e-06 | 0,0
4320 | 144.00000751018524 | 136.2389678955078,209.83984375,0.22590415179729462 | 0.0022274996154010296,-0.19054794311523438,-3.2419524131910293e-07 | 0 | 0.11946374922990799,-0.0008584895986132324,0.02033468522131443 | 0.05657526105642319,-4.787154197692871,-1.6019059330574237e-05 | 0,0
4330 | 144.33334086090326 | 136.24046325683594,209.7445526123047,0.22601431608200073 | 0.004915290977805853,-0.5995342135429382,-1.1442184586485382e-06 | 0 | 0.0574457012116909,0.0013011251576244831,-0.5668265223503113 | 0.0075910561718046665,-1.7079054117202759,-4.80571725347545e-05 | 0,0
4340 | 144.66667421162128 | 136.2453155517578,209.31149291992188,0.2262694537639618 | 0.01927824690937996,-1.9996346235275269,-1.2967809652764117e-06 | 179.4 | 0.09146937727928162,-0.00245624128729105,-0.6035725474357605 | -0.046538613736629486,-3.5911450386047363,-5.034561036154628e-05 | 0,0
4350 | 145.0000075623393 | 136.25306701660156,208.47817993164062,0.22622744739055634 | 0.01929892972111702,-2.8423757553100586,-7.628123199765469e-08 | 179.6 | -0.11082778871059418,0.004771597683429718,-0.7544340491294861 | 0.07180926948785782,-0.22333143651485443,2.9177568649174646e-05 | 0,0
4360 | 145.33334091305733 | 136.25808715820312,207.53271484375,0.22596900165081024 | 0.005054824985563755,-2.829706907272339,-9.344450404569216e-07 | 179.9 | -0.09136615693569183,-0.006065371446311474,-0.7773056626319885 | -0.12136553227901459,0.03825187310576439,-6.293200385698583e-06 | 0,0
4370 | 145.66667426377535 | 136.259765625,206.524658203125,0.2260322868824005 | -0.004527317360043526,-3.4180593490600586,-1.2395699968692497e-06 | 180.1 | 0.12212357670068741,0.001858868752606213,-0.7638590931892395 | -0.0018329824088141322,-2.6761434078216553,-7.208575698314235e-05 | 0,0
4380 | 146.00000761449337 | 136.25770568847656,205.24180603027344,0.22613811492919922 | -0.018131105229258537,-4.222041130065918,7.437419640154985e-07 | 180.2 | 0.015111444517970085,-0.0009708594880066812,-0.7484510540962219 | -0.04989556595683098,-2.2966573238372803,4.4052405428374186e-05 | 0,0
4390 | 146.3333409652114 | 136.2506866455078,203.70948791503906,0.22612425684928894 | -0.030967464670538902,-4.888763427734375,1.5256246399530937e-07 | 180.4 | -0.03518522530794144,0.0024480645079165697,-0.5407074689865112 | -0.00531345559284091,-1.4876173734664917,2.5744913727976382e-05 | 0,0
4400 | 146.6666743159294 | 136.2391815185547,202.02810668945312,0.22689612209796906 | -0.037870146334171295,-5.111965656280518,-0.0009328240412287414 | 180.4 | -0.07833255082368851,0.0017966815503314137,1.2144049406051636 | 0.024487784132361412,-0.025677679106593132,-0.012711120769381523 | 0,0
4410 | 147.00000766664743 | 136.22689819335938,200.3468780517578,0.22649379074573517 | -0.03445568308234215,-5.074318885803223,0.00011568048648769036 | 180.4 | 0.004836525302380323,0.02646809071302414,0.0948629155755043 | 0.30257102847099304,-0.2680492103099823,-0.010672125034034252 | 0,0
4420 | 147.33334101736546 | 136.21160888671875,198.66842651367188,0.22638504207134247 | -0.07626122981309891,-5.009097099304199,-0.00018496291886549443 | 180.9 | -0.0041948347352445126,-0.046300794929265976,1.9519569873809814 | -0.4278653860092163,0.08269786089658737,0.0007654816145077348 | 0,0
4430 | 147.66667436808348 | 136.15415954589844,196.99960327148438,0.22615085542201996 | -0.4167138338088989,-5.043637752532959,0.004257942084223032 | 184.7 | 0.03797459602355957,-0.240194633603096,-10.722140312194824 | -2.6642613410949707,-1.5699719190597534,0.06188734620809555 | 0,0
4440 | 148.0000077188015 | 135.96116638183594,195.29576110839844,0.226393461227417 | -1.0761314630508423,-5.008764743804932,-0.00012477702694013715 | 192.1 | -0.06181790307164192,-0.029699714854359627,-26.824569702148438 | -2.401170492172241,0.8280944228172302,-0.0004897257313132286 | 0,0
4450 | 148.33334106951952 | 135.47625732421875,193.6766357421875,0.22631961107254028 | -1.9371616840362549,-4.725500583648682,-4.620735489879735e-05 | 202.3 | 0.05484374985098839,0.14146305620670319,-29.31003761291504 | -0.9100198149681091,0.04782199487090111,0.00022369464568328112 | 0,0
4460 | 148.66667442023754 | 134.73974609375,192.14231872558594,0.22631557285785675 | -2.7762324810028076,-4.319800853729248,-1.0011912308982573e-05 | 212.7 | 0.03819945082068443,0.09877868741750717,-34.48308181762695 | -1.6859506368637085,0.8203553557395935,-5.721357752008771e-07 | 0,0
4470 | 149.00000777095556 | 133.74085998535156,190.75450134277344,0.22630149126052856 | -3.599226951599121,-3.666689872741699,-3.2991633815981913e-06 | 224.5 | -0.14875783026218414,-0.1370500922203064,-40.952003479003906 | -3.9452645778656006,4.333776950836182,3.146599556203e-05 | 0,0
4480 | 149.33334112167358 | 132.4750213623047,189.6078643798828,0.22629036009311676 | -4.284094333648682,-2.8633439540863037,-1.792608941286744e-06 | 236.2 | -0.1129772737622261,-0.07278332859277725,-41.01017379760742 | -2.7579829692840576,4.4536824226379395,-6.178779585752636e-05 | 0,0
4490 | 149.6666744723916 | 130.83799743652344,188.6702117919922,0.22629669308662415 | -4.814477920532227,-1.9377894401550293,-1.9070306223056832e-07 | 248.1 | 0.1323738545179367,0.07758035510778427,-37.02554702758789 | -0.8600663542747498,1.5154587030410767,-2.7461241188575514e-05 | 0,0
4500 | 150.00000782310963 | 129.366455078125,188.176025390625,0.22631117701530457 | -5.067305088043213,-1.2876040935516357,3.5089365155727137e-06 | 255.7 | 0.10567792505025864,0.01417279988527298,-27.132078170776367 | -0.5442666411399841,1.4040790796279907,6.12156800343655e-05 | 0,0
4510 | 150.33334117382765 | 127.66155242919922,187.80987548828125,0.2263316661119461 | -5.195784091949463,-0.7517316341400146,1.5828354662517086e-06 | 261.8 | 0.05206591635942459,0.009737403132021427,-21.44757080078125 | -0.2564334571361542,1.466501235961914,4.1191859054379165e-05 | 0,0
4520 | 150.66667452454567 | 125.92489624023438,187.59335327148438,0.22634142637252808 | -5.240210056304932,-0.42409881949424744,2.0977338976990723e-07 | 265.4 | 0.05342458188533783,0.006255401764065027,-15.053093910217285 | -0.08145331591367722,0.8499463796615601,2.2884369172970764e-06 | 0,0
4530 | 151.0000078752637 | 124.00151824951172,187.46327209472656,0.22634848952293396 | -5.256620407104492,-0.2070411592721939,1.220499711962475e-06 | 267.7 | 0.04663193225860596,0.0020928906742483377,-10.104694366455078 | -0.026879308745265007,0.4283134341239929,-4.748505671159364e-05 | 0,0
4540 | 151.3333412259817 | 122.42396545410156,187.41366577148438,0.22635230422019958 | -5.26267147064209,-0.08021795004606247,1.926101049321005e-06 | 269.1 | 0.03161279857158661,0.0003212231385987252,-7.906414985656738 | -0.016422269865870476,0.3495984375476837,4.862928108195774e-05 | 0,0
4550 | 151.66667457669973 | 120.6689682006836,187.3966827392578,0.22635555267333984 | -5.26795768737793,0.003598215989768505,1.926101049321005e-06 | 270.0 | 0.03099796548485756,-0.0003709862066898495,-5.911778926849365 | -0.01693725399672985,0.14880648255348206,9.668645361671224e-05 | 0,0
4560 | 152.00000792741776 | 118.91209411621094,187.4042205810547,0.22635729610919952 | -5.273624897003174,0.05933558940887451,1.106077775148151e-06 | 270.6 | 0.00901523232460022,-0.00046273486805148423,-4.885221481323242 | -0.015034674666821957,0.268028199672699,6.293200567597523e-05 | 0,0
4570 | 152.33334127813578 | 117.15309143066406,187.4266357421875,0.226358562707901 | -5.280185222625732,0.08829774707555771,-2.0977338976990723e-07 | 271.0 | 0.01393720880150795,-0.0004556218918878585,-4.07156229019165 | -0.018396375700831413,0.1259428858757019,4.519662616075948e-05 | 0,0
4580 | 152.6666746288538 | 115.39185333251953,187.45773315429688,0.22635944187641144 | -5.287795066833496,0.10618101805448532,1.1442184444376835e-07 | 271.1 | 0.013158038258552551,-0.00043499786988832057,-3.541276216506958 | -0.0197982769459486,0.07789670675992966,3.489866139716469e-05 | 0,0
4590 | 153.00000797957182 | 113.62826538085938,187.4937286376953,0.22635966539382935 | -5.294238567352295,0.11502192169427872,-1.7544682577863568e-06 | 271.2 | 0.01431041769683361,-0.0005102392169646919,-3.3167707920074463 | -0.021615026518702507,0.04000849649310112,-4.004764195997268e-05 | 0,0
4600 | 153.33334133028984 | 111.86227416992188,187.53314208984375,0.22635985910892487 | -5.301650047302246,0.12419334799051285,6.674607675449806e-07 | 271.3 | 0.013840810395777225,-0.00048646528739482164,-3.2358250617980957 | -0.021986959502100945,0.03197192773222923,1.3730620594287757e-05 | 0,0
4610 | 153.66667468100786 | 110.09383392333984,187.5754852294922,0.2263600081205368 | -5.308820724487305,0.13075385987758636,5.14898317760526e-07 | 271.4 | 0.0130503810942173,-0.000405505474191159,-3.1267945766448975 | -0.020728109404444695,0.02986237220466137,-2.86054591924767e-06 | 0,0
4620 | 154.00000803172588 | 108.32304382324219,187.61865234375,0.22636005282402039 | -5.315999507904053,0.1269807368516922,8.96304470643372e-07 | 271.4 | 0.01814897172152996,-0.0006199735798873007,-2.8256828784942627 | -0.02243041805922985,-0.049628909677267075,-1.3158511137589812e-05 | 0,0
4630 | 154.3333413824439 | 106.54983520507812,187.65914916992188,0.22636020183563232 | -5.3234405517578125,0.11166252195835114,-3.623358395543619e-07 | 271.2 | 0.019155776128172874,-0.0006867425399832428,-2.4612879753112793 | -0.02341747097671032,-0.09042105823755264,-5.1489828365447465e-06 | 0,0
4640 | 154.66667473316193 | 104.77411651611328,187.69325256347656,0.22636061906814575 | -5.330994606018066,0.08554951846599579,-5.7210922221884175e-08 | 270.9 | 0.015228352509438992,-0.0005870299646630883,-2.109248638153076 | -0.022244451567530632,-0.0791957899928093,3.318233211757615e-05 | 0,0
4650 | 155.00000808387995 | 102.99594116210938,187.71832275390625,0.22636039555072784 | -5.338225364685059,0.05596008151769638,-2.288436888875367e-07 | 270.6 | 0.013473940081894398,-0.00046291094622574747,-1.9593809843063354 | -0.020956991240382195,-0.08022866398096085,-1.0870074220292736e-05 | 0,0
4660 | 155.33334143459797 | 101.2154312133789,187.73361206054688,0.2263604700565338 | -5.345080375671387,0.027685703709721565,-9.153747555501468e-07 | 270.3 | 0.012823259457945824,-0.00037998906918801367,-1.99229097366333 | -0.01994132809340954,-0.07219511270523071,-1.544694896438159e-05 | 0,0
4670 | 155.666674785316 | 99.43266296386719,187.7401123046875,0.2263604700565338 | -5.351654529571533,0.004333483055233955,-3.2419524131910293e-07 | 270.0 | 0.011740368790924549,-0.00028529405244626105,-2.1299750804901123 | -0.01929759792983532,-0.05042822286486626,-3.604287849157117e-05 | 0,0
8760 | 292.00001522898674 | 168.81085205078125,187.68792724609375,0.2261732816696167 | -2.921513319015503,-0.05163339897990227,-1.106077775148151e-06 | 269.0 | -0.0002481840783730149,0.0030860293190926313,0.034443970769643784 | -2.418529748916626,-0.04024631902575493,1.3730621503782459e-05 | 0,0
8770 | 292.33334857970476 | 167.6996612548828,187.66818237304688,0.22615543007850647 | -3.698505401611328,-0.06626276671886444,-5.339686026673007e-07 | 269.0 | -0.0002109855558956042,0.010729167610406876,0.04086103290319443 | -2.267181634902954,-0.04323564097285271,1.1442186860222137e-06 | 0,0
8780 | 292.6666819304228 | 166.3396453857422,187.64385986328125,0.22613266110420227 | -4.396279335021973,-0.07865015417337418,1.353991819996736e-06 | 269.0 | -0.0007005763472989202,0.02787971682846546,0.0002838847285602242 | -1.51329505443573,-0.028831956908106804,0.000122431360068731 | 0,0
8790 | 293.0000152811408 | 165.1555633544922,187.62307739257812,0.2254820168018341 | -2.5707292556762695,-0.04182472452521324,-5.187123861105647e-06 | 269.1 | -0.005402421113103628,0.19590897858142853,-0.12127123028039932 | 1.0801934003829956,0.0313713364303112,-6.579257023986429e-05 | 0,0
8800 | 293.3333486318588 | 164.2008819580078,187.60792541503906,0.2257874310016632 | -2.858234405517578,-0.04311200603842735,2.8605461466213455e-06 | 269.1 | 0.005796033889055252,-0.2875242829322815,-0.10934428870677948 | -3.5274980068206787,-0.04523690417408943,4.4624517613556236e-05 | 0,0
8810 | 293.66668198257685 | 163.20704650878906,187.59326171875,0.2260972559452057 | -3.680361747741699,-0.05106009915471077,-4.386170644465892e-07 | 269.2 | 0.0008806576952338219,-0.08268953859806061,-0.22333386540412903 | -2.439422369003296,-0.009467302821576595,-3.489866139716469e-05 | 0,0
8820 | 294.00001533329487 | 161.84426879882812,187.57542419433594,0.22614295780658722 | -4.438345432281494,-0.051384638994932175,-8.009528755792417e-07 | 269.3 | -0.002264224225655198,0.00788746029138565,-0.3908073902130127 | -2.0199391841888428,0.024407317861914635,-4.004764195997268e-05 | 0,0
8830 | 294.3333486840129 | 160.27650451660156,187.5589141845703,0.22606436908245087 | -4.860879421234131,-0.04105807840824127,1.5256244978445466e-06 | 269.5 | -0.0013992632739245892,0.07161711901426315,-0.5544211268424988 | -0.5837487578392029,0.02999681793153286,1.7163272787001915e-05 | 0,0
8840 | 294.6666820347309 | 158.64414978027344,187.54725646972656,0.22593562304973602 | -4.89555025100708,-0.02258939854800701,5.339686026673007e-07 | 269.7 | -0.003272822592407465,0.055741626769304276,-0.6479411125183105 | 0.12080668658018112,0.08634907752275467,1.4874838598188944e-05 | 0,0
8850 | 295.00001538544893 | 156.85943603515625,187.5411834716797,0.22587603330612183 | -4.84424352645874,-0.00565857021138072,-9.535153822071152e-07 | 269.9 | 0.0016297149704769254,0.009981072507798672,-0.5500283241271973 | 0.10332583636045456,0.029786724597215652,-3.947553341276944e-05 | 0,0
8860 | 295.33334873616695 | 155.4086456298828,187.54061889648438,0.2258749008178711 | -4.834059715270996,0.0055161272175610065,5.7210922221884175e-08 | 270.1 | 0.0013720806455239654,-0.0042884815484285355,-0.4510839283466339 | -0.010786055587232113,0.02703802101314068,-3.833131631836295e-05 | 1,7
8870 | 295.666682086885 | 153.9220428466797,187.54335021972656,0.2253638058900833 | -2.5974385738372803,0.010023080743849277,-4.233608251524856e-06 | 270.2 | 0.00042115681571885943,0.45589974522590637,-0.37873852252960205 | 10.067423820495605,-0.004522259812802076,-4.348030051914975e-05 | 1,7
8880 | 296.000015437603 | 153.61456298828125,187.5443572998047,0.22498756647109985 | 0.00013625297287944704,-8.753968359087594e-06,2.6698430133365036e-07 | 0 | -0.00021849918994121253,-0.32117384672164917,5.6011435844993684e-06 | 0.0019353422103449702,-0.0002756595204118639,9.153746213996783e-05 | 1,7
8890 | 296.333348788321 | 153.61532592773438,187.54437255859375,0.22560293972492218 | 0.00012100578169338405,-1.219816203956725e-05,5.396896995080169e-06 | 0 | 0.0004046664689667523,-0.25796231627464294,4.202727268420858e-06 | -0.0004761387826874852,4.439936310518533e-05,-8.696057193446904e-05 | 1,7
8900 | 296.66668213903904 | 153.61553955078125,187.54437255859375,0.22578804194927216 | 3.869249121635221e-05,4.7447110773646273e-07,1.2586402817760245e-06 | 0 | 0.00016949072596617043,-0.08110224455595016,-3.347733127156971e-06 | -0.00014623397146351635,-7.555649403911957e-07,-2.1168038074392825e-05 | 1,7
8910 | 297.00001548975706 | 153.61561584472656,187.54437255859375,0.22584861516952515 | 1.0743292477854993e-05,1.9795595562754897e-07,3.623358395543619e-07 | 0 | 0.0001098357024602592,-0.022464055567979813,-9.419877073923999e-07 | -2.7054882593802176e-05,3.186397634635796e-06,8.009528755792417e-06 | 1,7
8920 | 297.3333488404751 | 153.6156463623047,187.54437255859375,0.22586669027805328 | 2.624292392283678e-06,-1.887874523376354e-09,3.2419524131910293e-07 | 0 | -5.909573519602418e-05,-0.005509621929377317,-2.2689205536607915e-07 | -1.9944535267768515e-07,-4.834049036617216e-07,-2.0595931346178986e-05 | 1,7
8930 | 297.6666821911931 | 153.6156463623047,187.54437255859375,0.22587302327156067 | 4.89812236992293e-07,3.209202859011384e-08,1.907030799941367e-08 | 0 | -1.4682443179481197e-05,-0.0010472733993083239,-3.900970568793127e-08 | 3.507449946482666e-06,6.358845894283149e-07,-1.4302729141491e-05 | 1,7
8940 | 298.0000155419111 | 153.6156463623047,187.54437255859375,0.22587524354457855 | 2.530413780732488e-07,-3.979348406346617e-08,9.535153822071152e-07 | 0 | -6.53479146421887e-05,-0.0005262005142867565,-2.186482639388032e-08 | -9.476212312620191e-07,-1.5801451809238642e-06,7.437419299094472e-06 | 1,7
8950 | 298.33334889262915 | 153.6156463623047,187.54437255859375,0.22587524354457855 | 7.046525496434697e-08,-9.575250592419593e-10,1.5256246399530937e-07 | 0 | 4.579732922138646e-05,-0.00014209435903467238,-6.9005468006366755e-09 | -1.6812597891657788e-07,-3.216194727428956e-06,-1.659116787777748e-05 | 1,7
8960 | 298.66668224334717 | 153.6156463623047,187.54437255859375,0.22587524354457855 | 1.84046982099062e-08,1.7694381071464704e-08,2.0977338976990723e-07 | 0 | 1.2102548680559266e-05,-3.978187669417821e-05,-1.6661133583895094e-09 | 1.436887089312222e-07,-5.980768946756143e-07,5.721097977584577e-07 | 1,7
8970 | 299.0000155940652 | 153.6156463623047,187.54437255859375,0.22587524354457855 | 3.6639757894363356e-09,6.471665869867138e-08,3.2419524131910293e-07 | 0 | 5.711105768568814e-05,-7.66712491895305e-06,7.680034386225998e-10 | -1.1474407557443556e-07,2.257199639643659e-06,9.153747669188306e-06 | 1,7
8980 | 299.3333489447832 | 153.6156463623047,187.54437255859375,0.22587524354457855 | 4.112891138774444e-10,8.221215708204e-09,7.628123199765469e-08 | 0 | 8.05813124316046e-06,-8.999649026009138e-07,4.774210974473059e-12 | 8.193349110285908e-09,1.487383229914485e-07,1.1442184586485382e-06 | 1,7
8990 | 299.66668229550123 | 153.6156463623047,187.54437255859375,0.22587524354457855 | -5.481369871884745e-11,1.25220278590632e-09,1.907030799941367e-08 | 0 | 3.169001729474985e-06,1.3764116602033027e-07,1.710581676306333e-11 | 6.605495883604817e-08,-7.519690825574799e-08,-5.72109183849534e-06 | 1,7
9000 | 300.00001564621925 | 153.6156463623047,187.54437255859375,0.22587524354457855 | -2.719888092528322e-09,-2.3830966089377625e-09,9.535153111528416e-08 | 0 | -3.623127850005403e-05,7.80599111749325e-06,-8.680051122311738e-11 | -1.0651160664565396e-07,5.033890033701027e-07,-5.72109183849534e-06 | 1,7
9010 | 300.3333489969373 | 153.6156463623047,187.54437255859375,0.22587524354457855 | -1.139645322556504e-11,3.5423333155648606e-09,1.9070306223056832e-07 | 0 | 4.0243940020445734e-06,3.774438894765808e-08,3.105428761362994e-11 | 3.6291378235908667e-10,1.0403469019593103e-07,1.1442178902143496e-06 | 1,7
9020 | 300.6666823476553 | 153.6156463623047,187.54437255859375,0.22587524354457855 | 6.36002084331011e-10,-2.597223547340377e-09,1.7163276311293885e-07 | 0 | -1.986583129109931e-06,-1.3113667591824196e-06,-5.6133837161853606e-11 | 2.747918281809092e-10,-1.3788009844972748e-08,1.1442183449617005e-06 | 1,7
9030 | 301.0000156983733 | 153.6156463623047,187.54437255859375,0.22587524354457855 | 3.519875224622382e-10,-1.1106917607861533e-09,7.628123199765469e-08 | 0 | -1.1368816785761737e-06,-7.772418371132517e-07,-3.2130215155135033e-11 | 5.497332811188471e-09,-2.0443481574261568e-08,1.1442184586485382e-06 | 1,7
9040 | 301.33334904909134 | 153.6156463623047,187.54437255859375,0.22587524354457855 | 3.26360799496328e-10,-1.8054380213072818e-09,2.8605461466213455e-07 | 0 | -1.7117068864536122e-06,-7.26896871583449e-07,-2.7944556391101827e-11 | 5.497092558925942e-09,-2.0539308920319854e-08,1.1442186860222137e-06 | 1,7
9050 | 301.66668239980936 | 153.6156463623047,187.54437255859375,0.22587524354457855 | -1.8445107941023053e-10,1.4660135327915214e-09,2.0977338976990723e-07 | 0 | 1.4292184005171293e-06,4.350460187652061e-07,1.59297072060971e-11 | -6.889519177377679e-09,2.0471619066597668e-08,0.0 | 1,7
9060 | 302.0000157505274 | 153.6156463623047,187.54437255859375,0.22587524354457855 | -1.4408496618045774e-10,-2.6555310728149095e-10,1.7163276311293885e-07 | 0 | -4.080471516232365e-09,3.414267837342777e-07,1.7363553303506585e-11 | -6.889936621234938e-09,2.027953982519648e-08,0.0 | 1,7
9070 | 302.3333491012454 | 153.6156463623047,187.54437255859375,0.22587524354457855 | -3.95732863145426e-10,7.624599285271927e-10,5.7210922221884175e-08 | 0 | 8.482424505018571e-07,8.755758926781709e-07,3.615920410315887e-11 | -6.889531167786345e-09,2.0469681061285883e-08,0.0 | 1,7
9080 | 302.6666824519634 | 153.6156463623047,187.54437255859375,0.22587524354457855 | -6.091362136917411e-11,2.4995133740546294e-10,5.7210922221884175e-08 | 0 | -3.032710305106434e-09,9.753567553616449e-08,1.9859580559916656e-12 | 4.511007123397803e-09,-5.338133934884581e-09,1.1442183449617005e-06 | 1,7
9090 | 303.00001580268145 | 153.6156463623047,187.54437255859375,0.22587524354457855 | -2.924868125475655e-10,1.8718356031843797e-10,2.6698430133365036e-07 | 0 | -1.0693331553568441e-08,5.85267741826101e-07,3.266495407494574e-11 | -1.6673104008546602e-09,1.3699223977425845e-08,5.721093430111068e-07 | 1,7
9100 | 303.33334915339947 | 153.6156463623047,187.54437255859375,0.22587524354457855 | -1.0657575082867465e-12,-9.511861437383473e-11,2.479139880051662e-07 | 0 | 8.673286515659129e-07,-2.3797683823545412e-09,2.2680336341646123e-12 | 3.224154276892932e-09,1.2148405892364877e-10,1.1442178902143496e-06 | 1,7
9110 | 303.6666825041175 | 153.6156463623047,187.54437255859375,0.22587524354457855 | -1.9965859521242635e-10,1.9177530397040954e-10,1.9070306223056832e-07 | 0 | -7.511339106258674e-09,3.901752734236652e-07,2.460617300192869e-11 | -1.6676467984311216e-09,1.3528597797574093e-08,5.721089451071748e-07 | 1,7
9120 | 304.0000158548355 | 153.6156463623047,187.54437255859375,0.22587524354457855 | -1.892892925736689e-10,7.894530862362359e-11,9.535153111528416e-08 | 0 | 2.8134957119618775e-07,4.3818727135658264e-07,2.031710910621598e-11 | -6.889611992022537e-09,2.045052482912979e-08,0.0 | 1,7
9130 | 304.33334920555353 | 153.6156463623047,187.54437255859375,0.22587524354457855 | 1.7791094986119305e-10,-8.856484989827607e-10,5.7210922221884175e-08 | 0 | -5.673652481164027e-07,-3.3982905733864754e-07,-2.1531148391984445e-11 | 2.7503579969057057e-10,-1.3692183387092882e-08,5.721091724808502e-07 | 1,7
9140 | 304.66668255627155 | 153.6156463623047,187.54437255859375,0.22587524354457855 | 6.004754471433671e-10,5.215159970539673e-10,3.2419524131910293e-07 | 0 | 5.946014312030456e-07,-1.2208904536237242e-06,-6.201505975411692e-11 | 2.748284655407218e-10,-1.3781090046904865e-08,5.721093430111068e-07 | 1,7
9150 | 305.0000159069896 | 153.6156463623047,187.54437255859375,0.22587524354457855 | -1.220733375495442e-10,-6.048883061104959e-10,2.479139880051662e-07 | 0 | -2.903839799728303e-07,2.934378358077083e-07,1.4022157567017413e-11 | -5.903586064448518e-09,5.17656895127061e-09,0.0 | 1,7
9160 | 305.3333492577076 | 153.6156463623047,187.54437255859375,0.22587524354457855 | -1.4408198245607906e-10,-2.6491342453027755e-10,1.7163276311293885e-07 | 0 | -4.09037737014728e-09,3.4142627214350796e-07,1.7042641603515207e-11 | -6.87494328133198e-09,1.8755924813262936e-08,0.0 | 1,7
9170 | 305.6666826084256 | 153.6156463623047,187.54437255859375,0.22587524354457855 | -1.8928598966017063e-10,7.964889164879807e-11,9.535153111528416e-08 | 0 | 2.813299033732619e-07,4.381867881875223e-07,1.9953842397835153e-11 | -6.87494372542119e-09,1.8755949682258688e-08,0.0 | 1,7
9180 | 306.00001595914364 | 153.6156463623047,187.54437255859375,0.22587524354457855 | 1.5520092155885123e-10,-9.38170097164459e-10,9.535153111528416e-08 | 0 | -5.678575121237373e-07,-2.9105581234034617e-07,-8.927443853612438e-12 | -5.903597610767974e-09,5.175649686606221e-09,5.721089451071748e-07 | 1,7
9190 | 306.33334930986166 | 153.6156463623047,187.54437255859375,0.22587524354457855 | -1.724607817665813e-10,1.474944388846211e-09,2.8605461466213455e-07 | 0 | 1.1417859013818088e-06,3.382585305189423e-07,3.914306032082315e-11 | 1.9335701928469007e-09,5.2350294765801664e-08,1.1442186860222137e-06 | 1,7
9200 | 306.6666826605797 | 153.6156463623047,187.54437255859375,0.22587524354457855 | 3.2590158349776743e-10,4.577182521892098e-10,2.479139880051662e-07 | 0 | 1.453167215004214e-06,-6.867790602882451e-07,3.4766939761149418e-12 | 6.461305934735151e-10,5.752396958769168e-08,1.1442178902143496e-06 | 1,7
9210 | 307.0000160112977 | 153.6156463623047,187.54437255859375,0.22587524354457855 | -1.7693807530250183e-10,2.500447071618339e-10,1.5256246399530937e-07 | 0 | -7.03446723093748e-09,3.414030516069033e-07,9.910906297039279e-12 | 5.48252643284286e-09,-1.882359157434621e-08,1.1442184586485382e-06 | 1,7
9220 | 307.3333493620157 | 153.6156463623047,187.54437255859375,0.22587524354457855 | -1.5698517139006718e-11,-8.889294161873451e-11,1.1442184444376835e-07 | 0 | -2.8849436262134986e-07,7.749584307603641e-10,-3.0170789911548868e-12 | 5.48252598875365e-09,-1.8823632430553516e-08,1.1442183449617005e-06 | 1,7
9230 | 307.66668271273375 | 153.6156463623047,187.54437255859375,0.22587524354457855 | -6.091362136917411e-11,2.4995133740546294e-10,5.7210922221884175e-08 | 0 | -3.032710749195644e-09,9.753567553616449e-08,1.986169258574866e-12 | 4.5110066793085934e-09,-5.338133934884581e-09,1.1442183449617005e-06 | 1,7
9240 | 308.00001606345177 | 153.6156463623047,187.54437255859375,0.22587524354457855 | -2.6011615084087225e-10,-2.70585442940785e-10,2.479139880051662e-07 | 0 | -8.089835468183537e-09,5.852906497239019e-07,2.7063698504470324e-11 | -6.87494372542119e-09,1.8755951458615527e-08,0.0 | 1,7
9250 | 308.3333494141698 | 153.6156463623047,187.54437255859375,0.22587524354457855 | 4.343968240672069e-10,-5.26638122000378e-10,2.8605461466213455e-07 | 0 | -2.718207383622939e-07,-8.771193620304985e-07,-4.469364808801224e-11 | 2.7479266084817766e-10,-1.3788227448685575e-08,5.721093430111068e-07 | 1,7
9260 | 308.6666827648878 | 153.6156463623047,187.54437255859375,0.22587524354457855 | 2.950621344477433e-11,-4.334751169121631e-10,1.9070306223056832e-07 | 0 | -5.739403263760323e-07,-9.598716843584043e-08,-5.932839722971872e-12 | 5.482446052695877e-09,-1.8842909454974688e-08,1.1442178902143496e-06 | 1,7
9270 | 309.00001611560583 | 153.6156463623047,187.54437255859375,0.22587524354457855 | -2.2165591584411004e-10,5.374167777461025e-10,7.628123199765469e-08 | 0 | 2.7872604846379545e-07,4.381622886739933e-07,2.555776250356967e-11 | -1.6672229152803197e-09,1.3718386426830875e-08,5.721092293242691e-07 | 1,7
9280 | 309.33334946632385 | 153.6156463623047,187.54437255859375,0.22587524354457855 | 1.2233397628236276e-10,-4.289475996621661e-10,7.628123199765469e-08 | 0 | -5.707486252504168e-07,-2.9107962973284884e-07,-1.3948123038509674e-11 | 5.482440723625359e-09,-1.8843490323661172e-08,1.1442184586485382e-06 | 1,7
9290 | 309.6666828170419 | 153.6156463623047,187.54437255859375,0.22587524354457855 | -1.7217245684708615e-10,1.6196154417613684e-09,2.6698430133365036e-07 | 0 | 1.1409817943786038e-06,3.3826094636424386e-07,1.1812442517189492e-11 | 5.186596929718235e-09,2.2468844562695267e-08,1.1442183449617005e-06 | 1,7
9300 | 310.0000161677599 | 153.6156463623047,187.54437255859375,0.22587524354457855 | 2.0537734013448272e-10,-7.7856909808105e-10,2.479139880051662e-07 | 0 | 3.0042608045732777e-07,-4.397667794364679e-07,-1.3617743217786415e-11 | 3.2237301716975253e-09,-7.057853607106424e-11,1.1442178902143496e-06 | 1,7
9310 | 310.3333495184779 | 153.6156463623047,187.54437255859375,0.22587524354457855 | 2.950617875030481e-11,-4.334908820791128e-10,1.9070306223056832e-07 | 0 | -5.739533435189514e-07,-9.598716843584043e-08,-5.9316098040274046e-12 | 5.482446496785087e-09,-1.8842948534825155e-08,1.1442178902143496e-06 | 1,7
9320 | 310.66668286919594 | 153.6156463623047,187.54437255859375,0.22587524354457855 | 3.1161956348668696e-10,6.20279216878572e-10,1.5256246399530937e-07 | 0 | 2.9645428867297596e-07,-6.836241368546325e-07,-3.325978034651733e-11 | 5.482712950310997e-09,-1.8786549205174197e-08,1.1442184586485382e-06 | 1,7
9330 | 311.00001621991396 | 153.6156463623047,187.54437255859375,0.22587524354457855 | -2.668604226485627e-10,8.820447705559786e-10,3.814061599882734e-08 | 0 | 5.641741154249758e-07,5.349243679120264e-07,2.8443854910298327e-11 | -1.6673965541613711e-09,1.3624667616340957e-08,5.721092293242691e-07 | 1,7
9340 | 311.333349570632 | 153.6156463623047,187.54437255859375,0.22587524354457855 | 1.1991728443572214e-10,-1.1219065676471018e-09,3.0512492799061874e-07 | 0 | -1.1448005352576729e-06,-2.895082786835701e-07,-1.211114802196489e-11 | 5.4970921148367324e-09,-2.0539271616826227e-08,1.1442186860222137e-06 | 1,7
9350 | 311.66668292135 | 153.6156463623047,187.54437255859375,0.22587524354457855 | -1.3173337420901987e-10,-9.453344357313043e-11,2.288436888875367e-07 | 0 | -2.924677744431392e-07,2.446409155254514e-07,7.001928550853798e-12 | 5.48252732102128e-09,-1.8823607561557765e-08,1.1442186860222137e-06 | 1,7
9360 | 312.000016272068 | 153.6156463623047,187.54437255859375,0.22587524354457855 | -2.3211387673027772e-11,1.1271086286512855e-09,1.7163276311293885e-07 | 0 | 1.147784928434703e-06,9.441790638220482e-08,2.9937094470078307e-12 | -6.889611992022537e-09,2.0450519500059272e-08,0.0 | 1,7
9370 | 312.33334962278605 | 153.6156463623047,187.54437255859375,0.22587524354457855 | -1.5695328717257873e-11,-8.817362812107987e-11,1.1442184444376835e-07 | 0 | -2.885010133013566e-07,7.748590102885089e-10,-3.383140989576816e-12 | 5.497185817660011e-09,-2.051820402471094e-08,1.1442183449617005e-06 | 1,7
9380 | 312.66668297350407 | 153.6156463623047,187.54437255859375,0.22587524354457855 | 3.519875224622382e-10,-1.1106917607861533e-09,7.628123199765469e-08 | 0 | -1.1368816785761737e-06,-7.772418371132517e-07,-3.2130607202640604e-11 | 5.497332811188471e-09,-2.0443481574261568e-08,1.1442184586485382e-06 | 1,7
9390 | 313.0000163242221 | 153.6156463623047,187.54437255859375,0.22587524354457855 | 5.68108171616899e-10,9.797733735439351e-10,3.432655262258777e-07 | 0 | 5.920064722886309e-07,-1.2209161468490493e-06,-5.663644553344227e-11 | 5.4995412668290555e-09,-1.9961284181135852e-08,1.1442178902143496e-06 | 1,7
9400 | 313.3333496749401 | 153.6156463623047,187.54437255859375,0.22587524354457855 | -1.3173337420901987e-10,-9.453340887866091e-11,2.288436888875367e-07 | 0 | -2.924677744431392e-07,2.446409155254514e-07,7.0015681620516634e-12 | 5.4825282091997e-09,-1.8823607561557765e-08,1.1442186860222137e-06 | 1,7
9410 | 313.66668302565813 | 153.6156463623047,187.54437255859375,0.22587524354457855 | -2.3217622269200433e-11,1.1258504128974778e-09,1.7163276311293885e-07 | 0 | 1.1477807220217073e-06,9.441811243959819e-08,3.5907156154674214e-12 | -6.864718571364392e-09,2.3389736369949787e-08,0.0 | 1,7
9420 | 314.00001637637615 | 153.6156463623047,187.54437255859375,0.22587524354457855 | -1.5698525812624098e-11,-8.889290692426499e-11,1.1442184444376835e-07 | 0 | -2.8849436262134986e-07,7.749585417826665e-10,-3.0171783040738864e-12 | 5.4825255446644405e-09,-1.8823630654196677e-08,1.1442183449617005e-06 | 1,7
9430 | 314.3333497270942 | 153.6156463623047,187.54437255859375,0.22587524354457855 | -2.668604226485627e-10,8.820447705559786e-10,3.814061599882734e-08 | 0 | 5.641741154249758e-07,5.349243679120264e-07,2.8443027447200286e-11 | -1.667396998250581e-09,1.3624667616340957e-08,5.721092293242691e-07 | 1,7
9440 | 314.6666830778122 | 153.6156463623047,187.54437255859375,0.22587524354457855 | -9.674373108170542e-11,1.1236402780445687e-10,1.907030799941367e-08 | 0 | 2.8435886179067893e-07,2.4309480295414687e-07,5.742776913730818e-12 | -1.111196201719622e-08,1.0543815598396122e-08,-1.0297964763594791e-05 | 1,7
9450 | 315.0000164285302 | 153.6156463623047,187.54437255859375,0.22587524354457855 | -3.381881996666891e-10,5.832349048162655e-10,2.0977338976990723e-07 | 0 | 2.7447802608548955e-07,6.820297357990057e-07,2.4957376443257573e-11 | 4.511190976330681e-09,-5.2422794993844946e-09,1.1442186860222137e-06 | 1,7
9460 | 315.33334977924824 | 153.6156463623047,187.54437255859375,0.22587524354457855 | 3.568267348263987e-10,2.7640661981465087e-10,2.0977338976990723e-07 | 0 | 1.0976380693250576e-08,-7.803847097420658e-07,-3.654744909487029e-11 | 5.497104105245398e-09,-2.0537175515755735e-08,1.1442186860222137e-06 | 1,7
9470 | 315.66668312996626 | 153.6156463623047,187.54437255859375,0.22587524354457855 | -5.166027050584887e-10,-6.295179932891415e-10,5.7210922221884175e-08 | 0 | -3.036057591998542e-07,1.122582943935413e-06,5.019439378028956e-11 | -6.875115143856192e-09,1.8719028105351754e-08,0.0 | 1,7
9480 | 316.0000164806843 | 153.6156463623047,187.54437255859375,0.22587524354457855 | -4.409373144387274e-10,1.10708797684822e-09,1.907030799941367e-08 | 0 | 1.133690489041328e-06,9.723379434944945e-07,3.904365372675578e-11 | -6.8897034743997665e-09,2.0375962250795965e-08,0.0 | 1,7
9490 | 316.3333498314023 | 153.6156463623047,187.54437255859375,0.22587524354457855 | -2.9297286818774637e-10,2.4443569390797393e-10,2.6698430133365036e-07 | 0 | -1.0981811904287042e-08,5.852689923813159e-07,1.9929814742969398e-11 | 5.482530873734959e-09,-1.8823596903416728e-08,1.1442183449617005e-06 | 1,7
9500 | 316.6666831821203 | 153.6156463623047,187.54437255859375,0.22587524354457855 | 2.199297514937637e-11,7.824749181928325e-10,2.479139880051662e-07 | 0 | 8.623122198514466e-07,-2.343809590854562e-09,9.03227755717946e-14 | -6.889551595889998e-09,2.0465352079668264e-08,0.0 | 1,7
9510 | 317.00001653283834 | 153.6156463623047,187.54437255859375,0.22587524354457855 | -4.68956262711373e-10,3.0083360247346036e-09,1.3349215066682518e-07 | 0 | 2.278631882290938e-06,9.691667628430878e-07,2.790935364760383e-11 | 5.509783740365037e-09,-1.5325513302855143e-08,1.1442184586485382e-06 | 1,7
9520 | 317.33334988355637 | 153.6156463623047,187.54437255859375,0.22587524354457855 | 6.132919727619424e-10,-2.649778840790873e-09,1.7163276311293885e-07 | 0 | -1.9870772121066693e-06,-1.2625935141841182e-06,-4.351311672090574e-11 | -5.903600719392443e-09,5.174633610494084e-09,0.0 | 1,7
9530 | 317.6666832342744 | 153.6156463623047,187.54437255859375,0.22587524354457855 | -2.668604226485627e-10,8.820447705559786e-10,3.814061599882734e-08 | 0 | 5.641741154249758e-07,5.349243679120264e-07,2.8442928567962156e-11 | -1.667396998250581e-09,1.3624667616340957e-08,5.721092293242691e-07 | 1,7
9540 | 318.0000165849924 | 153.6156463623047,187.54437255859375,0.22587524354457855 | 3.4333091925020653e-11,9.478196005829886e-10,2.8605461466213455e-07 | 0 | 5.739680659644364e-07,-9.91282149698236e-08,-8.208613476445858e-12 | 4.511168327780979e-09,-5.242356326817799e-09,1.1442186860222137e-06 | 1,7
9550 | 318.33334993571043 | 153.6156463623047,187.54437255859375,0.22587524354457855 | 1.0757714163922572e-10,-1.2872598542656988e-09,2.0977338976990723e-07 | 0 | -8.564695122004196e-07,-1.9272387419277948e-07,-3.816876502360511e-12 | -5.903602051660073e-09,5.174630501869615e-09,0.0 | 1,7
9560 | 318.66668328642845 | 153.6156463623047,187.54437255859375,0.22587524354457855 | 1.2716012964819612e-10,9.522161947828067e-10,2.479139880051662e-07 | 0 | 5.771792075393023e-07,-2.942206265288405e-07,-1.6133152105912707e-11 | 4.51300063986082e-09,-4.895210459210375e-09,1.1442178902143496e-06 | 1,7
9570 | 319.0000166371465 | 153.6156463623047,187.54437255859375,0.22587524354457855 | -1.5698517139006718e-11,-8.889290692426499e-11,1.1442184444376835e-07 | 0 | -2.884943910430593e-07,7.749585417826665e-10,-3.0170789911548868e-12 | 5.48252598875365e-09,-1.8823630654196677e-08,1.1442183449617005e-06 | 1,7
9580 | 319.3333499878645 | 153.6156463623047,187.54437255859375,0.22587524354457855 | -6.041406958035012e-11,1.9916876481396173e-10,3.814061599882734e-08 | 0 | -2.7289641657546326e-09,9.753571816872864e-08,1.2284903996850893e-11 | -1.6524078771951167e-09,1.210103572901744e-08,5.721092293242691e-07 | 1,7
9590 | 319.6666833385825 | 153.6156463623047,187.54437255859375,0.22587524354457855 | 5.681078385499916e-10,9.800097400258778e-10,3.432655262258777e-07 | 0 | 5.920040280216199e-07,-1.220912963617593e-06,-5.67773328352672e-11 | 5.497211574834182e-09,-2.0513503784513887e-08,1.1442178902143496e-06 | 1,7
9600 | 320.00001668930054 | 153.6156463623047,187.54437255859375,0.22587524354457855 | 7.471252783108895e-11,-7.773442445291323e-10,2.288436888875367e-07 | 0 | -8.593803499934438e-07,-1.927461426021182e-07,-9.205319666250045e-12 | 5.4970916707475226e-09,-2.0539273393183066e-08,1.1442186860222137e-06 | 1,7
9610 | 320.33335004001856 | 153.6156463623047,187.54437255859375,0.22587524354457855 | 2.6831908916946645e-10,-1.5747385617714826e-09,2.0977338976990723e-07 | 0 | -1.1382039701857138e-06,-5.333500325832574e-07,-2.7367429503155627e-11 | 2.747943261827146e-10,-1.3788016950400106e-08,1.1442186860222137e-06 | 1,7
9620 | 320.6666833907366 | 153.6156463623047,187.54437255859375,0.22587524354457855 | 1.715456249273828e-11,-6.045065559234786e-10,9.535153111528416e-08 | 0 | -2.855534262380388e-07,7.986679650962003e-10,4.436066097790459e-12 | -6.889935733056518e-09,2.0279546930623837e-08,0.0 | 1,7
9630 | 321.0000167414546 | 153.6156463623047,187.54437255859375,0.22587524354457855 | 5.352241427836191e-10,-1.7953015740701517e-09,1.1442184444376835e-07 | 0 | -1.7045678077920456e-06,-1.1658569292194443e-06,-4.5981517204918276e-11 | 5.49709833208567e-09,-2.0538292844207717e-08,1.1442183449617005e-06 | 1,7
9640 | 321.3333500921726 | 153.6156463623047,187.54437255859375,0.22587524354457855 | -2.6011950926552174e-10,-2.7128449486824024e-10,2.8605461466213455e-07 | 0 | -8.057527089988525e-09,5.852911613146716e-07,2.743315297148996e-11 | -6.889532055964764e-09,2.046938973876422e-08,0.0 | 1,7
9650 | 321.66668344289064 | 153.6156463623047,187.54437255859375,0.22587524354457855 | 1.0756529694733175e-10,-1.292991602674931e-09,2.479139880051662e-07 | 0 | -8.564038580516353e-07,-1.9272242468559853e-07,-1.6981676481675478e-12 | -6.8749441695104e-09,1.875591237876506e-08,0.0 | 1,7
9660 | 322.00001679360867 | 153.6156463623047,187.54437255859375,0.22587524354457855 | -2.5370883172115555e-10,1.704499985599739e-09,2.0977338976990723e-07 | 0 | 1.7144809589808574e-06,5.805772502753825e-07,4.172544601499517e-11 | -3.2887157441763293e-09,5.910158762389983e-08,1.1442186860222137e-06 | 1,7
9670 | 322.3333501443267 | 153.6156463623047,187.54437255859375,0.22587524354457855 | -3.957328353898504e-10,7.624599285271927e-10,9.535153111528416e-08 | 0 | 2.776307042040571e-07,4.869356757808418e-07,1.6940738742365902e-11 | 4.511190976330681e-09,-5.242324352394689e-09,1.1442182312748628e-06 | 1,7
9680 | 322.6666834950447 | 153.6156463623047,187.54437255859375,0.22587524354457855 | 2.762088058272383e-10,-4.2840087033368945e-10,7.628123199765469e-08 | 0 | 5.898179438190709e-07,-5.868738526260131e-07,-2.070540960907863e-11 | 3.223971312138474e-09,2.5244804510715646e-11,1.1442184586485382e-06 | 1,7
9690 | 323.00001684576273 | 153.6156463623047,187.54437255859375,0.22587524354457855 | -2.600457349455354e-10,-2.537084153875213e-10,2.8605461466213455e-07 | 0 | -8.139475760060577e-09,5.852899107594567e-07,2.1134821323598452e-11 | -6.593591894699102e-09,-2.082033745409717e-08,0.0 | 1,7
9700 | 323.33335019648075 | 153.6156463623047,187.54437255859375,0.22587524354457855 | -9.936609868255175e-11,-5.529420255001583e-10,2.479139880051662e-07 | 0 | -2.8985436983930413e-07,2.446651024001767e-07,1.723730099628673e-12 | 2.5990021246258266e-10,-1.224331924731814e-08,5.721089451071748e-07 | 1,7
9710 | 323.6666835471988 | 153.6156463623047,187.54437255859375,0.22587524354457855 | 2.950826735736989e-11,-4.3281558892438454e-10,1.7163276311293885e-07 | 0 | -5.73924523905589e-07,-9.598562655810383e-08,-6.245820267231084e-12 | 5.4975153318537195e-09,-2.0347238560702863e-08,1.1442183449617005e-06 | 1,7
9720 | 324.0000168979168 | 153.6156463623047,187.54437255859375,0.22587524354457855 | -2.1249646486865004e-10,7.78213535279626e-11,9.535153111528416e-08 | 0 | 2.8056751943950076e-07,4.869608005719783e-07,2.232591542195017e-11 | -6.889531167786345e-09,2.046983560433091e-08,0.0 | 1,7
9730 | 324.3333502486348 | 153.6156463623047,187.54437255859375,0.22587524354457855 | 3.519875224622382e-10,-1.1106916497638508e-09,7.628123199765469e-08 | 0 | -1.1368816785761737e-06,-7.772418371132517e-07,-3.2132987243249644e-11 | 5.497332811188471e-09,-2.044347979790473e-08,1.1442184586485382e-06 | 1,7
9740 | 324.66668359935284 | 153.6156463623047,187.54437255859375,0.22587524354457855 | 3.26360799496328e-10,-1.8054380213072818e-09,2.8605461466213455e-07 | 0 | -1.7117068864536122e-06,-7.26896871583449e-07,-2.7945730798895063e-11 | 5.497092558925942e-09,-2.0539312473033533e-08,1.1442186860222137e-06 | 1,7
9750 | 325.00001695007086 | 153.6156463623047,187.54437255859375,0.22587524354457855 | 1.070810939918232e-10,-1.235700985979804e-09,2.479139880051662e-07 | 0 | -8.567895974920248e-07,-1.9272401630132663e-07,-1.452962403170055e-11 | 2.7296767624029883e-10,-1.4135109083213138e-08,1.1442178902143496e-06 | 1,7
9760 | 325.3333503007889 | 153.6156463623047,187.54437255859375,0.22587524354457855 | -1.4408198245607906e-10,-2.6491342453027755e-10,1.7163276311293885e-07 | 0 | -4.09037737014728e-09,3.4142627214350796e-07,1.704265374657954e-11 | -6.87494328133198e-09,1.8755921260549258e-08,0.0 | 1,7
9770 | 325.6666836515069 | 153.6156463623047,187.54437255859375,0.22587524354457855 | 1.9074818113917758e-10,-7.717042005417341e-10,1.3349215066682518e-07 | 0 | -8.554069381716545e-07,-4.366137602573872e-07,-1.922333299486656e-11 | 5.497102772977769e-09,-2.0537372691364908e-08,1.1442184586485382e-06 | 1,7
9780 | 326.0000170022249 | 153.6156463623047,187.54437255859375,0.22587524354457855 | -2.8035625904143657e-11,-2.535550935878206e-10,5.7210922221884175e-08 | 0 | -1.583619901879274e-10,9.755926555499173e-08,4.929623549643214e-12 | -5.903362243486754e-09,5.270617720043447e-09,5.721091724808502e-07 | 1,7
9790 | 326.33335035294294 | 153.61599731445312,187.5443572998047,0.22587352991104126 | 0.02100915089249611,-8.133806113619357e-05,1.5256246399530937e-07 | 0 | 0.0005184186738915741,0.02451285347342491,-0.015533431433141232 | 0.6302744746208191,-0.002440107986330986,-4.004764377896208e-06 | 0,0
9800 | 326.66668370366096 | 153.57363891601562,187.54405212402344,0.22596709430217743 | -0.3857128918170929,0.0014315987937152386,-1.1442184444376835e-07 | 0 | 0.003665505675598979,-0.09140083938837051,-0.23877699673175812 | -0.8835151195526123,-0.04168799892067909,-5.148982381797396e-06 | 0,0
9810 | 327.000017054379 | 153.25994873046875,187.54595947265625,0.22617298364639282 | -1.4682482481002808,0.009366946294903755,5.530388875740755e-07 | 270.4 | -0.00010110541916219518,-0.08584707230329514,-0.04771791398525238 | -2.8491744995117188,0.02362687885761261,4.4052405428374186e-05 | 0,0
9820 | 327.333350405097 | 152.57020568847656,187.55026245117188,0.22625033557415009 | -2.572197914123535,0.016392195597290993,5.721092293242691e-07 | 270.4 | 0.0003645237011369318,0.012570626102387905,-0.06088007986545563 | -2.7535269260406494,0.015790442004799843,6.293201295193285e-06 | 0,0
9830 | 327.66668375581503 | 151.63548278808594,187.55625915527344,0.22605307400226593 | -2.83266019821167,0.01901683211326599,-2.8605461466213455e-07 | 270.4 | -8.534342669008765e-06,0.14448626339435577,-0.08898103982210159 | 0.03810882195830345,0.0019800288137048483,-1.4302730050985701e-05 | 0,0
9840 | 328.00001710653305 | 150.68455505371094,187.56260681152344,0.22594036161899567 | -3.036567211151123,0.02106388472020626,2.6698430133365036e-07 | 270.4 | -0.00010520532669033855,-0.09741146117448807,-0.021987028419971466 | -3.3104608058929443,0.02109350450336933,0.0 | 0,0
9850 | 328.3333504572511 | 149.51199340820312,187.5706787109375,0.2261200249195099 | -3.9145305156707764,0.026854684576392174,-3.2419524131910293e-07 | 270.4 | 0.00012390053598210216,-0.04434812068939209,-0.013782572001218796 | -2.377953290939331,0.01602463237941265,-2.5744913727976382e-05 | 0,0
9860 | 328.6666838079691 | 148.07327270507812,187.58042907714844,0.22614169120788574 | -4.664129734039307,0.03121025674045086,4.576873777750734e-07 | 270.4 | -3.084900163230486e-05,0.008478963747620583,0.009569668211042881 | -2.040910482406616,0.012492611072957516,9.725856216391549e-06 | 0,0
9870 | 329.0000171586871 | 146.09042358398438,187.5934295654297,0.22696654498577118 | -5.115946292877197,0.03303011134266853,0.00025443604681640863 | 270.4 | 0.00012534075358416885,0.07444992661476135,-0.014641010202467442 | -0.3893422782421112,-0.0011039524106308818,-0.03829813376069069 | 0,0
9880 | 329.33335050940514 | 144.7347412109375,187.60227966308594,0.22636599838733673 | -5.022511005401611,0.03023776225745678,0.0014532145578414202 | 270.4 | 0.00328268576413393,0.03692487254738808,0.07784861326217651 | -0.6018447279930115,-0.03740770369768143,0.4479342997074127 | 0,0
9890 | 329.66668386012316 | 143.0574951171875,187.61231994628906,0.22640815377235413 | -5.019128799438477,0.02966131456196308,-0.0002328865957679227 | 270.3 | -0.015746209770441055,0.006314699072390795,3.2636234760284424 | 0.075774185359478,-0.0014913080958649516,0.0004216441884636879 | 0,0
9900 | 330.0000172108412 | 141.38641357421875,187.62188720703125,0.22627486288547516 | -5.065452575683594,0.0266366358846426,0.0017966708401218057 | 270.3 | 0.0018439763225615025,-0.055374663323163986,-0.06617249548435211 | -1.3467406034469604,-0.020383724942803383,-0.02825990319252014 | 0,0
9910 | 330.3333505615592 | 139.6697998046875,187.6305694580078,0.22639983892440796 | -5.1563310623168945,0.02511199563741684,-5.4827130952617154e-05 | 270.3 | 0.012531129643321037,0.01974300853908062,-2.9962756633758545 | -0.006623267661780119,-0.00828131940215826,-0.00020824771490879357 | 0,0
9920 | 330.6666839122772 | 137.94830322265625,187.63876342773438,0.2263708859682083 | -5.175347805023193,0.022590501233935356,-1.8517268472351134e-05 | 270.3 | 0.013706156983971596,0.001633131061680615,-2.942103385925293 | -0.07730483263731003,-0.007975938729941845,9.668644634075463e-05 | 0,0
9930 | 331.00001726299524 | 136.04551696777344,187.64669799804688,0.22636649012565613 | -5.201449871063232,0.018946582451462746,-3.318233666504966e-06 | 270.2 | 0.014139950275421143,0.0005742665380239487,-2.894788980484009 | -0.05922317132353783,-0.01383053045719862,-9.153756764135323e-06 | 0,0
9940 | 331.33335061371326 | 134.48284912109375,187.6521453857422,0.22636382281780243 | -5.2147722244262695,0.015348316170275211,6.102498559812375e-07 | 270.2 | 0.013749265111982822,0.0012605303199961782,-2.8682305812835693 | -0.03461837396025658,-0.010003996081650257,-1.2014294043183327e-05 | 0,0
9950 | 331.6666839644313 | 132.7429962158203,187.65687561035156,0.22636137902736664 | -5.22367525100708,0.010852315463125706,-7.628123199765469e-08 | 270.1 | 0.014997155405580997,0.0006998786702752113,-2.843693971633911 | -0.022702215239405632,-0.024541987106204033,2.288436735398136e-05 | 0,0
9960 | 332.0000173151493 | 131.00059509277344,187.66021728515625,0.22636015713214874 | -5.230606555938721,0.006857825443148613,-7.437419640154985e-07 | 270.1 | 0.013133015483617783,8.907728624762967e-05,-2.8478100299835205 | -0.0200271587818861,-0.003053596941754222,1.258640259038657e-05 | 0,0
9970 | 332.33335066586733 | 129.25596618652344,187.6620330810547,0.22636008262634277 | -5.237374782562256,0.0024158672895282507,4.958279760103323e-07 | 270.0 | 0.013999197632074356,-0.0001925956894410774,-2.840540647506714 | -0.02055644802749157,-0.01207619160413742,3.833131631836295e-05 | 0,0
9980 | 332.66668401658535 | 127.50904083251953,187.6624298095703,0.22635985910892487 | -5.244139671325684,-0.00173460494261235,-1.1823590284620877e-06 | 270.0 | 0.013910030014812946,-0.00018097566498909146,-2.8402745723724365 | -0.020041463896632195,-0.011632663197815418,-1.7735384972183965e-05 | 0,0
9990 | 333.00001736730337 | 125.75988006591797,187.6615447998047,0.22635990381240845 | -5.250885963439941,-0.005526802036911249,2.6698430133365036e-07 | 269.9 | 0.013816027902066708,-0.00021320216183084995,-2.843815803527832 | -0.02044200710952282,-0.0077684312127530575,1.7735384972183965e-05 | 0,0
10000 | 333.3333507180214 | 123.83316040039062,187.65919494628906,0.22636005282402039 | -5.258615493774414,-0.009240220300853252,-1.9070307644142304e-06 | 269.9 | 0.013980931602418423,-0.00022835403797216713,-2.84745192527771 | -0.021572111174464226,-0.010120672173798084,-8.123950101435184e-05 | 0,0
10010 | 333.6666840687394 | 122.0791015625,187.65599060058594,0.22635990381240845 | -5.2657341957092285,-0.011973475106060505,-2.0977338976990723e-07 | 269.9 | 0.013926522806286812,-0.0001778370642568916,-2.8581860065460205 | -0.020928381010890007,-0.009357164613902569,4.862928108195774e-05 | 0,0
10020 | 334.00001741945744 | 120.32272338867188,187.65188598632812,0.22635997831821442 | -5.272468566894531,-0.01415002066642046,-8.772341288931784e-07 | 269.8 | 0.014084109105169773,-0.00011900141544174403,-2.8719894886016846 | -0.0200271587818861,-0.009635443799197674,-1.6591166058788076e-05 | 0,0
10030 | 334.33335077017546 | 118.74004364013672,187.64761352539062,0.2263600081205368 | -5.278854846954346,-0.015740176662802696,-2.0977338976990723e-07 | 269.8 | 0.014005579054355621,-0.00025316030951216817,-2.8811097145080566 | -0.022516248747706413,-0.007228916045278311,2.288436689923401e-06 | 0,0
10040 | 334.6666841208935 | 116.97915649414062,187.64231872558594,0.2263600081205368 | -5.286547660827637,-0.017100704833865166,-4.1954677953981445e-07 | 269.8 | 0.013582517392933369,-0.00022661474940832704,-2.889796495437622 | -0.023217199370265007,-0.002410579239949584,-4.576873834594153e-06 | 0,0
10050 | 335.0000174716115 | 115.21569061279297,187.6366424560547,0.22636032104492188 | -5.294222354888916,-0.01813247986137867,9.535153822071152e-07 | 269.8 | 0.013872852548956871,-8.87383648660034e-05,-2.894693374633789 | -0.02204417996108532,-0.004076454322785139,4.233607978676446e-05 | 0,0
10060 | 335.3333508223295 | 113.44978332519531,187.63064575195312,0.22635997831821442 | -5.301107883453369,-0.018800608813762665,-1.4493433582174475e-06 | 269.8 | 0.01368372980505228,-8.296699888887815e-06,-2.900006055831909 | -0.019898412749171257,-0.0016216187505051494,-8.982114377431571e-05 | 0,0
10070 | 335.66668417304754 | 111.68165588378906,187.62445068359375,0.22635997831821442 | -5.307675838470459,-0.019311286509037018,-1.9070307644142304e-06 | 269.8 | 0.013766550458967686,-8.363601955352351e-05,-2.9012644290924072 | -0.01922607235610485,-0.001415032777003944,-9.6114345069509e-05 | 0,0
10080 | 336.00001752376556 | 109.91136169433594,187.6180419921875,0.22635973989963531 | -5.31390380859375,-0.019740235060453415,-1.6972574030660326e-06 | 269.8 | 0.013842856511473656,-8.707222150405869e-05,-2.899188995361328 | -0.018482206389307976,-0.0014709680108353496,-0.00010183543781749904 | 0,0
10090 | 336.3333508744836 | 108.13902282714844,187.611572265625,0.22635985910892487 | -5.320257663726807,-0.020108869299292564,1.2777105666827993e-06 | 269.8 | 0.013769765384495258,-0.00014119739353191108,-2.895249128341675 | -0.018925664946436882,-0.0009136832668446004,-9.153746759693604e-06 | 0,0
10100 | 336.6666842252016 | 106.36457061767578,187.60494995117188,0.22635981440544128 | -5.326603889465332,-0.020481333136558533,-8.390935590796289e-07 | 269.8 | 0.013728199526667595,-0.000126390514196828,-2.8902289867401123 | -0.018982885405421257,-0.0009860469726845622,0.0 | 0,0
10110 | 337.0000175759196 | 104.58800506591797,187.59815979003906,0.22635959088802338 | -5.332850933074951,-0.02066682279109955,7.628123199765469e-08 | 269.8 | 0.013730906881392002,-9.576120646670461e-05,-2.889944314956665 | -0.01853942684829235,-0.000328067661030218,5.949935439275578e-05 | 0,0
10120 | 337.33335092663765 | 102.80935668945312,187.59132385253906,0.22635959088802338 | -5.3391242027282715,-0.020654458552598953,-1.3349215066682518e-07 | 269.8 | 0.013868323527276516,-0.0001495026081101969,-2.89030122756958 | -0.01952647976577282,-0.0005711428239010274,1.7735384972183965e-05 | 0,0
10130 | 337.66668427735567 | 101.028564453125,187.58457946777344,0.22635971009731293 | -5.34568977355957,-0.02029052935540676,-2.6698430133365036e-07 | 269.8 | 0.013837909325957298,-0.00013636279618367553,-2.8943262100219727 | -0.019884107634425163,9.119509923039004e-05,-8.638848521513864e-05 | 0,0
10140 | 338.0000176280737 | 99.24557495117188,187.5780487060547,0.22635981440544128 | -5.3522748947143555,-0.01954927295446396,-8.009528755792417e-07 | 269.8 | 0.013728980906307697,-0.00014336271851789206,-2.899961233139038 | -0.020112989470362663,0.001376643660478294,-6.979732279432938e-05 | 0,0
19450 | 648.3333671465516 | 168.11032104492188,187.62619018554688,0.22634635865688324 | -5.911569595336914,-0.19457389414310455,-9.535153822071152e-07 | 268.1 | -0.015959149226546288,0.07298091799020767,-0.3779628276824951 | 2.2371909618377686,0.190782830119133,1.7163289385280223e-06 | 0,0
19460 | 648.6667004972696 | 166.89657592773438,187.58949279785156,0.2243596911430359 | -1.2154078483581543,-0.027379948645830154,0.0005299447802826762 | 268.7 | -0.006172945722937584,0.5396627187728882,-0.3867667019367218 | 15.10745906829834,0.35616225004196167,0.015909213572740555 | 0,0
19470 | 649.0000338479877 | 166.72607421875,187.5855255126953,0.2251638025045395 | -0.47510820627212524,-0.010146538726985455,0.0006135490257292986 | 0 | 0.015783587470650673,-0.48559221625328064,-0.09801020473241806 | 0.006214677821844816,0.0036192776169627905,-0.002638567006215453 | 0,0
19480 | 649.3333671987057 | 166.3922882080078,187.578125,0.22598910331726074 | -1.42866849899292,-0.026209188625216484,9.796416998142377e-05 | 268.9 | 0.004422112368047237,-0.21925073862075806,-0.21989589929580688 | -3.479214668273926,-0.035487186163663864,-0.0006155892042443156 | 0,0
19490 | 649.6667005494237 | 165.8134307861328,187.56741333007812,0.2261931598186493 | -2.3679704666137695,-0.03959120810031891,1.783073639671784e-05 | 269.0 | 0.001081408467143774,-0.039690569043159485,-0.42844274640083313 | -2.815260648727417,-0.043761689215898514,-8.352794975508004e-05 | 0,0
19500 | 650.0000339001417 | 164.8744659423828,187.5525360107422,0.22618159651756287 | -3.183037042617798,-0.04167337343096733,2.135874410669203e-06 | 269.2 | -0.0016593144973739982,0.04183770716190338,-0.6669332981109619 | -1.6217349767684937,0.012998430989682674,2.5744913727976382e-05 | 0,0
19510 | 650.3333672508597 | 164.08432006835938,187.54261779785156,0.22550705075263977 | -1.1722158193588257,-0.010674647986888885,-4.004764377896208e-06 | 269.5 | -0.0022193589247763157,0.47903507947921753,-0.3681282103061676 | 9.641746520996094,0.09378857165575027,-5.0345603085588664e-05 | 0,0
19520 | 650.6667006015778 | 163.70709228515625,187.5389862060547,0.2257290929555893 | -1.3059263229370117,-0.00990365818142891,1.3158512501831865e-06 | 269.6 | 0.0034598400816321373,-0.19227077066898346,-0.30393683910369873 | 0.01722693257033825,0.01063638273626566,9.153746759693604e-06 | 0,0
19530 | 651.0000339522958 | 163.27297973632812,187.535400390625,0.2258629947900772 | -1.3002288341522217,-0.008578944951295853,1.4302730733106728e-06 | 269.6 | 0.0014589165803045034,-0.01943746581673622,-0.2647159695625305 | 0.017076728865504265,-0.016803814098238945,4.1191859054379165e-05 | 0,0
19540 | 651.3333673030138 | 162.80528259277344,187.53233337402344,0.22594542801380157 | -1.6311941146850586,-0.007430837024003267,-9.153747555501468e-07 | 269.7 | -0.0013233127538114786,-0.10828109085559845,-0.32671812176704407 | -2.469663381576538,0.0190740954130888,-7.609052408952266e-05 | 0,0
19550 | 651.6667006537318 | 162.0800018310547,187.5288848876953,0.22615760564804077 | -2.6446785926818848,-0.008066386915743351,5.530388875740755e-07 | 269.8 | -0.00021105156338308007,-0.05096757411956787,-0.45823124051094055 | -2.644386053085327,0.012267948128283024,3.432654466450913e-06 | 0,0
19560 | 652.0000340044498 | 161.09371948242188,187.5263214111328,0.22604548931121826 | -2.8129489421844482,-0.001041375333443284,1.029796635521052e-06 | 270.0 | -0.0012104553170502186,0.3198743760585785,-0.5589181780815125 | 4.8070831298828125,0.02384657971560955,2.6317024094169028e-05 | 0,0
19570 | 652.3333673551679 | 160.57859802246094,187.52598571777344,0.2252277284860611 | -0.003735179780051112,-0.00014273406122811139,-6.083428161218762e-06 | 0 | 0.002211669459939003,0.4667353630065918,-0.022267963737249374 | 7.078009605407715,-0.014312251470983028,-1.5446956240339205e-05 | 0,0
19580 | 652.6667007058859 | 160.57904052734375,187.52598571777344,0.2255849838256836 | 0.000116228278784547,-1.3975361980556045e-05,3.261022357037291e-06 | 0 | 0.0015659090131521225,-0.248761847615242,9.296851203544065e-06 | -0.0003258837969042361,2.6695377528085373e-05,-1.4302733688964508e-05 | 0,0
19590 | 653.0000340566039 | 160.57928466796875,187.52598571777344,0.22578127682209015 | 3.8883008528500795e-05,7.477256076526828e-07,5.14898317760526e-07 | 0 | 0.0005591593799181283,-0.08168237656354904,-8.660057574161328e-06 | -0.0001189071117551066,1.7333444475298165e-06,-1.7163272332254564e-06 | 0,0
19600 | 653.3333674073219 | 160.57937622070312,187.52598571777344,0.22585098445415497 | 9.482833775109611e-06,1.5152330945511494e-07,5.14898317760526e-07 | 0 | 9.241784573532641e-05,-0.019844388589262962,-2.0838169803027995e-06 | -2.0606765247066505e-05,-8.765535994825768e-07,1.7163281427201582e-06 | 0,0
19610 | 653.66670075804 | 160.5793914794922,187.52598571777344,0.2258676439523697 | 2.2393012386601185e-06,6.817117537138984e-08,2.8605461466213455e-07 | 0 | -1.7193822714034468e-05,-0.004710054025053978,-4.770898840433802e-07 | 1.562916509101342e-06,1.7900704278872581e-06,6.865310297143878e-06 | 0,0
19620 | 654.000034108758 | 160.57940673828125,187.52598571777344,0.22587314248085022 | 2.136323189461109e-07,2.4529697384423343e-08,5.530388875740755e-07 | 0 | 6.209316779859364e-05,-0.0005369430873543024,-9.961713232087277e-09 | -2.4345430574612692e-05,-3.1944325655786088e-06,1.4874838598188944e-05 | 0,0
19630 | 654.333367459476 | 160.57940673828125,187.52598571777344,0.22587428987026215 | 2.592479404484038e-07,-2.7888408027365585e-08,7.05601394201949e-07 | 0 | 2.8329811812000116e-06,-0.00054027239093557,-5.9367785354424996e-08 | -1.2970803027201327e-06,-3.0425524073507404e-06,2.86054591924767e-06 | 0,0
19640 | 654.666700810194 | 160.57940673828125,187.52598571777344,0.2258753478527069 | 3.933463776917279e-09,2.0064250705331688e-08,7.818825906724669e-07 | 0 | -2.6333018467994407e-05,-6.483848665084224e-06,-6.915050199118866e-10 | 6.138979102843223e-08,1.4979057141317753e-06,1.1442186860222137e-06 | 0,0
19670 | 655.6667008623481 | 160.57940673828125,187.52598571777344,0.2258753478527069 | 2.0051293958545102e-11,-3.4195901665867723e-10,1.907030799941367e-08 | 0 | -8.654417911202472e-07,-5.031691685530859e-08,-5.190789204717605e-12 | -1.1251884046714622e-07,3.434699635818106e-07,-9.153747669188306e-06 | 0,0
19680 | 656.0000342130661 | 160.57940673828125,187.52598571777344,0.2258753478527069 | 1.0412434248152636e-09,8.39702973820522e-09,9.535153111528416e-08 | 0 | 2.81805228041776e-06,-2.238446313640452e-06,-9.716971671736019e-10 | 1.5496262051328813e-07,-5.092126116323925e-07,6.8653098423965275e-06 | 0,0
19690 | 656.3333675637841 | 160.57940673828125,187.52598571777344,0.2258753478527069 | -6.307890321188836e-11,-1.0255514659718301e-08,9.535153111528416e-08 | 0 | -9.186634088109713e-06,1.299339373872499e-07,-4.8298088618781154e-12 | 2.016331102083768e-09,-1.8595913786612073e-07,0.0 | 0,0
19700 | 656.6667009145021 | 160.57940673828125,187.52598571777344,0.2258753478527069 | 1.03661845773928e-09,4.402930908753433e-09,5.7210922221884175e-08 | 0 | 2.9857003482902655e-06,-2.1893615667067934e-06,-2.5540250470079684e-10 | 1.4525446401236763e-09,-6.241726424605076e-08,0.0 | 0,0
19710 | 657.0000342652202 | 160.57940673828125,187.52598571777344,0.2258753478527069 | 1.4106057988350074e-10,-5.458204999087002e-09,1.907030799941367e-08 | 0 | -5.173236331756925e-06,-3.018469953985914e-07,-3.663412281862399e-11 | 1.4525024516487406e-09,-6.245175399044456e-08,0.0 | 0,0
19720 | 657.3333676159382 | 160.57940673828125,187.52598571777344,0.2258753478527069 | 1.1496564117363661e-10,7.962052683829768e-10,0.0 | 0 | 2.015073050642968e-06,-2.890537871280685e-07,4.579004710125734e-12 | -2.9342214769023656e-10,5.433896603790345e-07,-3.432655148571939e-06 | 0,0
19730 | 657.6667009666562 | 160.57940673828125,187.52598571777344,0.2258753478527069 | 1.2922349301724978e-10,-1.6957336645972987e-09,1.9070306223056832e-07 | 0 | -1.293192781304242e-06,-2.461454471358593e-07,-2.9363650400071606e-11 | -4.187268753952367e-09,1.050611864172879e-08,1.1442178902143496e-06 | 0,0
19740 | 658.0000343173742 | 160.57940673828125,187.52598571777344,0.2258753478527069 | -6.508131256133254e-10,-2.491130635107197e-09,2.0977338976990723e-07 | 0 | -2.7164001039636787e-06,1.360733790534141e-06,1.2468974464052707e-10 | 1.4525413094546025e-09,-6.241718608634983e-08,0.0 | 0,0
19750 | 658.3333676680923 | 160.57940673828125,187.52598571777344,0.2258753478527069 | 5.835197325332331e-10,-4.612537018999774e-09,5.7210922221884175e-08 | 0 | -2.298714889548137e-06,-1.2721516213787254e-06,-3.692897029838882e-11 | 7.757974707089943e-09,1.2149872929967387e-07,0.0 | 0,0
19770 | 659.0000343695283 | 160.57940673828125,187.52598571777344,0.2258753478527069 | 2.0051300897439006e-11,-3.419589889031016e-10,1.907030799941367e-08 | 0 | -8.654417911202472e-07,-5.031691685530859e-08,-5.193199602987475e-12 | -3.05572775971541e-08,-8.010464114249771e-08,-2.288436689923401e-06 | 0,0
19780 | 659.3333677202463 | 160.57940673828125,187.52598571777344,0.2258753478527069 | 6.661105000915768e-10,-1.7766890181292183e-08,3.814061599882734e-08 | 0 | -1.3350235349207651e-05,-1.4381611208591494e-06,-6.544105535244427e-11 | 7.733595985826014e-09,-8.628616932071509e-09,5.721092293242691e-07 | 0,0
19790 | 659.6667010709643 | 160.57940673828125,187.52598571777344,0.2258753478527069 | 3.8548733649612643e-10,5.805879332854147e-09,9.535153111528416e-08 | 0 | 4.1478615457890555e-06,-8.217090794460091e-07,-1.1990454462651456e-10 | 1.4524972336005249e-09,-6.245654304848358e-08,0.0 | 0,0
19800 | 660.0000344216824 | 160.57940673828125,187.52598571777344,0.2258753478527069 | 8.999011258392642e-11,-9.138894974114464e-09,5.7210922221884175e-08 | 0 | -7.462329449481331e-06,-1.5959889765326807e-07,-4.848767654747066e-12 | -3.7108622841230954e-09,-1.673754290720808e-08,1.1442183449617005e-06 | 0,0
19810 | 660.3333677724004 | 160.57940673828125,187.52598571777344,0.2258753478527069 | 5.939947977928739e-10,6.13380457537005e-09,1.907030799941367e-08 | 0 | 4.4304906623438e-06,-1.2601437902048929e-06,-1.5965223587599553e-10 | 2.0259391941834792e-09,-2.965912671015758e-08,0.0 | 0,0
