Simulation Frame | Timestamp | Position | Velocity | Heading | Angular Velocity | Acceleration | Stopped at Red Light + Light ID 
1020 | 34.00000177323818 | 169.45321655273438,187.70375061035156,0.2119443267583847 | -0.6787663102149963,-0.01466598454862833,-1.1003568033629563e-05 | 0 | -0.0030859392136335373,0.39073866605758667,0.13402916491031647 | -1.5318470001220703,-0.039975669234991074,-7.437421299982816e-05 | 0,0
1030 | 34.3333351239562 | 168.9176483154297,187.692138671875,0.2095988243818283 | -2.1390392780303955,-0.04594873636960983,-2.3284845156013034e-05 | 268.8 | 0.005127325188368559,0.1670224666595459,-0.012667565606534481 | -3.057603597640991,-0.05341227725148201,4.405240906635299e-05 | 0,0
1040 | 34.666668474674225 | 168.05377197265625,187.6735382080078,0.21022950112819672 | -2.9700894355773926,-0.06373028457164764,1.4855769222776871e-05 | 268.8 | 0.004350442439317703,-0.2457880824804306,-0.009646120481193066 | -2.267446279525757,-0.047633010894060135,-1.2586414413817693e-05 | 0,0
1050 | 35.000001825392246 | 167.12033081054688,187.65359497070312,0.21434152126312256 | -2.126415729522705,-0.045080747455358505,1.2376629456412047e-05 | 268.8 | 0.03200279921293259,-1.9378494024276733,0.007192955818027258 | 6.016022682189941,0.1251230239868164,-0.0004479615017771721 | 0,0
1060 | 35.33333517611027 | 166.61573791503906,187.6429901123047,0.2159791886806488 | -1.4982550144195557,-0.030971096828579903,2.1930853108642623e-05 | 268.8 | -0.018836786970496178,1.1123186349868774,-0.035623420029878616 | -1.7909036874771118,-0.03264845907688141,0.0003095110587310046 | 0,0
1070 | 35.66666852682829 | 166.031005859375,187.63092041015625,0.21201638877391815 | -2.3654189109802246,-0.04747709631919861,-1.0259825103275944e-05 | 268.9 | -0.008998330682516098,0.8469116687774658,-0.08169037103652954 | -2.763654947280884,-0.05152590200304985,-0.0002694634022191167 | 0,0
1080 | 36.00000187754631 | 165.1002655029297,187.61257934570312,0.2109588235616684 | -3.0900280475616455,-0.05762148275971413,-3.794991243921686e-06 | 268.9 | 0.0025690090842545033,-0.21759405732154846,-0.16056831181049347 | -0.5265139937400818,-0.011139548383653164,8.238371810875833e-05 | 0,0
1090 | 36.33333522826433 | 164.2848358154297,187.5978240966797,0.215622216463089 | -1.9168410301208496,-0.030810564756393433,-1.4245519196265377e-05 | 269.1 | -0.001390443998388946,-0.5231896638870239,-0.1776682734489441 | 0.7415162920951843,0.014688669703900814,-0.00010984494292642921 | 0,0
1100 | 36.66666857898235 | 163.57801818847656,187.58624267578125,0.21322666108608246 | -2.4492239952087402,-0.03552831709384918,5.587599844147917e-06 | 269.2 | -0.0007494945893995464,0.9197025299072266,-0.2700629234313965 | -2.352769136428833,-0.013151205144822598,-0.00014188310888130218 | 0,0
1110 | 37.000001929700375 | 162.62771606445312,187.57261657714844,0.21138079464435577 | -3.184528112411499,-0.037082646042108536,-1.0584020856185816e-05 | 269.3 | 0.008693850599229336,0.14908994734287262,-0.4309479892253876 | -1.731963038444519,0.006698593031615019,2.4028584448387846e-05 | 0,0
1120 | 37.333335280418396 | 161.58889770507812,187.56063842773438,0.21412573754787445 | -2.6875405311584473,-0.021712176501750946,1.2777105666827993e-06 | 269.5 | 0.017356717959046364,0.10642630606889725,-0.43475112318992615 | -1.0548876523971558,0.05351654812693596,-4.862928108195774e-05 | 0,0
1130 | 37.66666863113642 | 160.70204162597656,187.55270385742188,0.21249036490917206 | -3.2241222858428955,-0.020032664760947227,-4.405240815685829e-06 | 269.6 | 0.006414574105292559,0.5006942749023438,-0.4892209768295288 | -2.028536558151245,0.014412681572139263,-5.148976470081834e-06 | 0,0
1140 | 38.00000198185444 | 159.50743103027344,187.54537963867188,0.2114384025335312 | -3.8993141651153564,-0.010985144414007664,-5.28247483089217e-06 | 269.8 | 0.014189734123647213,0.11756877601146698,-0.62156742811203 | -1.9607948064804077,0.03953366354107857,2.5744924641912803e-05 | 0,0
1150 | 38.33333533257246 | 158.10606384277344,187.54116821289062,0.21154220402240753 | -4.424762725830078,-0.0007166030118241906,3.756850446734461e-06 | 270.0 | -0.012014912441372871,-0.18491332232952118,-0.5903868675231934 | -1.0381220579147339,0.0009468214702792466,-4.805716162081808e-05 | 0,0
1160 | 38.66666868329048 | 156.44837951660156,187.54136657714844,0.21270281076431274 | -4.555177211761475,0.011942720040678978,5.606670129054692e-06 | 270.2 | -0.030560456216335297,-0.2918857932090759,-0.48737451434135437 | 0.027480123564600945,-0.005683097522705793,-1.144218367699068e-05 | 0,0
1170 | 39.0000020340085 | 155.08738708496094,187.5448455810547,0.21337634325027466 | -4.520853519439697,0.019061202183365822,1.4302730733106728e-06 | 270.2 | -0.02225983515381813,-0.11725883930921555,-0.3761799931526184 | 0.11664389818906784,-0.021027566865086555,-5.721084903598239e-07 | 0,0
1180 | 39.333335384726524 | 153.5849151611328,187.55113220214844,0.2135295867919922 | -4.50262451171875,0.024410026147961617,-8.581638439864037e-07 | 270.3 | -0.016973113641142845,0.00593719445168972,-0.26770082116127014 | -0.0037765500601381063,-0.019582247361540794,-6.064357148716226e-05 | 0,0
1190 | 39.666668735444546 | 152.081787109375,187.55921936035156,0.21345728635787964 | -4.51795768737793,0.027668438851833344,2.6698430133365036e-07 | 270.4 | -0.015258421190083027,0.020955096930265427,-0.1735820770263672 | -0.06540297716856003,-0.005715507548302412,3.7187099223956466e-05 | 0,0
1200 | 40.00000208616257 | 150.42068481445312,187.5694122314453,0.21341395378112793 | -4.5403594970703125,0.02996869757771492,1.6019057511584833e-06 | 270.4 | -0.00905080046504736,0.002083533676341176,-0.10694686323404312 | -0.05278586968779564,-0.015221926383674145,6.75088886055164e-05 | 0,0
1210 | 40.33333543688059 | 149.0563507080078,187.57827758789062,0.21341949701309204 | -4.553933143615723,0.030577920377254486,-3.8140612446113664e-07 | 270.4 | 0.0014385536778718233,-0.002865995978936553,-0.06083134189248085 | -0.04228591546416283,0.011889114044606686,-2.6317022275179625e-05 | 0,0
1220 | 40.66666878759861 | 147.38363647460938,187.58929443359375,0.21342627704143524 | -4.569494724273682,0.03038438968360424,-1.3921323898102855e-06 | 270.4 | -0.004019222687929869,-0.0004111342132091522,-0.017174478620290756 | -0.04324435815215111,-0.004655811470001936,-5.148980108060641e-06 | 0,0
1230 | 41.00000213831663 | 146.01077270507812,187.598388671875,0.2134273797273636 | -4.582046985626221,0.030469316989183426,-6.483904826382059e-07 | 270.4 | -0.0008796066977083683,-0.0003977445303462446,-0.006978855933994055 | -0.04112720116972923,-0.0017623788444325328,5.148980108060641e-06 | 0,0
1240 | 41.33333548903465 | 144.48101806640625,187.60853576660156,0.2134278416633606 | -4.595953464508057,0.030614707618951797,4.576873777750734e-07 | 270.4 | 0.0003971719997934997,0.00026511543546803296,-0.004266753327101469 | -0.04250049218535423,0.000927373708691448,1.6591166058788076e-05 | 0,0
1250 | 41.666668839752674 | 142.946533203125,187.61871337890625,0.21342673897743225 | -4.610264778137207,0.03014877438545227,8.96304470643372e-07 | 270.4 | -0.0015364447608590126,0.00035740676685236394,0.01043967716395855 | -0.04320144280791283,-0.004149153362959623,-1.0297964763594791e-05 | 0,0
1260 | 42.000002190470695 | 141.25318908691406,187.63096618652344,0.2134266197681427 | -4.6251373291015625,0.0479702427983284,-1.487483928030997e-06 | 270.6 | 0.06409292668104172,-0.0011355624301359057,-0.47570961713790894 | -0.04042625054717064,-0.05811217799782753,-6.007146293995902e-05 | 0,0
1270 | 42.33333554118872 | 139.7144317626953,187.69631958007812,0.21348068118095398 | -4.590734481811523,0.5139521956443787,-5.883189805899747e-05 | 276.4 | 0.254492849111557,-0.01871795579791069,-11.163800239562988 | -0.20270346105098724,-0.5390792489051819,0.00010641229164320976 | 0,0
1280 | 42.66666889190674 | 138.22067260742188,187.97972106933594,0.21376857161521912 | -4.274653911590576,1.623273253440857,-0.00014159703277982771 | 290.8 | 2.1021721363067627,-0.5287742614746094,-29.45000457763672 | 2.5976226329803467,5.596131801605225,-0.0006865310715511441 | 0,0
1290 | 43.00000224262476 | 136.99404907226562,188.5277099609375,0.2140304148197174 | -3.7913501262664795,2.608297348022461,7.269601337611675e-05 | 304.5 | 0.07146986573934555,-0.04717265069484711,-36.978641510009766 | 2.9291508197784424,4.216532230377197,0.0006951126852072775 | 0,0
1300 | 43.33333559334278 | 135.58168029785156,189.45606994628906,0.21385501325130463 | -3.3791091442108154,3.228959083557129,-0.00010154939081985503 | 313.7 | 0.7084068059921265,-0.5567207932472229,-33.21601486206055 | 1.26152503490448,1.5841768980026245,-0.001321572344750166 | 0,0
1310 | 43.6666689440608 | 134.5950927734375,190.42445373535156,0.2139035314321518 | -2.8939573764801025,3.7065000534057617,0.00010368525545345619 | 322.0 | -0.686419665813446,0.6809888482093811,-29.277286529541016 | 1.345467448234558,1.2210558652877808,0.0006584975635632873 | 0,0
1320 | 44.000002294778824 | 133.6640167236328,191.66024780273438,0.2139238715171814 | -2.2263894081115723,4.133467197418213,-2.097733704431448e-05 | 331.7 | 0.019541781395673752,-0.02748158387839794,-29.453269958496094 | 2.1722958087921143,1.1995266675949097,0.00025230017490684986 | 0,0
1330 | 44.333335645496845 | 132.94883728027344,193.03375244140625,0.2139054834842682 | -1.5187417268753052,4.448138236999512,-4.910603820462711e-05 | 341.1 | 0.019465381279587746,-0.02947564609348774,-29.51189422607422 | 1.0917876958847046,0.6056928038597107,6.865312752779573e-05 | 0,0
1340 | 44.66666899621487 | 132.42523193359375,194.66226196289062,0.21380645036697388 | -0.7959534525871277,4.663978576660156,1.1251480827922933e-05 | 350.3 | -0.06125996261835098,0.24376289546489716,-26.940614700317383 | 1.8765305280685425,0.4234027564525604,0.00035585189471021295 | 0,0
1350 | 45.00000234693289 | 132.19393920898438,196.05230712890625,0.21372856199741364 | -0.27150729298591614,4.7425360679626465,4.15542017435655e-05 | 356.7 | -0.005269256420433521,0.08707382529973984,-23.65145492553711 | 1.7310850620269775,0.15213488042354584,-0.000574397505261004 | 0,0
1360 | 45.33333569765091 | 132.0511932373047,197.78794860839844,0.2135627269744873 | -0.12742552161216736,4.772214889526367,3.518471567076631e-05 | 358.5 | -0.036594975739717484,0.6054374575614929,-12.139054298400879 | 0.19312842190265656,0.022215841338038445,-0.00020367096294648945 | 0,0
1370 | 45.66666904836893 | 131.99612426757812,199.2174835205078,0.21351756155490875 | -0.024576961994171143,4.773077487945557,2.116804125762428e-06 | 359.7 | 0.003149981377646327,0.1369984894990921,-7.77906608581543 | 0.7007689476013184,-0.0026321408804506063,6.293200385698583e-06 | 0,0
1380 | 46.00000239908695 | 131.97825622558594,200.80874633789062,0.21347244083881378 | 0.04555762559175491,4.780142307281494,4.1954677953981445e-07 | 0.5 | 0.011084538884460926,0.14415563642978668,-4.698290824890137 | 0.03231960907578468,0.03966807946562767,6.86531120663858e-06 | 0,0
1390 | 46.333335749804974 | 131.98812866210938,202.40444946289062,0.2134353220462799 | 0.09030963480472565,4.794065952301025,4.958279760103323e-07 | 1.1 | 0.00687812827527523,0.0007914531161077321,-2.799208164215088 | 0.5076978802680969,0.0329589806497097,1.2586401680891868e-05 | 0,0
1400 | 46.666669100522995 | 132.0126495361328,204.0051727294922,0.21342463791370392 | 0.1004941314458847,4.808332443237305,4.1954677953981445e-07 | 1.2 | 0.0016258395044133067,0.08474631607532501,-1.3828002214431763 | -0.07760993391275406,0.04159926995635033,1.0297965673089493e-05 | 0,0
1410 | 47.000002451241016 | 132.04396057128906,205.6101531982422,0.2134285271167755 | 0.10512243956327438,4.820332050323486,-1.1442184444376835e-07 | 1.2 | 0.00024627987295389175,0.08295784145593643,-0.6340226531028748 | -0.14906330406665802,0.0375366173684597,-4.061975050717592e-05 | 0,0
1420 | 47.33333580195904 | 132.07920837402344,207.21896362304688,0.21343180537223816 | 0.1141497939825058,4.831536769866943,-2.479139880051662e-07 | 1.4 | -0.00017779681365936995,0.010981706902384758,-0.40556883811950684 | -0.0006079673185013235,0.034232135862112045,-2.0595929527189583e-05 | 0,0
1430 | 47.66666915267706 | 132.11746215820312,208.8314971923828,0.21343199908733368 | 0.1236618384718895,4.842843532562256,4.1954677953981445e-07 | 1.5 | 0.0002534581290092319,-0.006508114747703075,-0.36365029215812683 | 0.035093795508146286,0.035147663205862045,-9.153746759693604e-06 | 0,0
1440 | 48.00000250339508 | 132.15782165527344,210.4479217529297,0.21343162655830383 | 0.12160547822713852,4.854687213897705,3.623358395543619e-07 | 1.4 | 0.0006078453734517097,0.034211691468954086,-0.07954394072294235 | -0.03342859074473381,0.0347900353372097,-2.231225516879931e-05 | 0,0
1450 | 48.3333358541131 | 132.195556640625,212.06822204589844,0.21343402564525604 | 0.09985266625881195,4.866459846496582,6.483904826382059e-07 | 1.2 | 0.0009171176934614778,0.055996909737586975,0.44753536581993103 | -0.11379405111074448,0.03543376550078392,5.1489827455952764e-05 | 0,0
1460 | 48.66666920483112 | 132.22543334960938,213.69235229492188,0.21343688666820526 | 0.06465420871973038,4.878056049346924,-3.432655262258777e-07 | 0.8 | -7.30992469470948e-05,0.00902058370411396,0.9468603134155273 | -0.010959728620946407,0.03370284661650658,-8.581638212490361e-06 | 0,0
1470 | 49.000002555549145 | 132.244140625,215.3202667236328,0.2134380340576172 | 0.028196807950735092,4.889293193817139,1.0488669204278267e-06 | 0.3 | -0.00032182116410695016,-0.029081499204039574,1.1278483867645264 | -0.0615047812461853,0.03368854150176048,0.0001012633292702958 | 0,0
1480 | 49.333335906267166 | 132.25155639648438,216.95159912109375,0.21345050632953644 | -0.004712063353508711,4.886462211608887,5.7210922221884175e-08 | 359.9 | -0.054230157285928726,-0.019258026033639908,1.1168791055679321 | -0.11511745303869247,-0.3801870048046112,2.460069299559109e-05 | 1,3
1490 | 49.66666925698519 | 132.24794006347656,218.3374786376953,0.21722398698329926 | -0.025957157835364342,3.1997954845428467,-5.242427141638473e-05 | 359.5 | -1.4047859907150269,-0.06547708809375763,0.7907555103302002 | -0.05153590440750122,-6.996073246002197,-0.000363861327059567 | 1,3
1500 | 50.00000260770321 | 132.2440948486328,218.96456909179688,0.2210274487733841 | -0.005005310755223036,0.43168672919273376,-9.668646089266986e-05 | 0 | -1.4418436288833618,-0.06153541058301926,0.1352500170469284 | 0.11125680804252625,-12.632936477661133,-0.0006344692083075643 | 1,3
1510 | 50.33333595842123 | 132.2440185546875,218.97332763671875,0.21745160222053528 | 4.159053787589073e-05,-0.003858432872220874,0.0001372108526993543 | 0 | 1.5507895946502686,0.017084594815969467,-7.234199301819899e-07 | -0.0024374951608479023,0.007754957303404808,-0.0002992133959196508 | 1,3
1520 | 50.66666930913925 | 132.24398803710938,218.97503662109375,0.21425271034240723 | 1.1101527888968121e-05,-0.0010306747863069177,6.083428161218762e-06 | 0 | 0.3935200870037079,0.004366555251181126,-2.6790194169734605e-05 | -4.980981248081662e-05,0.0055971588008105755,-0.00012815244554076344 | 1,3
1530 | 51.00000265985727 | 132.24398803710938,218.97532653808594,0.21374370157718658 | 3.7497786706808256e-06,-0.00022524443920701742,-4.557803549687378e-06 | 0 | 0.08522451668977737,0.0016087079420685768,-7.460254892066587e-06 | -1.8410260963719338e-05,0.0005503876018337905,4.8629277443978935e-05 | 1,3
1540 | 51.333336010575294 | 132.24398803710938,218.97544860839844,0.21359580755233765 | 1.3270368981466163e-06,-5.6601031246827915e-05,-2.326577487110626e-06 | 0 | 0.021353792399168015,0.0005666418583132327,-1.9860399333992973e-06 | 1.0028780934590031e-06,-3.916029072570382e-06,-8.581634574511554e-06 | 1,3
1550 | 51.666669361293316 | 132.24398803710938,218.97544860839844,0.21354785561561584 | 2.399839900135703e-07,-1.2163895917183254e-05,-5.911795142310439e-07 | 0 | 0.004582422785460949,0.00011574695236049592,-4.5413574412123126e-07 | 1.6810581655590795e-06,-3.749651659745723e-05,-1.2586401680891868e-05 | 1,3
1560 | 52.00000271201134 | 132.24398803710938,218.9754638671875,0.21353572607040405 | 1.666643356657005e-07,-5.9334524848964065e-06,-2.421929139018175e-06 | 0 | 0.002238416112959385,7.059527706587687e-05,-1.9515505300660152e-07 | 1.2030247944494477e-06,2.8048501917510293e-05,-3.432655648794025e-05 | 1,3
1570 | 52.33333606272936 | 132.24398803710938,218.9754638671875,0.2135324478149414 | -1.0100794867184959e-07,-1.598887138243299e-06,-1.2014294270557002e-06 | 0 | 0.0006031441735103726,-4.4389711547410116e-05,-5.412208281541098e-08 | -4.068224825459765e-06,5.687194061465561e-06,-6.865312570880633e-06 | 1,3
1580 | 52.66666941344738 | 132.24398803710938,218.9754638671875,0.2135324478149414 | -8.668323658866939e-08,-4.860812055085262e-07,-5.721092293242691e-07 | 0 | 0.00018351065227761865,-2.393586873949971e-05,-2.3797140258352556e-08 | -9.746793239173712e-07,2.8463527996791527e-06,-9.153747669188306e-06 | 1,3
1590 | 53.0000027641654 | 132.24398803710938,218.9754638671875,0.21353141963481903 | 1.7714842925897756e-08,-1.9243725546402857e-07,4.1954677953981445e-07 | 0 | 7.236646342789754e-05,8.236291250796057e-06,-7.682152691756983e-09 | 1.574708186069529e-08,-1.6610025568297715e-06,-1.7163272332254564e-06 | 1,3
1600 | 53.33333611488342 | 132.24398803710938,218.9754638671875,0.21353141963481903 | -4.597292502239725e-08,-7.909056742860798e-10,1.907030799941367e-08 | 0 | 4.0707155335439893e-07,-1.6200176105485298e-05,-1.2840968288685417e-09 | -4.970819190930342e-06,1.1788896472353372e-06,-8.009528755792417e-06 | 1,3
1610 | 53.666669465601444 | 132.24398803710938,218.9754638671875,0.21353141963481903 | 1.0123739713208124e-07,2.4286997302169766e-08,-4.0047643778962083e-07 | 0 | -9.026628504216205e-06,3.8054913602536544e-05,5.999143404267215e-09 | 3.0776384392083855e-06,1.5107088984223083e-06,-1.1442178902143496e-06 | 1,3
1620 | 54.000002816319466 | 132.24398803710938,218.9754638671875,0.21353141963481903 | -1.69773954894481e-08,-2.285301547999552e-08,-8.200231604860164e-07 | 0 | 8.616302693553735e-06,-7.634039320691954e-06,-8.196623380030132e-10 | 4.4154768374937703e-07,-1.5425525745627056e-08,-2.2884357804286992e-06 | 1,3
1630 | 54.33333616703749 | 132.24398803710938,218.9754638671875,0.21353141963481903 | -2.6563323984873932e-08,-4.58831950211902e-09,-5.14898317760526e-07 | 0 | 1.729860741761513e-06,-1.1250280294916593e-05,-1.300898416767282e-10 | -3.1802164812688716e-06,-8.224430985137587e-07,8.581636393500958e-06 | 1,3
1640 | 54.66666951775551 | 132.24398803710938,218.9754638671875,0.21353141963481903 | -2.0539747680459186e-08,-4.0780077092961164e-09,-3.2419524131910293e-07 | 0 | 1.5431008932864643e-06,-9.460082765144762e-06,-2.610526517177192e-10 | -7.620778319505916e-08,-2.8696788945126173e-08,-2.2884373720444273e-06 | 1,3
1650 | 55.00000286847353 | 132.24398803710938,218.9754638671875,0.21353141963481903 | -8.269202211863558e-09,-6.231354099384134e-09,-2.0977338976990723e-07 | 0 | 2.34831236411992e-06,-3.6127960356679978e-06,-3.39563960283229e-10 | -5.327471441773923e-08,-5.01227681581895e-08,-2.2884369172970764e-06 | 1,3
1660 | 55.33333621919155 | 132.24398803710938,218.9754638671875,0.21353141963481903 | 5.0816861829616755e-08,1.477927114024169e-08,-1.2586402817760245e-06 | 0 | -5.588086878560716e-06,2.3166467144619673e-05,2.0846546711084102e-10 | 2.482089485056349e-06,7.794475322953076e-07,-1.3158512956579216e-05 | 1,3
1670 | 55.66666956990957 | 132.24398803710938,218.9754638671875,0.21353141963481903 | -5.5593080361404645e-08,-8.826502195802277e-09,-7.818825906724669e-07 | 0 | 3.1717386264062952e-06,-1.750202864059247e-05,-5.826733318059496e-09 | -5.46182377547666e-07,-4.4783107000512246e-08,-2.2884357804286992e-06 | 1,3
1680 | 56.000002920627594 | 132.24398803710938,218.9754638671875,0.21353141963481903 | 3.247111735049657e-08,-3.393929359774006e-09,-5.339686026673007e-07 | 0 | 1.4429862176257302e-06,6.658298389083939e-06,5.2786863768972125e-09 | 5.09321466779511e-07,1.329000198779795e-08,-2.288436689923401e-06 | 1,3
1690 | 56.333336271345615 | 132.24398803710938,218.9754638671875,0.21353141963481903 | 6.687988385323251e-09,5.657625479216222e-09,-4.1954677953981445e-07 | 0 | -2.1344153537938837e-06,3.127492163912393e-06,2.410148469689233e-10 | 2.2369784247189273e-08,1.925880610542663e-08,-2.2884373720444273e-06 | 1,3
1700 | 56.66666962206364 | 132.24398803710938,218.9754638671875,0.21353141963481903 | 3.72385100533279e-09,9.771656817036956e-10,-2.288436888875367e-07 | 0 | -3.688828087433649e-07,1.6944799199336558e-06,6.974673616433336e-11 | 3.549070015651523e-08,9.739406614528434e-09,-2.288436689923401e-06 | 1,3
1710 | 57.00000297278166 | 132.24398803710938,218.9754638671875,0.21353141963481903 | -3.368055390140512e-09,-3.346123291642078e-12,-9.153747555501468e-07 | 0 | 4.333460257299748e-09,-1.6977312498056563e-06,3.2260940446837694e-11 | 3.712415974632677e-08,9.751788709877474e-09,-2.2884357804286992e-06 | 1,3
1720 | 57.33333632349968 | 132.24398803710938,218.9754638671875,0.21353141963481903 | -1.8910415455763996e-09,1.606337424187032e-10,-7.246716791087238e-07 | 0 | -5.8234476796314993e-08,-9.91190290733357e-07,3.8763287718568407e-11 | 3.712355578500137e-08,9.751792262591152e-09,-2.2884357804286992e-06 | 1,3
1730 | 57.6666696742177 | 132.24398803710938,218.9754638671875,0.21353141963481903 | 6.682941755542515e-09,1.950078321044657e-09,-5.339686026673007e-07 | 0 | -7.370894650193804e-07,3.1105985272006365e-06,1.054968196134709e-10 | 3.547130233982898e-08,9.739295592225972e-09,-2.288436689923401e-06 | 1,3
1740 | 58.00000302493572 | 132.24398803710938,218.9754638671875,0.21353141963481903 | 5.498291155703328e-09,1.4641354795230654e-09,-3.432655262258777e-07 | 0 | -5.533330522666802e-07,2.543575419622357e-06,8.777081839106415e-11 | 3.5488611160872097e-08,9.739395068208978e-09,-2.288436689923401e-06 | 1,3
1750 | 58.333336375653744 | 132.24398803710938,218.9754638671875,0.21353141963481903 | -3.80847042791288e-09,-6.551064690718533e-10,-1.5256246399530937e-07 | 0 | 2.473420295245887e-07,-1.6911733382585226e-06,-7.236104770935725e-11 | -5.332302777105724e-08,-9.772966436116803e-09,-2.2884369172970764e-06 | 1,3
1760 | 58.666669726371765 | 132.24398803710938,218.9754638671875,0.21353141963481903 | 3.6424785410105187e-09,1.616259348580229e-09,-9.153747555501468e-07 | 0 | -6.123682396719232e-07,1.8468408597982489e-06,2.3263396417561033e-12 | -2.0301113679010996e-08,-2.091626732925178e-10,-2.2884357804286992e-06 | 1,3
1770 | 59.00000307708979 | 132.24398803710938,218.9754638671875,0.21353141963481903 | -4.662810693112363e-10,4.854165402967681e-10,-7.246716791087238e-07 | 0 | -1.8156261205604096e-07,-2.827362948210066e-07,5.893901339204533e-11 | 9.810984247238252e-10,1.6431854488185849e-10,-2.2884357804286992e-06 | 1,3
1780 | 59.33333642780781 | 132.24398803710938,218.9754638671875,0.21353141963481903 | 1.064234589343016e-09,6.497863358490008e-10,-5.339686026673007e-07 | 0 | -2.441209687731316e-07,4.2263619093318994e-07,5.744220724079874e-11 | 3.709627804937554e-08,9.751607521479855e-09,-2.288436689923401e-06 | 1,3
1790 | 59.66666977852583 | 132.24398803710938,218.9754638671875,0.21353141963481903 | -8.018855579550177e-10,1.5689814725217133e-10,-3.432655262258777e-07 | 0 | -6.00755285518062e-08,-2.7702358806891425e-07,-4.885491663997321e-11 | -9.014932800255337e-09,-1.7324889786674014e-11,-2.288436689923401e-06 | 0,0
1800 | 60.00000312924385 | 132.24392700195312,218.9815216064453,0.21338199079036713 | -0.000437647890066728,0.07024189084768295,-1.3921323898102855e-06 | 0 | 0.11544035375118256,-0.0031729028560221195,0.011483795009553432 | -0.007708434015512466,0.7278566956520081,-3.203811138519086e-05 | 0,0
1810 | 60.33333647996187 | 132.24290466308594,219.19085693359375,0.2111159861087799 | -0.010254506953060627,1.1746735572814941,-1.8116792489308864e-05 | 359.5 | 0.8277101516723633,-0.019201889634132385,0.07010828703641891 | 0.014941188506782055,5.577723026275635,-0.0001155660575022921 | 0,0
1820 | 60.66666983067989 | 132.23619079589844,219.8978729248047,0.20979276299476624 | -0.027482764795422554,2.4328665733337402,5.6829517234291416e-06 | 359.4 | -0.20017868280410767,-0.0188734233379364,0.32356277108192444 | 0.006941612344235182,2.4874517917633057,0.00019051236449740827 | 0,0
1830 | 61.000003181397915 | 132.22637939453125,220.8441619873047,0.2105957716703415 | -0.038023240864276886,3.195589303970337,9.153747669188306e-06 | 359.3 | -0.16793625056743622,0.0023607127368450165,0.30149683356285095 | -0.08676442503929138,2.18446946144104,-2.7461235731607303e-05 | 0,0
1840 | 61.333336532115936 | 132.21421813964844,221.9033966064453,0.2109779268503189 | -0.04862745478749275,3.8232574462890625,3.9856940929894336e-06 | 359.3 | -0.08646881580352783,-0.0011261393083259463,0.28631502389907837 | -0.03394201025366783,2.002751588821411,5.148976470081834e-06 | 0,0
1850 | 61.66666988283396 | 132.19557189941406,223.43814086914062,0.2112981379032135 | -0.05793234333395958,4.4987030029296875,7.246716791087238e-07 | 359.3 | -0.0891655832529068,0.001886730664409697,0.1708122342824936 | -0.033515315502882004,1.6372917890548706,-6.178778858156875e-05 | 0,0
1860 | 62.00000323355198 | 132.177978515625,224.84388732910156,0.2119453251361847 | -0.06177731975913048,4.79940128326416,6.6173965933558065e-06 | 359.3 | -0.29354265332221985,0.008144319988787174,0.09286174923181534 | -0.051606256514787674,0.4875182807445526,2.5744910089997575e-05 | 0,0
1870 | 62.33333658427 | 132.15777587890625,226.44847106933594,0.21308356523513794 | -0.0605388805270195,4.793010711669922,3.1466006475966424e-06 | 359.3 | -0.2709659934043884,-0.0017605684697628021,0.020105788484215736 | -0.0007808580412529409,-0.2799510657787323,-4.348030051914975e-05 | 0,0
17780 | 592.666697576642 | 168.2513427734375,187.70452880859375,0.21343089640140533 | -4.800522804260254,0.08410511910915375,-4.767576911035576e-07 | 271.0 | -0.0550130195915699,0.0006479074363596737,0.8236646056175232 | -0.04046916589140892,-0.16210398077964783,3.146600283798762e-05 | 0,0
17790 | 593.0000309273601 | 166.488525390625,187.73204040527344,0.21343368291854858 | -4.814650535583496,0.04865053668618202,1.411202788403898e-06 | 270.6 | 0.07208564132452011,-0.0012772160116583109,1.0247126817703247 | -0.036935802549123764,0.10577290505170822,7.66626326367259e-05 | 0,0
17800 | 593.3333642780781 | 165.0424041748047,187.74403381347656,0.2134341448545456 | -4.825998783111572,0.01059409324079752,7.628123199765469e-08 | 270.1 | -0.033599261194467545,0.00018374933279119432,1.2452642917633057 | -0.037093158811330795,-0.2303982526063919,-4.3480293243192136e-05 | 0,0
17810 | 593.6666976287961 | 163.43157958984375,187.74786376953125,0.2134326547384262 | -4.838650226593018,-0.012068626470863819,9.535153822071152e-07 | 269.9 | 0.00625350559130311,0.0003843684680759907,0.9983640909194946 | -0.03813743218779564,-0.11873964965343475,3.489866139716469e-05 | 0,0
17820 | 594.0000309795141 | 161.81651306152344,187.74386596679688,0.21343089640140533 | -4.851337432861328,-0.026327388361096382,7.246716791087238e-07 | 269.7 | 0.06419651955366135,0.0002529323974158615,0.6811351776123047 | -0.03879546746611595,0.08775829523801804,-4.576873379846802e-06 | 0,0
17830 | 594.3333643302321 | 160.19728088378906,187.7350311279297,0.21343116462230682 | -4.863256454467773,-0.03667992353439331,1.2395699968692497e-06 | 269.6 | -0.004054392222315073,-0.0007393383421003819,0.4609123468399048 | -0.03357410058379173,-0.08927776664495468,7.036943134153262e-05 | 0,0
17840 | 594.6666976809502 | 158.57418823242188,187.72386169433594,0.2134326547384262 | -4.874632835388184,-0.039631426334381104,1.9070306223056832e-07 | 269.5 | -0.016230473294854164,-0.0002882257103919983,0.2671937346458435 | -0.03368854150176048,-0.07773253321647644,1.6019057511584833e-05 | 0,0
17850 | 595.0000310316682 | 156.9473419189453,187.71185302734375,0.21343207359313965 | -4.886148452758789,-0.03593280911445618,7.628123199765469e-08 | 269.6 | 0.027763614431023598,0.0002343336964258924,0.03294236958026886 | -0.034303661435842514,0.03149672970175743,-2.2884369172970764e-06 | 0,0
17860 | 595.3333643823862 | 155.15966796875,187.69869995117188,0.21364933252334595 | -4.74647855758667,-0.041158851236104965,-1.3349215066682518e-07 | 269.5 | -0.06792370975017548,-0.4505103528499603,0.20608800649642944 | 2.634730100631714,-0.05093536898493767,-3.432655148571939e-06 | 1,7
17870 | 595.6666977331042 | 153.99534606933594,187.6884307861328,0.21771852672100067 | -2.717118501663208,-0.026639137417078018,-6.914893310749903e-05 | 269.5 | 0.02070169523358345,-1.2509357929229736,0.137377068400383 | 7.23237943649292,0.05148974806070328,-0.00018650759011507034 | 1,7
17880 | 596.0000310838223 | 153.4607696533203,187.6833038330078,0.2216774821281433 | -0.0008631538948975503,-1.5993900888133794e-05,-0.00011060777615057305 | 0 | 0.0035288205835968256,-0.36318349838256836,-0.0012834626249969006 | 5.8707451820373535,0.05733241140842438,3.71872702089604e-05 | 1,7
17890 | 596.3333644345403 | 153.45822143554688,187.6832733154297,0.2169322669506073 | 0.003548274515196681,1.8872493456001393e-05,0.00012031457299599424 | 0 | -0.005962652619928122,1.4145621061325073,0.00014266216021496803 | -0.00923936441540718,-4.1969757148763165e-05,-0.00044281265581957996 | 1,7
17900 | 596.6666977852583 | 153.45668029785156,187.6832733154297,0.21402239799499512 | 0.0007308534113690257,4.76213881484e-06,-1.220499711962475e-06 | 0 | -0.0015160123584792018,0.278059720993042,5.376824901759392e-06 | -0.004223944619297981,-2.3749556930852123e-05,-8.982114377431571e-05 | 1,7
17910 | 597.0000311359763 | 153.45645141601562,187.6832733154297,0.2136889547109604 | 0.00018420677224639803,1.4454516303885612e-06,-4.824787993129576e-06 | 0 | -0.0005078260437585413,0.069662906229496,1.5814724463325547e-07 | -0.0006432429072447121,-8.470339707855601e-06,2.8033344278810546e-05 | 1,7
17920 | 597.3333644866943 | 153.4563751220703,187.6832733154297,0.21358847618103027 | 5.481256448547356e-05,3.603624918468995e-07,-2.2693666323903017e-06 | 0 | -0.00011835596524178982,0.02068452350795269,-1.4071483178668132e-07 | -6.283294351305813e-05,-3.349587586853886e-06,-1.7163276424980722e-05 | 1,7
17930 | 597.6666978374124 | 153.45632934570312,187.6832733154297,0.21354621648788452 | 1.254578455700539e-05,2.0501141761997133e-07,-9.535153111528416e-08 | 0 | -7.254657975863665e-05,0.004729114938527346,-5.82097570145379e-08 | 1.0057382496597711e-05,7.771170089654333e-07,-1.9451712432783097e-05 | 1,7
17940 | 598.0000311881304 | 153.45632934570312,187.6832733154297,0.21353575587272644 | 1.434764385521703e-06,2.002269283707392e-08,1.907030799941367e-08 | 0 | -7.5246134656481445e-06,0.0005329218693077564,-9.447511928328822e-08 | -0.00013692490756511688,-2.068007916022907e-06,5.091771890874952e-05 | 1,7
17950 | 598.3333645388484 | 153.45632934570312,187.6832733154297,0.2135324776172638 | 1.5931385632939055e-06,4.735472458605727e-08,-1.8879603658206179e-06 | 0 | -1.5483907191082835e-05,0.0006010113283991814,1.0090591695544049e-09 | -7.18380124453688e-06,2.717552888498176e-06,0.0 | 1,7
17960 | 598.6666978895664 | 153.45632934570312,187.6832733154297,0.2135324776172638 | 4.4268657006796275e-07,2.4043592006250947e-08,-1.7163276311293885e-07 | 0 | -9.645067621022463e-06,0.00016698488616384566,-3.0650368354478985e-10 | -3.634607537605916e-06,2.8517717964859912e-06,6.8653098423965275e-06 | 1,7
17970 | 599.0000312402844 | 153.45632934570312,187.6832733154297,0.21353141963481903 | 1.2245912728303665e-07,1.351462852738905e-08,-4.1954677953981445e-07 | 0 | -6.3462325670116115e-06,4.600852480507456e-05,-1.8172086058143577e-09 | -1.5208411241474096e-06,3.0316813504072115e-09,2.0023819160996936e-05 | 1,7
17980 | 599.3333645910025 | 153.45632934570312,187.6832733154297,0.21353141963481903 | 5.160798899339625e-09,6.552364428813462e-09,1.5256246399530937e-07 | 0 | -3.4821557619579835e-06,8.291923222714104e-06,-5.89935267303332e-10 | 5.095079131933744e-07,9.97655078549542e-08,-1.7163279153464828e-06 | 1,7
17990 | 599.6666979417205 | 153.45632934570312,187.6832733154297,0.21353141963481903 | 5.349425902245741e-10,-6.324705648097506e-09,-3.814061599882734e-08 | 0 | 2.3775803583703237e-06,1.9871716006036877e-07,-3.1387425991624696e-10 | -1.5291002455342095e-06,8.185549518202606e-07,5.721091724808502e-07 | 1,7
18000 | 600.0000312924385 | 153.45632934570312,187.6832733154297,0.21353141963481903 | -1.4606851728160564e-08,-3.548418092691463e-08,-4.0047643778962083e-07 | 0 | 1.5199351764749736e-05,-5.484309440362267e-06,3.186458319426322e-10 | -7.429820811921672e-07,-3.0182250156940427e-06,-1.2586401680891868e-05 | 1,7
18010 | 600.3333646431565 | 153.45632934570312,187.6832733154297,0.21353141963481903 | -1.8050458905349842e-08,3.925330460674559e-08,-9.535153111528416e-08 | 0 | -1.4495149116555694e-05,-6.660746748821111e-06,3.7476239889144836e-09 | 2.0181934345941954e-08,-5.2232028480148074e-08,-1.1442182312748628e-06 | 1,7
18020 | 600.6666979938745 | 153.45632934570312,187.6832733154297,0.21353141963481903 | 4.024391042634079e-09,-1.3210747162872849e-08,-1.3349215066682518e-07 | 0 | 1.82559722361475e-06,1.347337615698052e-06,-3.870602949263002e-09 | 4.164854683352814e-09,-3.1651595122639264e-07,-5.721091724808502e-07 | 1,7
18030 | 601.0000313445926 | 153.45632934570312,187.6832733154297,0.21353141963481903 | 3.903313228192928e-09,-3.812477888942567e-09,-1.1442184444376835e-07 | 0 | 1.7370232399116503e-06,1.4702242197017767e-06,-9.23737197844332e-11 | 3.8920344280768404e-08,-3.632272083109456e-08,-1.1442183449617005e-06 | 1,7
18040 | 601.3333646953106 | 153.45632934570312,187.6832733154297,0.21353141963481903 | -4.985807322555047e-10,1.128825033447356e-09,-1.907030799941367e-08 | 0 | -4.2434811575731146e-07,-1.8518437627790263e-07,8.282683566784854e-11 | -3.166539102039678e-07,2.8358579129417194e-07,1.0297964763594791e-05 | 1,7
18050 | 601.6666980460286 | 153.45632934570312,187.6832733154297,0.21353141963481903 | -7.198361462457115e-09,1.3889628114327479e-08,-1.7163276311293885e-07 | 0 | -5.986326414131327e-06,-2.7148580556968227e-06,1.2306002050710418e-10 | -8.10608923984546e-07,1.4988875136623392e-06,5.148982381797396e-06 | 1,7
18060 | 602.0000313967466 | 153.45632934570312,187.6832733154297,0.21353141963481903 | -3.2822400353182957e-09,7.867493323487906e-09,-1.7163276311293885e-07 | 0 | -3.6328840451460565e-06,-1.2403941127558937e-06,9.275938350761237e-11 | -2.935551002281045e-08,5.330061370045769e-08,0.0 | 1,7
18070 | 602.3333647474647 | 153.45632934570312,187.6832733154297,0.21353141963481903 | -3.720101560134026e-09,1.5493688110268522e-08,-7.628123199765469e-08 | 0 | -3.099851255683461e-06,-1.2346860103207291e-06,3.80444253877954e-09 | -8.775080218015319e-09,2.6623513349477435e-07,-5.721092293242691e-07 | 1,7
18080 | 602.6666980981827 | 153.45632934570312,187.6832733154297,0.21353141963481903 | -4.784461715701127e-10,-8.307057819401109e-10,-1.1442184444376835e-07 | 0 | 4.1849915533020976e-07,-1.7936321228262386e-07,9.553783111848624e-12 | -5.8073542502645736e-11,9.068687134572428e-09,-1.1442183449617005e-06 | 1,7
18090 | 603.0000314489007 | 153.45632934570312,187.6832733154297,0.21353141963481903 | 1.9572925502586713e-09,-1.996039999951904e-09,-5.7210922221884175e-08 | 0 | 8.665867881063605e-07,7.350755595325609e-07,-8.335347689847339e-11 | 3.8931421642018904e-08,-3.699623007946684e-08,-1.1442183449617005e-06 | 1,7
18100 | 603.3333647996187 | 153.45632934570312,187.6832733154297,0.21353141963481903 | 9.393858135808841e-09,-2.0115093590789e-08,-3.8140612446113664e-07 | 0 | 5.358282123779645e-06,3.376924269105075e-06,-3.827815397983159e-09 | 1.8402904089498406e-08,-2.4868407422218297e-07,-5.721084903598239e-07 | 1,7
18110 | 603.6666981503367 | 153.45632934570312,187.6832733154297,0.21353141963481903 | -2.1309373821054578e-08,4.333976733050804e-08,-1.907030799941367e-08 | 0 | -1.592319313203916e-05,-7.88572560850298e-06,3.776212675887791e-09 | -7.61106548452517e-07,1.3969651035949937e-06,4.004764377896208e-06 | 1,7
18120 | 604.0000315010548 | 153.45632934570312,187.6832733154297,0.21353141963481903 | 5.370009770189199e-09,-4.905884143369121e-09,-1.7163276311293885e-07 | 0 | 1.7319158587270067e-06,2.0169363779132254e-06,-1.124063619961646e-10 | 8.202102321774873e-07,-1.4856428833809332e-06,-6.293200840445934e-06 | 1,7
18130 | 604.3333648517728 | 153.45632934570312,187.6832733154297,0.21353141963481903 | 2.486116201794175e-09,-9.091988495413261e-09,-1.1442184444376835e-07 | 0 | 4.260028163116658e-06,9.409365588908258e-07,-8.52721851463123e-11 | 3.8907245425434667e-08,-3.439086171397321e-08,-1.1442183449617005e-06 | 1,7
18140 | 604.6666982024908 | 153.45632934570312,187.6832733154297,0.21353141963481903 | -4.985807322555047e-10,1.128825033447356e-09,-1.907030799941367e-08 | 0 | -4.2434811575731146e-07,-1.8518437627790263e-07,8.282610708398863e-11 | -2.7367411803425057e-07,4.1065072764467914e-07,1.0297964763594791e-05 | 1,7
18150 | 605.0000315532088 | 153.45632934570312,187.6832733154297,0.21353141963481903 | -6.07270056462994e-09,1.4309557094804859e-08,-1.7163276311293885e-07 | 0 | -6.183984623930883e-06,-2.290954398631584e-06,1.1636813734838825e-10 | -8.102514357233304e-07,1.4912729966454208e-06,4.576873834594153e-06 | 1,7
18160 | 605.3333649039268 | 153.45632934570312,187.6832733154297,0.21353141963481903 | -6.842123312367221e-09,1.0272652950504835e-08,-1.1442184444376835e-07 | 0 | -5.101092483528191e-06,-2.587313929325319e-06,-3.945723262011036e-11 | -2.8230029869291684e-08,-7.223808040635049e-08,-5.721093430111068e-07 | 1,7
18170 | 605.6666982546449 | 153.45632934570312,187.6832733154297,0.21353141963481903 | 4.586576007881149e-09,-1.0676034278844782e-08,-2.0977338976990723e-07 | 0 | 4.695109055319335e-06,1.7338178395220893e-06,-1.0961995894342991e-10 | -2.6510924566736094e-09,1.0305785025366276e-07,-1.1442186860222137e-06 | 1,7
18180 | 606.0000316053629 | 153.45632934570312,187.6832733154297,0.21353141963481903 | 3.903313672282138e-09,-3.812477888942567e-09,-1.1442184444376835e-07 | 0 | 1.7370232399116503e-06,1.4702242197017767e-06,-9.237112463811314e-11 | 3.892035849162312e-08,-3.632272083109456e-08,-1.1442183449617005e-06 | 1,7
18190 | 606.3333649560809 | 153.45632934570312,187.6832733154297,0.21353141963481903 | -2.600896277862863e-12,3.711368434800022e-10,0.0 | 0 | -1.3951753885521612e-07,-9.679688162123057e-10,1.6507965133749636e-11 | -2.450047986712889e-07,4.513036060416198e-07,1.2014292224193923e-05 | 1,7
18200 | 606.6666983067989 | 153.45632934570312,187.6832733154297,0.21353141963481903 | 1.4645541446256516e-09,8.283757013671789e-10,-9.535153111528416e-08 | 0 | -9.963752063413267e-07,5.397847075983009e-07,-1.1660469811936025e-10 | 8.206159805013158e-07,-1.5517783822360798e-06,-6.293200840445934e-06 | 1,7
18210 | 607.000031657517 | 153.45632934570312,187.6832733154297,0.21353141963481903 | -1.856647813269774e-08,4.1711071929739774e-08,-9.535153111528416e-08 | 0 | -1.5038277524581645e-05,-6.846676114946604e-06,3.843819040838525e-09 | -7.960205721246894e-07,1.4844393945168122e-06,5.148982381797396e-06 | 1,7
18220 | 607.333365008235 | 153.45632934570312,187.6832733154297,0.21353141963481903 | 4.6033803435818754e-09,-1.1084577700160025e-08,-1.9070306223056832e-07 | 0 | 4.686111424234696e-06,1.7336877817797358e-06,-1.0911687525760883e-10 | 8.202101753340685e-07,-1.4856267398499767e-06,-6.293200840445934e-06 | 1,7
18230 | 607.666698358953 | 153.45632934570312,187.6832733154297,0.21353141963481903 | -2.9456370675973176e-09,5.6460986996853535e-09,-1.907030799941367e-08 | 0 | -2.570310925875674e-06,-1.1114764220110374e-06,9.126861072461523e-11 | -2.9359586761756873e-08,5.3804878774599274e-08,0.0 | 1,7
18240 | 608.000031709671 | 153.45632934570312,187.6832733154297,0.21353141963481903 | -4.985807322555047e-10,1.128825033447356e-09,-1.907030799941367e-08 | 0 | -4.2434811575731146e-07,-1.8518437627790263e-07,8.28264054564265e-11 | 1.7528201112781971e-07,-6.280648108258902e-07,5.72109183849534e-06 | 1,7
18250 | 608.333365060389 | 153.45632934570312,187.6832733154297,0.21353141963481903 | -6.505729732708687e-09,8.915749916127425e-09,-1.9070306223056832e-07 | 0 | -4.167458882875508e-06,-2.4593114176241215e-06,-4.520176767608408e-12 | -1.1996003079772777e-09,-2.2147578704334592e-07,-5.721089451071748e-07 | 1,7
18260 | 608.6666984111071 | 153.45632934570312,187.6832733154297,0.21353141963481903 | -4.691627530917231e-09,2.5996893526780696e-09,-2.479139880051662e-07 | 0 | -1.2570446870086016e-06,-1.7707418464851798e-06,4.24274296251248e-11 | -1.3864934977902976e-08,-3.719094010534718e-08,-1.1442178902143496e-06 | 1,7
18270 | 609.0000317618251 | 153.45632934570312,187.6832733154297,0.21353141963481903 | -1.0741156228344373e-11,1.6666881208493578e-09,-2.0977338976990723e-07 | 0 | -7.753592967674194e-07,-5.384774404149084e-09,7.380165922832305e-12 | -5.635200292508635e-11,8.853394461993958e-09,-1.1442186860222137e-06 | 1,7
18280 | 609.3333651125431 | 153.45632934570312,187.6832733154297,0.21353141963481903 | -4.783911045080913e-10,-8.378637228467767e-10,-1.1442184444376835e-07 | 0 | 4.1836079844870255e-07,-1.793649317960444e-07,1.2710298091800354e-11 | 2.940480844926263e-11,2.2193168192075063e-08,-1.1442183449617005e-06 | 1,7
18290 | 609.6666984632611 | 153.45632934570312,187.6832733154297,0.21353141963481903 | -1.4776525558701792e-09,2.955407252258624e-09,-1.907030799941367e-08 | 0 | -1.2823194310840336e-06,-5.556982500820595e-07,8.456332162287694e-11 | -2.937215271003879e-08,5.479746434389199e-08,0.0 | 1,7
18300 | 610.0000318139791 | 153.45632934570312,187.6832733154297,0.21353141963481903 | -5.981576123303967e-09,1.6172288397342527e-08,-2.6698430133365036e-07 | 0 | -3.4090089684468694e-06,-2.0874647361779353e-06,3.81154974249398e-09 | -2.7992046014446714e-08,2.8372272709020763e-07,-5.721093430111068e-07 | 1,7
18310 | 610.3333651646972 | 153.45632934570312,187.6832733154297,0.21353141963481903 | -5.740770969708819e-09,1.2820088102216687e-08,-9.535153111528416e-08 | 0 | -5.474463705468224e-06,-2.164499846912804e-06,1.1777553932112994e-10 | -8.106456448331301e-07,1.502849272583262e-06,5.148982381797396e-06 | 1,7
18320 | 610.6666985154152 | 153.45632934570312,187.6832733154297,0.21353141963481903 | 6.2157479163715834e-09,-1.1126462418076244e-08,-2.6698430133365036e-07 | 0 | 4.705900209955871e-06,2.341427034480148e-06,-1.1531935129038828e-10 | 8.199303351830167e-07,-1.4789021633987431e-06,-6.293200840445934e-06 | 1,7
18330 | 611.0000318661332 | 153.45632934570312,187.6832733154297,0.21353141963481903 | 2.7813706893198287e-09,-4.822412691396494e-09,-1.1442184444376835e-07 | 0 | 2.217385599578847e-06,1.0482731340744067e-06,-8.499062564837345e-11 | 3.887240751510035e-08,-3.06606438016388e-08,-1.1442183449617005e-06 | 1,7
18340 | 611.3333652168512 | 153.45632934570312,187.6832733154297,0.21353141963481903 | -2.326766868065988e-08,4.582622281645854e-08,7.628123199765469e-08 | 0 | -1.700036409602035e-05,-8.622305358585436e-06,3.8555949544161194e-09 | -7.95194580405223e-07,1.4453999028773978e-06,5.148982381797396e-06 | 1,7
18350 | 611.6666985675693 | 153.45632934570312,187.6832733154297,0.21353141963481903 | 9.879817852720407e-09,-7.277659808124781e-09,-3.432655262258777e-07 | 0 | 3.508278950903332e-06,3.7306347167032072e-06,-2.0614515303107872e-11 | 1.8587583028306653e-08,2.9080108987500353e-08,-5.721084903598239e-07 | 1,7
18360 | 612.0000319182873 | 153.45632934570312,187.6832733154297,0.21353141963481903 | 7.0120358408587435e-09,-1.2587463515956188e-08,-2.8605461466213455e-07 | 0 | 6.012202902638819e-06,2.654399168022792e-06,6.902039269979232e-12 | 4.501758521513466e-09,-1.0394244576161782e-08,-5.721093430111068e-07 | 1,7
18370 | 612.3333652690053 | 153.45632934570312,187.6832733154297,0.21353141963481903 | -2.316412395231282e-09,6.690580978130356e-09,-1.3349215066682518e-07 | 0 | -2.5397025638085324e-06,-8.681701615387283e-07,1.0140720901885558e-10 | -8.10646895388345e-07,1.5029580708869617e-06,4.576873834594153e-06 | 1,7
18380 | 612.6666986197233 | 153.45632934570312,187.6832733154297,0.21353141963481903 | -2.4739392756600864e-09,6.108423100670279e-09,-5.7210922221884175e-08 | 0 | -2.2593446828977903e-06,-9.269875249628967e-07,1.0062837368929323e-10 | -8.102886113192653e-07,1.495238279858313e-06,4.576873834594153e-06 | 1,7
18390 | 613.0000319704413 | 153.45632934570312,187.6832733154297,0.21353141963481903 | -4.985807322555047e-10,1.128825033447356e-09,-1.907030799941367e-08 | 0 | -4.2434811575731146e-07,-1.8518437627790263e-07,8.282539931681043e-11 | 2.6454381440998986e-07,-4.914802502753446e-07,5.72109183849534e-06 | 1,7
18400 | 613.3333653211594 | 153.45632934570312,187.6832733154297,0.21353141963481903 | -6.340258096315665e-09,2.1901957580894305e-08,-1.7163276311293885e-07 | 0 | -6.165896593302023e-06,-2.2281494693743298e-06,3.815360027914494e-09 | -8.728270550761863e-09,2.6154580723414256e-07,-5.721089451071748e-07 | 1,7
18410 | 613.6666986718774 | 153.45632934570312,187.6832733154297,0.21353141963481903 | -6.167692578884498e-09,2.0125270339121926e-08,-9.535153111528416e-08 | 0 | -5.317087470757542e-06,-2.161478278139839e-06,3.816057692063168e-09 | -8.764255099436014e-09,2.654437878391036e-07,-5.721089451071748e-07 | 1,7
18420 | 614.0000320225954 | 153.45632934570312,187.6832733154297,0.21353141963481903 | -9.555410906969541e-10,-1.8521324474107814e-09,-2.0977338976990723e-07 | 0 | 9.065849440048623e-07,-3.582418912628782e-07,1.1646994133029942e-11 | -5.634825592237824e-11,8.855049138389859e-09,-1.1442186860222137e-06 | 1,7
18430 | 614.3333653733134 | 153.45632934570312,187.6832733154297,0.21353141963481903 | -6.045169573254405e-12,9.288944058383208e-10,-1.1442184444376835e-07 | 0 | -4.2250562160006666e-07,-2.933977727437309e-09,7.327775539134329e-12 | -5.642033368280508e-11,8.854168065397516e-09,-1.1442183449617005e-06 | 1,7
18440 | 614.6666987240314 | 153.45632934570312,187.6832733154297,0.21353141963481903 | -4.985807322555047e-10,1.128825033447356e-09,-1.907030799941367e-08 | 0 | -4.2434811575731146e-07,-1.8518437627790263e-07,8.282644708978992e-11 | 1.1310538639008882e-07,-2.909886518409621e-07,8.009528755792417e-06 | 1,7
18450 | 615.0000320747495 | 153.45632934570312,187.6832733154297,0.21353141963481903 | -6.452219203367804e-09,1.4132196746174941e-08,-2.288436888875367e-07 | 0 | -2.4264472813229077e-06,-2.2629114937444683e-06,3.8061975793368674e-09 | -2.7564801996504684e-08,2.5665389102869085e-07,-5.721089451071748e-07 | 1,7
18460 | 615.3333654254675 | 153.45632934570312,187.6832733154297,0.21353141963481903 | -1.543723829322552e-11,2.404461962868254e-09,-3.0512492799061874e-07 | 0 | -1.128203052758181e-06,-7.835560644764428e-09,7.444682023627358e-12 | -5.6353303967693336e-11,8.853204391812142e-09,-1.1442186860222137e-06 | 1,7
18470 | 615.6666987761855 | 153.45632934570312,187.6832733154297,0.21353141963481903 | -4.728176072887891e-09,5.7058948677024546e-09,-1.3349215066682518e-07 | 0 | -2.0752222553710453e-06,-1.7763114783519995e-06,1.1651961340231054e-10 | -8.10572146292543e-07,1.5179838328549522e-06,4.576873834594153e-06 | 1,7
18480 | 616.0000321269035 | 153.45632934570312,187.6832733154297,0.21353141963481903 | 2.3557024775300306e-08,-4.1939365758025815e-08,-2.0977338976990723e-07 | 0 | 1.5318035366362892e-05,8.732158676139079e-06,-3.7649834361275225e-09 | 7.657202445443545e-07,-1.3737588915319066e-06,-5.72109183849534e-06 | 1,7
18490 | 616.3333654776216 | 153.45632934570312,187.6832733154297,0.21353141963481903 | 6.595782808815898e-10,-7.628321307961983e-10,-1.907030799941367e-08 | 0 | 2.8676458896370605e-07,2.4497876438545063e-07,-7.741882135370304e-11 | 2.585474874194915e-07,-3.002360813297855e-07,6.293200840445934e-06 | 1,7
18500 | 616.6666988283396 | 153.45632934570312,187.6832733154297,0.21353141963481903 | -1.818842854106606e-08,3.4278887284244774e-08,-1.9070306223056832e-07 | 0 | -1.1654065019683912e-05,-6.7016644607065246e-06,3.801848613704806e-09 | -7.743589662823069e-07,1.6447686448373133e-06,4.00476528739091e-06 | 1,7
18510 | 617.0000321790576 | 153.45632934570312,187.6832733154297,0.21353141963481903 | -2.0430702463158923e-08,3.193235897924751e-08,-1.3349215066682518e-07 | 0 | -1.047942896548193e-05,-7.544121217506472e-06,3.784830227004932e-09 | -7.615013259965053e-07,1.443683004254126e-06,4.004764377896208e-06 | 1,7
18520 | 617.3333655297756 | 153.45632934570312,187.6832733154297,0.21353141963481903 | -2.1319774390349266e-08,4.371458928176253e-08,1.907030799941367e-08 | 0 | -1.598880044184625e-05,-7.886179446359165e-06,3.846448937139257e-09 | -7.952073701744666e-07,1.4462739272858016e-06,5.1489828365447465e-06 | 1,7
18530 | 617.6666988804936 | 153.45632934570312,187.6832733154297,0.21353141963481903 | 2.2963331236525164e-09,-6.1976064280599985e-09,-9.535153111528416e-08 | 0 | 2.9927518880867865e-06,8.714197292647441e-07,5.9189745119092585e-12 | 1.905313062877667e-08,-2.0613375451006277e-09,-5.721089451071748e-07 | 1,7
18540 | 618.0000322312117 | 153.45632934570312,187.6832733154297,0.21353141963481903 | 1.9572923282140664e-09,-1.996039777907299e-09,-5.7210922221884175e-08 | 0 | 8.665867881063605e-07,7.350755595325609e-07,-8.335058337971546e-11 | 3.8931418089305225e-08,-3.699622652675316e-08,-1.1442183449617005e-06 | 1,7
18550 | 618.3333655819297 | 153.45632934570312,187.6832733154297,0.21353141963481903 | -1.818842854106606e-08,3.4278887284244774e-08,-1.9070306223056832e-07 | 0 | -1.1654065019683912e-05,-6.7016644607065246e-06,3.801848169615596e-09 | -7.743589662823069e-07,1.6447686448373133e-06,4.00476528739091e-06 | 1,7
18560 | 618.6666989326477 | 153.45632934570312,187.6832733154297,0.21353141963481903 | 4.952675602964973e-09,-1.6190410789818088e-08,-2.6698430133365036e-07 | 0 | 6.86686553308391e-06,1.8703701698541408e-06,-1.6143461567530437e-10 | 7.915498940747057e-07,-1.5805568409632542e-06,-6.865310297143878e-06 | 1,7
18570 | 619.0000322833657 | 153.45632934570312,187.6832733154297,0.21353141963481903 | -2.1319774390349266e-08,4.371458928176253e-08,1.907030799941367e-08 | 0 | -1.598880044184625e-05,-7.886179446359165e-06,3.8464484930500475e-09 | -7.952073701744666e-07,1.4462739272858016e-06,5.1489828365447465e-06 | 1,7
18580 | 619.3333656340837 | 153.45632934570312,187.6832733154297,0.21353141963481903 | 2.2963331236525164e-09,-6.1976064280599985e-09,-9.535153111528416e-08 | 0 | 2.9927518880867865e-06,8.714197292647441e-07,5.919024385209193e-12 | 1.905313062877667e-08,-2.0613375451006277e-09,-5.721089451071748e-07 | 1,7
18590 | 619.6666989848018 | 153.45632934570312,187.6832733154297,0.21353141963481903 | 6.595782808815898e-10,-7.628321863073495e-10,-1.907030799941367e-08 | 0 | 2.8676458896370605e-07,2.4497876438545063e-07,-7.74176903139967e-11 | -2.1305464770193794e-07,4.833912043977762e-07,8.581638212490361e-06 | 1,7
18600 | 620.0000323355198 | 153.45632934570312,187.6832733154297,0.21353141963481903 | 6.186176015887668e-09,-2.26955645388216e-08,-3.2419524131910293e-07 | 0 | 6.5893514147319365e-06,2.1703008314943872e-06,-3.813158677701267e-09 | 1.8406581148155965e-08,-2.4909124363148294e-07,-5.721093430111068e-07 | 1,7
18610 | 620.3333656862378 | 153.45632934570312,187.6832733154297,0.21353141963481903 | -1.8714430893851386e-08,4.0931190881110524e-08,-9.535153111528416e-08 | 0 | -1.4835788533673622e-05,-6.906057024025358e-06,3.804465187329242e-09 | -7.743474839116971e-07,1.643862560740672e-06,4.004764832643559e-06 | 1,7
18620 | 620.6666990369558 | 153.45632934570312,187.6832733154297,0.21353141963481903 | -1.4439203166460857e-09,-1.1029983593147108e-09,-1.9070306223056832e-07 | 0 | 5.478331104313838e-07,-5.43008013664803e-07,1.3976543013216602e-11 | -5.621169849034935e-11,8.854493138699127e-09,-1.1442178902143496e-06 | 1,7
18630 | 621.0000323876739 | 153.45664978027344,187.6832733154297,0.21354910731315613 | 0.018016505986452103,0.00016702500579413027,-7.818825906724669e-07 | 0 | 0.001240582438185811,-0.09824717044830322,0.0010084951063618064 | 0.5404952764511108,0.0050105806440114975,-2.288436735398136e-05 | 0,0
18640 | 621.3333657383919 | 153.45028686523438,187.68324279785156,0.21338194608688354 | -0.07023114711046219,-0.0006566600641235709,-1.5828354662517086e-06 | 0 | -0.0002543745213188231,0.11538926512002945,-0.006521287374198437 | -0.7275359630584717,-0.0071990457363426685,-1.1442180039011873e-05 | 0,0
18650 | 621.6666990891099 | 153.2230224609375,187.6818084716797,0.21119411289691925 | -1.161914587020874,-0.013259690254926682,-1.537066782475449e-05 | 269.3 | -0.006477839779108763,0.6959792375564575,-0.22922731935977936 | -5.448549747467041,-0.06653381139039993,-0.0001195708173327148 | 0,0
18660 | 622.0000324398279 | 152.6779022216797,187.67578125,0.20966093242168427 | -2.293696641921997,-0.02558518387377262,-1.44552923302399e-05 | 269.4 | 0.0071752434596419334,0.035287901759147644,0.01739538088440895 | -2.9424688816070557,-0.022467074915766716,0.00017735385335981846 | 0,0
18670 | 622.3333657905459 | 151.66038513183594,187.66452026367188,0.21041612327098846 | -3.1828179359436035,-0.03508951887488365,1.1918941709154751e-05 | 269.4 | 0.005921719595789909,-0.2096228003501892,0.007021466735750437 | -2.21559739112854,-0.013730674050748348,5.721084903598239e-07 | 0,0
18680 | 622.666699141264 | 150.60433959960938,187.65292358398438,0.21091437339782715 | -3.8145954608917236,-0.041761208325624466,5.8545838328427635e-06 | 269.4 | 0.0012672890443354845,-0.1104530394077301,-0.0018535525305196643 | -2.009875535964966,-0.019112972542643547,-1.6019079339457676e-05 | 0,0
18690 | 623.000032491982 | 149.2216796875,187.6378631591797,0.211251363158226 | -4.436481952667236,-0.04805521294474602,2.4791399937384995e-06 | 269.4 | 0.0002619799633976072,-0.08669531345367432,-0.009631159715354443 | -1.72295081615448,-0.01753058098256588,8.753270230954513e-05 | 0,0
18700 | 623.3333658427 | 147.66671752929688,187.6211700439453,0.21190480887889862 | -4.808526039123535,-0.05083923041820526,6.445763574447483e-06 | 269.4 | 0.005227863322943449,-0.2796134352684021,-0.02871890924870968 | -0.5453967452049255,-0.0003919377631973475,-2.2884339614392957e-06 | 0,0
18710 | 623.666699193418 | 146.05735778808594,187.6044921875,0.21304495632648468 | -4.810975551605225,-0.047745976597070694,2.8414758617145708e-06 | 269.4 | 0.00606908043846488,-0.2758885324001312,-0.07608245313167572 | 0.25873658061027527,0.019453054293990135,-7.609052408952266e-05 | 0,0
18720 | 624.000032544136 | 144.46946716308594,187.58932495117188,0.21361464262008667 | -4.732008457183838,-0.040682367980480194,-3.0512492799061874e-07 | 269.5 | 0.007192428223788738,-0.046940527856349945,-0.16606900095939636 | 0.14323709905147552,0.026021113619208336,2.4028584448387846e-05 | 0,0
18730 | 624.3333658948541 | 142.73739624023438,187.57534790039062,0.2135373204946518 | -4.727559566497803,-0.03176364302635193,1.3349215066682518e-07 | 269.6 | -0.00036084666498936713,0.04418081417679787,-0.2417491376399994 | -0.06072520837187767,0.021546294912695885,-1.544694896438159e-05 | 0,0
18740 | 624.6666992455721 | 141.31549072265625,187.56983947753906,0.21342463791370392 | -4.7499189376831055,0.03464925289154053,-2.6126322154595982e-06 | 270.4 | 0.4544773995876312,0.02030285634100437,-1.7623462677001953 | -0.05756377801299095,0.9732875227928162,-4.405240906635299e-05 | 0,0
18750 | 625.0000325962901 | 139.73739624023438,187.64991760253906,0.2135162353515625 | -4.669831275939941,0.7618356943130493,-0.00011783542868215591 | 279.3 | 2.1412410736083984,-0.18791522085666656,-17.94228744506836 | 0.6548594832420349,3.4098260402679443,-0.0007780686719343066 | 0,0
18760 | 625.3333659470081 | 138.21571350097656,187.9901885986328,0.21382735669612885 | -4.352277755737305,1.8038495779037476,-0.00017619055870454758 | 292.5 | 0.7555745840072632,-0.231174036860466,-31.272275924682617 | 0.5770253539085388,2.1606907844543457,0.00012586430239025503 | 0,0
18770 | 625.6666992977262 | 136.7889404296875,188.6217498779297,0.21378375589847565 | -4.043520927429199,2.548128128051758,0.00010238848335575312 | 302.2 | -0.0603298619389534,0.023310691118240356,-29.64630126953125 | 1.9201325178146362,3.080291509628296,-0.0005732533754780889 | 0,0
18780 | 626.0000326484442 | 135.38406372070312,189.62025451660156,0.21396681666374207 | -3.3492815494537354,3.4249138832092285,-4.576873777750734e-07 | 315.6 | -0.2324134260416031,0.15804101526737213,-33.42488098144531 | 1.6433643102645874,1.852054476737976,0.0006098684389144182 | 0,0
18790 | 626.3333659991622 | 134.39439392089844,190.64125061035156,0.21388377249240875 | -2.8825950622558594,3.8621394634246826,8.526334568159655e-05 | 323.3 | -0.355518639087677,0.36877819895744324,-28.750423431396484 | 0.8029317259788513,0.8074950575828552,-0.0006550648831762373 | 0,0
18800 | 626.6666993498802 | 133.41000366210938,192.07858276367188,0.21388877928256989 | -2.111380100250244,4.331733703613281,9.001184480439406e-06 | 334.0 | -0.07448092103004456,0.13811908662319183,-28.437471389770508 | 1.0918234586715698,0.723838746547699,-0.0004330866504460573 | 0,0
18810 | 627.0000327005982 | 132.80816650390625,193.37364196777344,0.21390986442565918 | -1.3564746379852295,4.616885662078857,-3.2266958442050964e-05 | 343.6 | 0.3060716986656189,-0.6885754466056824,-30.569347381591797 | 4.056132793426514,1.011142611503601,-0.0006167336832731962 | 0,0
18820 | 627.3333660513163 | 132.36924743652344,194.90402221679688,0.21382559835910797 | -0.7013808488845825,4.7886962890625,3.173299046466127e-05 | 351.7 | -0.030831731855869293,0.162560373544693,-27.158344268798828 | 2.198880195617676,0.3918456733226776,5.949933984084055e-05 | 0,0
18830 | 627.6666994020343 | 132.1375732421875,196.4930419921875,0.21367976069450378 | -0.25554293394088745,4.859651565551758,6.649816350545734e-05 | 357.0 | -0.05381113290786743,0.47597575187683105,-20.124055862426758 | 1.394228219985962,0.08894919604063034,-0.0002597374841570854 | 0,0
18840 | 628.0000327527523 | 132.0164337158203,198.10708618164062,0.21358081698417664 | -0.10157381743192673,4.866002082824707,1.504647298133932e-05 | 358.8 | 0.0026491289027035236,0.14067254960536957,-11.847362518310547 | 0.8636325597763062,0.0005149840726517141,-0.00022255048679653555 | 0,0
18850 | 628.3333661034703 | 131.97048950195312,199.72714233398438,0.21351557970046997 | 0.025417618453502655,4.868466854095459,3.4517256608523894e-06 | 0.3 | 0.012357225641608238,0.13816969096660614,-7.436966419219971 | 0.5908217430114746,0.010857581160962582,-9.783067798707634e-05 | 0,0
18860 | 628.6666994541883 | 131.96351623535156,201.35101318359375,0.21346327662467957 | 0.07473327219486237,4.876873016357422,-1.0488669204278267e-06 | 0.9 | 0.01140180416405201,-0.07331278920173645,-4.310530662536621 | 0.3938865065574646,0.0264358501881361,-4.519662616075948e-05 | 0,0
18870 | 629.0000328049064 | 131.98251342773438,202.97886657714844,0.2134348303079605 | 0.10166992992162704,4.889585971832275,1.9642416191345546e-06 | 1.2 | 0.006452666129916906,0.15590643882751465,-2.250051259994507 | -0.13459412753582,0.0446319542825222,5.1489827455952764e-05 | 0,0
18880 | 629.3333661556244 | 132.01622009277344,204.77442932128906,0.213429793715477 | 0.1119503304362297,4.9027204513549805,3.432655262258777e-07 | 1.3 | 0.0005277445889078081,0.04443670064210892,-0.9850955009460449 | -0.06845331937074661,0.035834308713674545,-3.547076994436793e-05 | 0,0
18890 | 629.6666995063424 | 132.05215454101562,206.41064453125,0.21343226730823517 | 0.11824946850538254,4.913456916809082,3.2419524131910293e-07 | 1.4 | -0.0005487613379955292,-0.00032966083381325006,-0.5064997673034668 | 0.062377896159887314,0.03039836697280407,-1.4302728231996298e-05 | 0,0
18900 | 630.0000328570604 | 132.09056091308594,208.05026245117188,0.21343500912189484 | 0.12191961705684662,4.923466682434082,5.911795142310439e-07 | 1.4 | -0.0006989557878114283,-0.00026117550441995263,-0.2965688407421112 | 0.0008194147958420217,0.02929687313735485,-4.290819197194651e-05 | 0,0
18910 | 630.3333662077785 | 132.1272430419922,209.52867126464844,0.21343715488910675 | 0.12541338801383972,4.931843280792236,1.0488669204278267e-06 | 1.5 | 0.00046818284317851067,0.03552177920937538,-0.18077728152275085 | -0.06113603338599205,0.030026433989405632,-2.86054591924767e-06 | 0,0
18920 | 630.6666995584965 | 132.167724609375,211.17434692382812,0.21343813836574554 | 0.11582823842763901,4.941738605499268,1.1823590284620877e-06 | 1.3 | 0.0008260085596702993,0.03016401082277298,0.1620359569787979 | -0.04659354314208031,0.030155180022120476,-4.004766196885612e-06 | 0,0
18930 | 631.0000329092145 | 132.20263671875,212.82325744628906,0.21344099938869476 | 0.08524557948112488,4.951424598693848,-2.6698430133365036e-07 | 1.0 | 0.00013760315778199583,0.03539017587900162,0.7112905979156494 | -0.07621071487665176,0.02788066677749157,5.72109183849534e-06 | 0,0
18940 | 631.3333662599325 | 132.22813415527344,214.47537231445312,0.21344202756881714 | 0.0473790243268013,4.961326599121094,5.339686026673007e-07 | 0.5 | 0.0012563938507810235,0.06193861365318298,1.0985674858093262 | -0.20748628675937653,0.030827520415186882,-3.203811138519086e-05 | 0,0
18950 | 631.6666996106505 | 132.2423858642578,216.13088989257812,0.21344004571437836 | 0.013763594441115856,4.971813678741455,-2.6698430133365036e-07 | 0.2 | 0.0006476311245933175,-0.002708711661398411,1.160792350769043 | -0.06827448308467865,0.03230094537138939,-3.547076994436793e-05 | 0,0
18960 | 632.0000329613686 | 132.2455596923828,217.74282836914062,0.21464093029499054 | -0.02016669511795044,4.364492893218994,-4.977350272383774e-06 | 359.7 | -1.1901875734329224,-0.04325138404965401,1.1619722843170166 | 0.004953369032591581,-5.458874225616455,-6.178779585752636e-05 | 1,3
18970 | 632.3333663120866 | 132.24148559570312,218.80581665039062,0.21936863660812378 | -0.017572401091456413,2.06416654586792,-7.967574492795393e-05 | 359.5 | -0.9368263483047485,-0.07889459282159805,0.47101452946662903 | 0.05669323354959488,-7.34315824508667,2.574488280515652e-05 | 1,3
18980 | 632.6666996628046 | 132.24008178710938,219.0333709716797,0.22079108655452728 | 0.00010769603250082582,-0.003686565672978759,5.772582153440453e-05 | 0 | 1.5599110126495361,0.013272360898554325,0.0004685467283707112 | 0.0018407749012112617,-0.02773800678551197,0.0019131330773234367 | 1,3
18990 | 633.0000330135226 | 132.2400360107422,219.03636169433594,0.21510225534439087 | 1.4473031114903279e-05,-0.0020098495297133923,4.1001159843290225e-05 | 0 | 0.777886688709259,0.005517434794455767,-2.6119807444047183e-05 | -5.863839396624826e-05,0.008995520882308483,-0.00046512475819326937 | 1,3
19000 | 633.3333663642406 | 132.24002075195312,219.03700256347656,0.2138734757900238 | 0.0,0.0,0.0 | 0 | 0.0,0.0,0.0 | -0.0001760425657266751,0.015856092795729637,9.210957796312869e-05 | 1,3
19010 | 633.6666997149587 | 132.24002075195312,219.03720092773438,0.21362414956092834 | 1.8407406514597824e-06,-0.00011294297291897237,-1.94517133422778e-06 | 0 | 0.042669035494327545,0.0007919832714833319,-3.2049144920165418e-06 | -2.6311861347494414e-06,0.00044241209980100393,3.718709558597766e-05 | 1,3
19020 | 634.0000330656767 | 132.24002075195312,219.03724670410156,0.2135569304227829 | 5.174347847969329e-07,-2.942662831628695e-05,-1.8116792261935188e-06 | 0 | 0.011103750206530094,0.00022527031251229346,-8.528823514097894e-07 | -9.451911751057196e-07,9.3560476670973e-05,2.8033347916789353e-05 | 1,3
19030 | 634.3333664163947 | 132.24002075195312,219.03724670410156,0.21354041993618011 | 3.8291508985821565e-07,-8.505969162797555e-06,-1.0107263506142772e-06 | 0 | 0.0032067769207060337,0.0001594455388840288,-2.5494824740235345e-07 | 6.784172455809312e-06,5.096725999464979e-06,-1.9451712432783097e-05 | 1,3
19040 | 634.6666997671127 | 132.24002075195312,219.03724670410156,0.21353381872177124 | 2.4126137532221037e-08,-1.8173082025896292e-06,-7.818825906724669e-07 | 0 | 0.0006839210400357842,8.57233681017533e-06,-6.243701022867754e-08 | 5.780966603197157e-07,-1.0569846381258685e-05,-2.2884357804286992e-06 | 1,3
19050 | 635.0000331178308 | 132.24002075195312,219.03724670410156,0.21353279054164886 | 0.0,0.0,0.0 | 0 | 0.0,0.0,0.0 | -1.2720870472548995e-06,3.0027740649529733e-05,4.29081883339677e-05 | 1,3
19060 | 635.3333664685488 | 132.24002075195312,219.03724670410156,0.2135317623615265 | -4.944695208841665e-10,-2.206587481623501e-07,-1.3921323898102855e-06 | 0 | 8.349980635102838e-05,4.279129370843293e-06,-6.6915162300063e-09 | -1.3116010677549639e-06,2.1516564174817177e-06,-2.059592770820018e-05 | 1,3
19070 | 635.6666998192668 | 132.24002075195312,219.03724670410156,0.2135317623615265 | 9.718552185233875e-09,-8.357263681091354e-08,-6.102498559812375e-07 | 0 | 3.1709168979432434e-05,4.035090114484774e-06,-1.1797907095711935e-09 | -5.502078437302771e-08,7.51743982618791e-07,8.581638212490361e-06 | 1,3
19080 | 636.0000331699848 | 132.24002075195312,219.03724670410156,0.2135317623615265 | 1.1413454359399111e-07,-1.852975195504314e-08,-8.009528755792417e-07 | 0 | 6.822903742431663e-06,4.2700834455899894e-05,2.7083331133326283e-09 | 6.203652901604073e-06,-1.9276562568393274e-07,-2.860544327631942e-06 | 1,3
19090 | 636.3333665207028 | 132.24002075195312,219.03724670410156,0.2135317623615265 | 3.6402070691110566e-08,1.5511268713908066e-08,-5.7210922221884175e-08 | 0 | -5.858842541783815e-06,1.5785057257744484e-05,1.8999520012830118e-10 | 4.457697741599986e-06,1.4590971204597736e-06,-8.581638212490361e-06 | 1,3
19100 | 636.6666998714209 | 132.24002075195312,219.03724670410156,0.2135317623615265 | 0.0,0.0,0.0 | 0 | 0.0,0.0,0.0 | -9.039281962941459e-07,2.8447470867831726e-07,2.4028584448387846e-05 | 1,3
19110 | 637.0000332221389 | 132.24002075195312,219.03724670410156,0.2135317623615265 | -1.0476385980950909e-08,-6.152245379809074e-09,-8.581638439864037e-07 | 0 | 2.317123517059372e-06,-5.102901013742667e-06,-1.9415288821100773e-10 | 2.0997468652694806e-08,-4.1381415627483875e-08,-2.2884373720444273e-06 | 1,3
19120 | 637.3333665728569 | 132.24002075195312,219.03724670410156,0.2135317623615265 | 3.542208082407683e-09,-1.920842152003388e-09,-7.246716791087238e-07 | 0 | 7.258935283971368e-07,1.9088904537056806e-06,-9.95732593600529e-11 | -8.79532748854217e-08,4.3433487917354796e-08,-3.432654466450913e-06 | 1,3
19130 | 637.6666999235749 | 132.24002075195312,219.03724670410156,0.2135317623615265 | -8.165732090503752e-09,2.4104462870155885e-09,-4.767576911035576e-07 | 0 | -9.047200819622958e-07,-3.947033746953821e-06,8.854121602563936e-11 | 1.784924030800994e-08,4.85598183885827e-09,-2.2884373720444273e-06 | 1,3
19140 | 638.000033274293 | 132.24002075195312,219.03724670410156,0.2135317623615265 | 5.722106788397241e-09,-2.4910404849975976e-09,-1.9070306223056832e-07 | 0 | 9.372544695906981e-07,2.671952643140685e-06,-6.65759253282161e-11 | 4.0730935069177576e-08,-1.658361981071721e-08,-2.2884364625497255e-06 | 1,3
19150 | 638.333366625011 | 132.24002075195312,219.03724670410156,0.2135317623615265 | 0.0,0.0,0.0 | 0 | 0.0,0.0,0.0 | -3.5570124623518495e-08,4.3034886765269675e-09,3.0321789381559938e-05 | 1,3
19160 | 638.666699975729 | 132.24002075195312,219.03724670410156,0.2135317623615265 | -4.17514600670188e-09,2.0016712731774078e-09,-9.153747555501468e-07 | 0 | -7.557372327937628e-07,-2.189819042541785e-06,9.810454532077628e-11 | 7.952044001058312e-08,-3.8602511409635554e-08,-2.2884357804286992e-06 | 1,3
19170 | 639.000033326447 | 132.24002075195312,219.03724670410156,0.2135317623615265 | 1.4071484422117919e-08,-6.4374643393705355e-09,-5.721092293242691e-07 | 0 | 2.4188861971197184e-06,6.757717983418843e-06,-2.2366841712084806e-10 | -4.6553689792006026e-09,-7.444564520397989e-09,-2.2884373720444273e-06 | 1,3
19180 | 639.333366677165 | 132.24002075195312,219.03724670410156,0.2135317623615265 | -1.4642243861828774e-08,6.916989203631374e-09,-5.911795142310439e-07 | 0 | -2.6006755433627404e-06,-7.039082447590772e-06,2.2774343522158347e-10 | 2.4777538243370145e-08,5.054982654684181e-09,-2.2884357804286992e-06 | 1,3
19190 | 639.666700027883 | 132.24002075195312,219.03724670410156,0.2135317623615265 | 7.0156938036802785e-09,-3.2249740655743153e-09,-1.9070306223056832e-07 | 0 | 1.209800529977656e-06,3.158199660902028e-06,-5.963319421598001e-11 | 7.953854463949028e-08,-3.860163388935689e-08,-2.2884364625497255e-06 | 1,3
19200 | 640.0000333786011 | 132.24002075195312,219.03724670410156,0.2135317623615265 | 0.0,0.0,0.0 | 0 | 0.0,0.0,0.0 | -3.0480428847567964e-08,2.3651722358408733e-08,2.974967719637789e-05 | 1,3
19210 | 640.3333667293191 | 132.24002075195312,219.03724670410156,0.2135317623615265 | -5.943386227613701e-09,2.5639133038879436e-09,-8.772341288931784e-07 | 0 | -9.669590781413717e-07,-3.0350504403031664e-06,1.1479540928949206e-10 | 7.952230163255081e-08,-3.8602777863161464e-08,-2.2884373720444273e-06 | 1,3
19220 | 640.6667000800371 | 132.24002075195312,219.03724670410156,0.2135317623615265 | 1.6876979813673643e-08,-7.476010033258262e-09,-5.721092293242691e-07 | 0 | 2.811712192851701e-06,8.021738722163718e-06,-2.0844952153264984e-10 | 1.659626924777058e-08,4.857074298314501e-09,-2.2884373720444273e-06 | 1,3
19230 | 641.0000334307551 | 132.24002075195312,219.03724670410156,0.2135317623615265 | -1.640656144274999e-08,8.365875103777398e-09,-5.339686026673007e-07 | 0 | -3.146056769764982e-06,-7.881752026150934e-06,2.720925984522893e-10 | 2.4778417540005648e-08,5.05480945989234e-09,-2.288436689923401e-06 | 1,3
19240 | 641.3333667814732 | 132.24002075195312,219.03724670410156,0.2135317623615265 | 4.6249719609647855e-09,-4.839817879798147e-09,-1.9070306223056832e-07 | 0 | 1.8192297375208e-06,2.0246814074198483e-06,-1.0820553481005746e-10 | 6.636315674768412e-08,-5.0520505112672254e-08,-2.2884364625497255e-06 | 1,3
19250 | 641.6667001321912 | 132.24002075195312,219.03724670410156,0.2135317623615265 | 0.0,0.0,0.0 | 0 | 0.0,0.0,0.0 | -1.9392757621972123e-07,9.359254704577324e-08,2.6317022275179625e-05 | 1,3
19260 | 642.0000334829092 | 132.24002075195312,219.03724670410156,0.2135317623615265 | -5.043101491963853e-09,5.869587482720817e-09,-7.628122489222733e-07 | 0 | -2.2131428067950765e-06,-2.6019263259513536e-06,2.1829271723561305e-10 | 7.953851621778085e-08,-3.860295905155908e-08,-2.2884357804286992e-06 | 1,3
19270 | 642.3333668336272 | 132.24002075195312,219.03724670410156,0.2135317623615265 | 1.2294163909132294e-08,-9.173646731142071e-09,-5.721092293242691e-07 | 0 | 3.453265890129842e-06,5.828948815178592e-06,-2.6314284085060535e-10 | 1.7583586142677632e-08,4.856381519147135e-09,-2.2884373720444273e-06 | 1,3
19280 | 642.6667001843452 | 132.24002075195312,219.03724670410156,0.2135317623615265 | -1.1682475431484818e-08,8.048725241849297e-09,-3.8140612446113664e-07 | 0 | -3.0283272280939855e-06,-5.6243579820147716e-06,2.629512996232819e-10 | 1.862621878956361e-08,4.855049251517585e-09,-2.2884357804286992e-06 | 1,3
19290 | 643.0000335350633 | 132.24002075195312,219.03724670410156,0.2135317623615265 | 5.2365098923701225e-09,-4.4359684814310185e-09,-1.9070306223056832e-07 | 0 | 1.6668728903823649e-06,2.3077654986991547e-06,-9.706314918478398e-11 | 8.470929202530897e-08,-3.840502316165839e-08,-2.2884364625497255e-06 | 1,3
19300 | 643.3333668857813 | 132.24002075195312,219.03724670410156,0.2135317623615265 | 0.0,0.0,0.0 | 0 | 0.0,0.0,0.0 | -1.1882458039735866e-07,5.015106196992747e-08,2.6317022275179625e-05 | 1,3
19310 | 643.6667002364993 | 132.24002075195312,219.03724670410156,0.2135317623615265 | 6.929990470361247e-10,1.6039696237868384e-09,-9.153747555501468e-07 | 0 | -6.07711967859359e-07,1.3807864718273777e-07,8.797398920457056e-11 | 7.951801705985417e-08,-3.860225916696436e-08,-2.2884357804286992e-06 | 1,3
19320 | 644.0000335872173 | 132.24002075195312,219.03724670410156,0.2135317623615265 | 1.0645692327670986e-08,-6.594271795279383e-09,-5.911795142310439e-07 | 0 | 2.4820071757858386e-06,5.355854227673262e-06,-3.004555770846906e-10 | -8.966432574197825e-08,-3.928856892598809e-11,-2.86054591924767e-06 | 1,3
19330 | 644.3333669379354 | 132.24002075195312,219.03724670410156,0.2135317623615265 | -1.1721049908430814e-08,5.549826820328008e-09,-5.339686026673007e-07 | 0 | -2.0866234535787953e-06,-5.631120075122453e-06,1.9025890585222527e-10 | 1.473759692061094e-08,-7.492232612094085e-09,-2.288436689923401e-06 | 1,3
19340 | 644.6667002886534 | 132.24002075195312,219.03724670410156,0.2135317623615265 | 7.0156938036802785e-09,-3.2249740655743153e-09,-1.9070306223056832e-07 | 0 | 1.209800529977656e-06,3.158199660902028e-06,-5.961716537106199e-11 | 7.9538558850345e-08,-3.860163388935689e-08,-2.2884364625497255e-06 | 1,3
19350 | 645.0000336393714 | 132.24002075195312,219.03724670410156,0.2135317623615265 | -3.37065220179511e-09,1.4568152240101995e-09,-1.1442184444376835e-07 | 0 | -5.444209136840072e-07,-1.3981654092276585e-06,-8.779262039571023e-13 | -1.0111956072478279e-07,4.370445338963691e-08,-3.432655148571939e-06 | 1,3
19360 | 645.3333669900894 | 132.24002075195312,219.03724670410156,0.2135317623615265 | 1.716563446940711e-09,-4.098349992709416e-10,-8.772341288931784e-07 | 0 | 1.508580567133322e-07,6.260449367800902e-07,2.5667775196969167e-11 | 7.951778258075137e-08,-3.8602252061537e-08,-2.2884373720444273e-06 | 1,3
19370 | 645.6667003408074 | 132.24002075195312,219.03724670410156,0.2135317623615265 | 5.222319465758574e-09,-1.0470074807145124e-09,-5.721092293242691e-07 | 0 | 3.9063709778019984e-07,2.5394488147867378e-06,-5.7981869305834266e-11 | -2.2980083613788338e-08,-1.956076012277208e-08,-2.2884373720444273e-06 | 1,3
19380 | 646.0000336915255 | 132.24002075195312,219.03724670410156,0.2135317623615265 | 1.6855017381800508e-09,-3.0978952042515218e-12,-3.8140612446113664e-07 | 0 | -1.439315444606848e-09,8.48761544602894e-07,-2.7097445814971977e-11 | -2.297841739107298e-08,-1.956076189912892e-08,-2.2884357804286992e-06 | 1,3
19390 | 646.3333670422435 | 132.24002075195312,219.03724670410156,0.2135317623615265 | 1.5649131990258525e-09,4.0614300811370185e-10,-1.9070306223056832e-07 | 0 | -1.530578401798266e-07,7.05098273101612e-07,3.0552817220641515e-11 | 1.7736205393248383e-08,4.85571405306473e-09,-2.2884364625497255e-06 | 1,3
19400 | 646.6667003929615 | 132.24002075195312,219.03724670410156,0.2135317623615265 | 6.76965150603337e-10,1.633505414266878e-10,-7.628123199765469e-08 | 0 | -6.121803153291694e-08,2.8094422077629133e-07,2.316495953391673e-11 | 2.030895274174327e-08,4.900515993000454e-09,-2.2884369172970764e-06 | 1,3
19410 | 647.0000337436795 | 132.24002075195312,219.03724670410156,0.2135317623615265 | -6.743711145063003e-10,8.808844209617916e-10,-8.009528755792417e-07 | 0 | -3.3369835250596225e-07,-2.777885583782336e-07,4.652096850105147e-13 | -1.78800405592483e-08,-1.9364890135875612e-08,-2.2884357804286992e-06 | 1,3
19420 | 647.3333670943975 | 132.24002075195312,219.03724670410156,0.2135317623615265 | 7.935022083849219e-10,-1.4548998672481162e-09,-6.483904826382059e-07 | 0 | 5.460554461933498e-07,4.21037555042858e-07,-7.27846949377664e-11 | -2.2978053237920903e-08,-1.956076012277208e-08,-2.2884373720444273e-06 | 1,3
19430 | 647.6667004451156 | 132.24002075195312,219.03724670410156,0.2135317623615265 | -1.2652907610544162e-09,7.190550377345062e-10,-4.0047643778962083e-07 | 0 | -2.7248208311903e-07,-5.606174795502739e-07,-4.944791104355417e-12 | -1.822888151536972e-08,-1.936951221637173e-08,-2.2884357804286992e-06 | 1,3
19440 | 648.0000337958336 | 132.24002075195312,219.03724670410156,0.2135317623615265 | 3.8030847915315746e-10,-4.0118963706703425e-10,-1.9070306223056832e-07 | 0 | 1.5166102684815996e-07,1.3810816312798124e-07,5.043319928343948e-12 | 1.8382005251282862e-08,4.861863800442734e-09,-2.2884364625497255e-06 | 1,3
19450 | 648.3333671465516 | 132.24002075195312,219.03724670410156,0.2135317623615265 | 0.0,0.0,0.0 | 0 | 0.0,0.0,0.0 | 5.910917266760407e-08,-6.526634876991011e-08,2.6317022275179625e-05 | 1,3
19460 | 648.6667004972696 | 132.24002075195312,219.03724670410156,0.2135317623615265 | 6.68453348229292e-10,-2.0128827493692825e-09,-7.628122489222733e-07 | 0 | 7.589650294903549e-07,2.744947380506346e-07,-4.528820721216853e-11 | 1.774187019520923e-08,4.855995161534565e-09,-2.2884357804286992e-06 | 1,3
19470 | 649.0000338479877 | 132.24002075195312,219.03724670410156,0.2135317623615265 | -2.737169824129637e-09,1.8458378159280642e-09,-6.102498559812375e-07 | 0 | -6.965829584260064e-07,-1.2630644050659612e-06,3.026271594430696e-11 | -1.5967993149956783e-08,-1.9361360514835724e-08,-2.2884373720444273e-06 | 0,0
19480 | 649.3333671987057 | 132.239990234375,219.04104614257812,0.2134241759777069 | -0.0001254605158464983,0.045980047434568405,-1.0679372053346015e-06 | 0 | 0.06294643878936768,-0.0048307995311915874,0.004003511276096106 | -0.0029636884573847055,0.3678165376186371,4.576874744088855e-06 | 0,0
19490 | 649.6667005494237 | 132.23861694335938,219.1844940185547,0.21154998242855072 | -0.006847586017102003,0.827165424823761,-1.167102800536668e-05 | 0 | 0.2579045593738556,0.010409311391413212,0.1204507127404213 | -0.015250508673489094,1.0811071395874023,2.0023797333124094e-05 | 0,0
19500 | 650.0000339001417 | 132.23451232910156,219.80130004882812,0.20966874063014984 | -0.020945824682712555,2.2641561031341553,-5.7020215535885654e-06 | 359.5 | -0.0946398600935936,0.008602750487625599,0.3762250244617462 | -0.02424750290811062,2.6439855098724365,0.0001899402413982898 | 0,0
19510 | 650.3333672508597 | 132.22756958007812,220.6960906982422,0.21046215295791626 | -0.029562707990407944,3.0490410327911377,1.2738964869640768e-05 | 359.4 | -0.19791482388973236,-0.008822629228234291,0.36321213841438293 | -0.024729015305638313,2.221362352371216,-1.1442170034570154e-05 | 0,0
19520 | 650.6667006015778 | 132.2182159423828,221.71302795410156,0.21091175079345703 | -0.04052937403321266,3.6886720657348633,4.805717708222801e-06 | 359.4 | -0.09535489976406097,0.0032617829274386168,0.3770163059234619 | -0.010283700190484524,2.051832437515259,2.1168041712371632e-05 | 0,0
19530 | 651.0000339522958 | 132.20468139648438,223.05638122558594,0.21120986342430115 | -0.046118758618831635,4.32708740234375,1.106077775148151e-06 | 359.4 | -0.07603675872087479,-0.046864915639162064,0.19008761644363403 | 0.07581151276826859,1.8034886121749878,-5.949935439275578e-05 | 0,0
19540 | 651.3333673030138 | 132.1879119873047,224.58499145507812,0.21174821257591248 | -0.05464872717857361,4.759533405303955,5.206193691265071e-06 | 359.3 | -0.25412818789482117,-0.016927456483244896,0.14590124785900116 | 0.015856770798563957,0.7213639616966248,5.2634037274401635e-05 | 0,0
19550 | 651.6667006537318 | 132.16986083984375,226.18606567382812,0.2128920555114746 | -0.055340275168418884,4.801395893096924,2.3647180569241755e-06 | 359.3 | -0.298533171415329,-0.004418091382831335,0.06660541146993637 | -0.002824589377269149,-0.20200251042842865,-0.0001544694823678583 | 0,0
