Simulation Frame | Timestamp | Position | Velocity | Heading | Angular Velocity | Acceleration | Stopped at Red Light + Light ID 
1991 | 66.36667012795806 | 166.73983764648438,187.62844848632812,0.226164773106575 | -2.9609506130218506,-0.06683523207902908,1.3158512047084514e-05 | 268.7 | -0.0012750839814543724,-0.010751261375844479,-0.16295944154262543 | -2.457303762435913,-0.030438823625445366,-0.00014188310888130218 | 0,0
2031 | 67.70000353083014 | 163.70928955078125,187.56979370117188,0.22531257569789886 | -0.27713242173194885,-0.0037039669696241617,-7.036943316052202e-06 | 0 | -0.00880654901266098,0.6489105224609375,-0.12021166831254959 | 13.867388725280762,0.19148461520671844,-0.00010183543054154143 | 0,0
2070 | 69.00000359863043 | 161.9838409423828,187.54595947265625,0.22618815302848816 | -3.0973260402679443,-0.03317664936184883,6.102498559812375e-07 | 269.4 | -0.0025163686368614435,0.10125836730003357,-0.646654486656189 | -0.33429619669914246,0.031057296320796013,-6.865310751891229e-06 | 0,0
2110 | 70.33333700150251 | 161.18505859375,187.5377960205078,0.22583594918251038 | 9.80598088062834e-06,1.2840337149100378e-07,-1.7163276311293885e-07 | 0 | 0.00021195538283791393,-0.020890092477202415,-2.7270900773146423e-06 | 4.658062243834138e-05,6.583840104212868e-07,-1.4302730050985701e-05 | 0,0
2151 | 71.7000037394464 | 161.1851043701172,187.5377960205078,0.22587493062019348 | 9.51401162296861e-08,2.4232360118503493e-08,-2.6698430133365036e-07 | 0 | 1.9173419786966406e-05,-0.0002020382962655276,-2.6957854615261567e-08 | 2.3539483606782596e-07,-1.7218151526776637e-07,-2.5744913727976382e-05 | 0,0
2193 | 73.10000381246209 | 161.1851043701172,187.5377960205078,0.22587493062019348 | 4.748581972080501e-09,-1.830669305036281e-08,1.907030799941367e-08 | 0 | -1.66395020642085e-05,-9.869572750176303e-06,-1.4782484125674955e-09 | 6.463716317739454e-08,-1.3732681054534623e-06,0.0 | 0,0
2230 | 74.33333721011877 | 161.1851043701172,187.5377960205078,0.22587493062019348 | 1.8472723350981823e-09,6.769255378458183e-09,3.814061599882734e-08 | 0 | 2.1821622340212343e-06,-4.027083377877716e-06,-1.2985774677787276e-09 | 1.742321131814606e-07,8.756639999774052e-07,-9.153746759693604e-06 | 0,0
2272 | 75.73333728313446 | 161.1851043701172,187.5377960205078,0.22587493062019348 | 7.234843835135507e-10,-1.2185883413451393e-09,0.0 | 0 | -1.239434709532361e-06,-1.573012923472561e-06,-1.730351140150077e-10 | 1.13563709547293e-08,-2.2448199743507757e-08,0.0 | 0,0
2313 | 77.10000402107835 | 161.1851043701172,187.5377960205078,0.22587493062019348 | -5.909467359899168e-10,-2.1809072325851275e-09,1.5256246399530937e-07 | 0 | -5.542650072243305e-08,1.3164210486138472e-06,2.298836260239412e-10 | -7.104905552779428e-09,1.5864007707477867e-07,0.0 | 0,0
2355 | 78.50000409409404 | 161.1851043701172,187.5377960205078,0.22587493062019348 | -2.0451470378324288e-11,1.2993428555319042e-09,1.7163276311293885e-07 | 0 | 1.7261825178138679e-06,1.6862726326394295e-08,3.524347480521328e-11 | 2.191316905708618e-09,6.197122104367736e-08,0.0 | 0,0
2393 | 79.76667082682252 | 161.1851043701172,187.5377960205078,0.22587493062019348 | -1.3235368356845356e-09,3.787756241990792e-08,3.814061599882734e-08 | 0 | 3.1685111025581136e-05,2.359113977945526e-06,4.439547063306293e-10 | -4.974247502786966e-08,1.6287507378365262e-06,5.721092293242691e-07 | 0,0
2435 | 81.16667089983821 | 161.1851043701172,187.5377960205078,0.22587493062019348 | -5.628338350938122e-10,1.1833103386038601e-08,0.0 | 0 | 1.154628989752382e-05,1.0887087000810425e-06,1.5209511428082578e-10 | -7.174008498367357e-09,1.6722543705327553e-07,0.0 | 0,0
2475 | 82.5000043027103 | 161.1851043701172,187.5377960205078,0.22587493062019348 | 1.163328877673564e-10,-8.162757580976177e-09,1.3349215066682518e-07 | 0 | -5.012396741221892e-06,-9.788895027895705e-08,4.772988601575712e-11 | -6.090993931451294e-09,1.2360479217932152e-07,0.0 | 0,0
2516 | 83.86667104065418 | 161.1851043701172,187.5377960205078,0.22587493062019348 | 2.259800346848806e-09,-1.6308412398302607e-08,1.5256246399530937e-07 | 0 | 2.8036345611326396e-05,-6.115317319199676e-06,-2.523515563179757e-10 | -7.580974958898423e-09,-2.156541967224257e-07,1.1442184586485382e-06 | 0,0
2553 | 85.10000443831086 | 161.1851043701172,187.5377960205078,0.22587493062019348 | -3.927000502557121e-09,1.0569674024907272e-08,3.2419524131910293e-07 | 0 | 5.03866613144055e-06,8.243780030170456e-06,1.1867065663473397e-10 | -2.0111727394578338e-07,9.187917839881266e-07,1.0297965673089493e-05 | 0,0
2596 | 86.53333784639835 | 161.15550231933594,187.53732299804688,0.2259494662284851 | -0.3530798554420471,-0.0011789320269599557,-1.907030799941367e-08 | 0 | -0.0010305473115295172,-0.14079003036022186,-0.4601922333240509 | -3.135579824447632,0.02018239162862301,1.0297964763594791e-05 | 0,0
2638 | 87.93333791941404 | 158.83021545410156,187.5287322998047,0.22555911540985107 | -1.3025909662246704,0.000871820084284991,3.089389792876318e-06 | 270.0 | 0.0012096939608454704,-0.597129762172699,-0.13131962716579437 | -6.983985424041748,0.01849907636642456,4.176396760158241e-05 | 0,0
2680 | 89.33333799242973 | 154.10740661621094,187.5443115234375,0.22610317170619965 | -4.843085289001465,0.029522167518734932,1.8688900809138431e-06 | 270.3 | -0.0010291790822520852,0.05039823055267334,-0.2865108251571655 | -1.1648939847946167,0.04225333780050278,4.8629277443978935e-05 | 0,0
2717 | 90.56667139008641 | 148.349609375,187.58322143554688,0.22559310495853424 | -4.135745048522949,0.03070198930799961,0.0004973345785401762 | 270.4 | 0.00011247907241340727,-0.1840672343969345,0.009544093161821365 | -1.300134539604187,0.007334444206207991,0.0005194762488827109 | 0,0
2759 | 91.9666714631021 | 141.7450714111328,187.62982177734375,0.2258996218442917 | -4.933035850524902,0.0317763090133667,-5.911795142310439e-07 | 270.4 | 0.00031611492158845067,0.008052391931414604,0.06612378358840942 | -0.07349967211484909,-0.009106322191655636,9.153747669188306e-06 | 0,0
2801 | 93.36667153611779 | 134.7919464111328,187.66256713867188,0.22588618099689484 | -4.992440223693848,0.010629151947796345,3.432655262258777e-07 | 270.1 | -0.0004423786303959787,0.0001821220648707822,0.22071285545825958 | -0.032973285764455795,-0.006707338150590658,-2.5744915546965785e-05 | 0,0
2844 | 94.80000494420528 | 127.61554718017578,187.6658935546875,0.2264065444469452 | -5.007061004638672,-0.005665072705596685,0.00037391152000054717 | 269.9 | -0.001025908044539392,0.013372218236327171,0.22484789788722992 | 0.4092836081981659,-0.006786672864109278,-0.010640086606144905 | 0,0
2882 | 96.06667167693377 | 121.2550277709961,187.6537628173828,0.22634437680244446 | -5.057518005371094,-0.014073427766561508,0.0011373722227290273 | 269.8 | -4.313489989726804e-05,-0.026372971013188362,0.06191832199692726 | -0.4325723350048065,-0.003208536421880126,-0.020388254895806313 | 0,0
2925 | 97.50000508502126 | 114.03093719482422,187.63052368164062,0.22636599838733673 | -5.015499591827393,-0.01753452606499195,-6.375203520292416e-05 | 269.8 | -0.00026733288541436195,0.006343666929751635,0.022984018549323082 | 0.14220713078975677,-0.0004787184007000178,-0.000139594470965676 | 0,0
2968 | 98.93333849310875 | 106.7945556640625,187.60501098632812,0.22636474668979645 | -5.071993350982666,-0.018339216709136963,-7.246716791087238e-07 | 269.8 | 4.146243736613542e-05,0.00369449844583869,-0.008096843957901001 | -0.06520270556211472,-0.0005317478789947927,7.437419299094472e-06 | 0,0
3011 | 100.36667190119624 | 99.47880554199219,187.57899475097656,0.22635993361473083 | -5.120087623596191,-0.016809998080134392,-5.721092293242691e-07 | 269.8 | 0.00013658858370035887,0.004117943346500397,-0.037907522171735764 | -0.02669334225356579,0.0024509800132364035,5.721084903598239e-07 | 0,0
10450 | 348.33335150033236 | 136.32540893554688,225.95660400390625,0.22635631263256073 | 0.02116471529006958,-5.151123523712158,-9.344450404569216e-07 | 179.8 | -0.0006336850929073989,0.03305119276046753,-6.546284198760986 | -0.16343872249126434,-0.023174284026026726,-5.148983291292097e-06 | 0,0
10490 | 349.66668490320444 | 136.24710083007812,219.06661987304688,0.22636012732982635 | -0.1083947941660881,-5.1847639083862305,-9.535153111528416e-08 | 181.2 | 0.0005274715949781239,0.017192602157592773,-3.477815628051758 | -0.017003191635012627,-0.027394292876124382,1.3730619684793055e-05 | 0,0
10531 | 351.03335164114833 | 136.08114624023438,211.95411682128906,0.2263607382774353 | -0.11171998083591461,-5.223516941070557,-3.623358395543619e-07 | 181.2 | 0.0005256875301711261,0.016607442870736122,-2.5398194789886475 | 0.05964852496981621,-0.026993749663233757,-1.0870074220292736e-05 | 0,0
10573 | 352.433351714164 | 136.04603576660156,210.03250122070312,0.22579535841941833 | 1.0210206369265507e-07,7.066044872772181e-06,1.603812961548101e-05 | 0 | 0.017879394814372063,-0.0002592818927951157,-2.436514137116319e-07 | -1.218164834426716e-05,-0.0008046336588449776,-0.0013633361086249352 | 1,6
10615 | 353.8333517871797 | 136.04603576660156,210.03257751464844,0.2258749008178711 | -2.882415728322485e-08,1.4792566105370497e-07,9.535153822071152e-07 | 0 | 0.00030865188455209136,-9.668260463513434e-05,5.630029775716139e-08 | -8.119768040160125e-07,1.7450743428071291e-07,9.725856216391549e-06 | 1,6
10653 | 355.1000185199082 | 136.04603576660156,210.03257751464844,0.2258749008178711 | -1.0340960976407132e-08,3.9608721857931073e-10,6.293201408880122e-07 | 0 | -1.916101837196038e-06,-3.656816988950595e-05,2.033214041574638e-09 | -9.726950338517781e-07,-9.642320009106697e-08,1.144218367699068e-05 | 1,6
10694 | 356.4666852578521 | 136.04603576660156,210.03257751464844,0.2258749008178711 | -1.7045522326952778e-08,1.0147063189691607e-09,7.05601394201949e-07 | 0 | 1.9864380647049984e-06,1.866567981778644e-05,6.008298303328274e-10 | -6.908840077812783e-07,1.6289600068830623e-07,9.153747669188306e-06 | 1,6
10736 | 357.86668533086777 | 136.04603576660156,210.03257751464844,0.2258749008178711 | -8.690757558049711e-10,1.0705325514948072e-11,7.628123199765469e-08 | 0 | 1.4202731435375426e-08,1.150664047600003e-06,7.269095048112462e-12 | -2.6072271452903806e-08,3.2115973769286654e-10,2.2884369172970764e-06 | 1,6
10778 | 359.26668540388346 | 136.04603576660156,210.03257751464844,0.2258749008178711 | 2.9132791734554075e-09,9.477453266626412e-10,4.0047643778962083e-07 | 0 | 2.0818240500375396e-06,-1.2745063031616155e-06,3.979625518013563e-10 | -2.2641343377927114e-07,8.612427215837215e-09,2.2884357804286992e-06 | 1,6
10818 | 360.60001880675554 | 136.04603576660156,210.03257751464844,0.2258749008178711 | 4.266484943116211e-10,1.0382749104920208e-09,7.246716791087238e-07 | 0 | 4.635110599338077e-06,3.5555898648453876e-05,-1.4731803554823841e-09 | 3.8572380844925647e-07,1.1193325377689689e-07,8.581638212490361e-06 | 1,6
10859 | 361.96668554469943 | 136.04603576660156,210.03257751464844,0.2258749008178711 | 4.4133461329920465e-08,-5.510685685550243e-09,5.14898317760526e-07 | 0 | -1.1018651093763765e-05,-3.90877466998063e-05,-2.0637513920007677e-09 | 1.6664520217091194e-06,-2.1154075113827275e-07,-4.576873379846802e-06 | 1,6
10901 | 363.3666856177151 | 136.04603576660156,210.03257751464844,0.2258749008178711 | -4.329680614034714e-09,5.2329050814758915e-11,2.6698430133365036e-07 | 0 | 4.960368116257996e-08,4.019987500214484e-06,-8.80991200130632e-12 | -4.1606067924249146e-08,5.002402381215632e-10,2.2884369172970764e-06 | 1,6
10942 | 364.733352355659 | 136.04603576660156,210.03257751464844,0.2258749008178711 | 2.741091575941823e-09,1.4158417771525933e-09,4.767576911035576e-07 | 0 | 3.0261562642408535e-06,-3.8044684060878353e-06,4.784484475273132e-10 | 1.4438153073115245e-07,2.4643784790612244e-09,1.1442186860222137e-06 | 1,6
10981 | 366.0333524234593 | 136.04527282714844,209.8621368408203,0.22606612741947174 | -0.011897108517587185,-0.8845769166946411,-1.487483928030997e-06 | 0 | 0.10045469552278519,0.0017621418228372931,1.2212834358215332 | -0.03807498887181282,-3.410832643508911,-3.6614987038774416e-05 | 0,0
11023 | 367.433352496475 | 136.0280303955078,206.15419006347656,0.2260991632938385 | 0.01664116606116295,-3.7623019218444824,-7.628123199765469e-08 | 179.7 | 0.06819642335176468,0.004394950810819864,0.942800760269165 | 0.08184528350830078,-2.435796022415161,-1.830749533837661e-05 | 0,0
11065 | 368.83335256949067 | 136.0842742919922,199.43408203125,0.2264041155576706 | 0.05969267711043358,-5.020638465881348,-0.00022289373737294227 | 179.3 | -0.005430659744888544,0.01325557753443718,-2.9890167713165283 | 0.0019477306632325053,0.06840705126523972,0.0005028840387240052 | 0,0
11106 | 370.20001930743456 | 138.5375518798828,193.33251953125,0.22534441947937012 | 4.5545878410339355,-2.0231263637542725,0.0002933013311121613 | 114.0 | 0.05181977152824402,-0.07310101389884949,73.03832244873047 | 2.833714246749878,4.456457614898682,0.018301771953701973 | 0,0
11145 | 371.50001937523484 | 144.91146850585938,191.57647705078125,0.22637785971164703 | 5.183585166931152,-0.40604516863822937,-7.317277049878612e-05 | 94.5 | 0.17055006325244904,-0.008495524525642395,13.13449478149414 | 0.1561403125524521,-0.6243699193000793,0.0003392607904970646 | 0,0
11185 | 372.8333527781069 | 151.91015625,191.4240264892578,0.2263612300157547 | 5.2733354568481445,0.07092137634754181,-1.3349215066682518e-07 | 89.2 | 0.023197878152132034,-0.0005669599631801248,4.5909013748168945 | 0.019540784880518913,0.08901021629571915,-2.6889130822382867e-05 | 0,0
11226 | 374.2000195160508 | 159.13702392578125,191.57212829589844,0.22636005282402039 | 5.301381587982178,0.1342393308877945,-1.5828354662517086e-06 | 88.5 | 0.01476356852799654,0.00010420918260933831,3.217407464981079 | 0.020356176421046257,0.02011433057487011,-2.288436735398136e-05 | 0,0
11267 | 375.5666862539947 | 166.40115356445312,191.73532104492188,0.22635909914970398 | 5.32892370223999,0.0753956139087677,-4.1954677953981445e-07 | 89.2 | 0.012848353944718838,0.00025312742218375206,2.08760404586792 | 0.02105712704360485,-0.061275508254766464,8.009527846297715e-06 | 0,0
