Simulation Frame | Timestamp | Position | Velocity | Heading | Angular Velocity | Acceleration | Stopped at Red Light + Light ID 
8880 | 296.000015437603 | 169.4345245361328,187.671630859375,0.18355582654476166 | -4.949670791625977,0.11597910523414612,-8.96304470643372e-07 | 271.3 | -0.06336136162281036,0.001536694704554975,0.16056202352046967 | -0.0331878624856472,-0.0590108297765255,-1.5446950783370994e-05 | 0,0
8890 | 296.333348788321 | 167.83973693847656,187.7041778564453,0.18617744743824005 | -4.240189552307129,0.06105821952223778,-4.5234770368551835e-05 | 270.8 | -0.05095280334353447,-2.628760576248169,0.9225392937660217 | 6.342644214630127,-0.14057467877864838,-0.0008673175470903516 | 0,0
8900 | 296.66668213903904 | 166.88150024414062,187.7168731689453,0.1968466192483902 | -1.710761547088623,0.010256214067339897,-0.0005436944193206728 | 270.3 | 0.08707289397716522,-1.4825289249420166,0.4655352532863617 | 5.529244899749756,-0.05878535658121109,0.0009210977586917579 | 0,0
8910 | 297.00001548975706 | 166.33468627929688,187.72164916992188,0.18866859376430511 | -1.8206647634506226,0.007444792427122593,0.0005256539443507791 | 270.2 | 0.007423690054565668,3.431340217590332,0.5132526159286499 | -2.403881311416626,-0.027651868760585785,-0.0011545162415131927 | 0,0
8920 | 297.3333488404751 | 165.55426025390625,187.7263946533203,0.17992445826530457 | -2.7247977256774902,0.003921708557754755,-9.287239663535729e-05 | 270.1 | -0.050323717296123505,1.1334232091903687,0.7208846211433411 | -2.431947946548462,-0.09213019907474518,-0.0005183309549465775 | 0,0
8930 | 297.6666821911931 | 164.55081176757812,187.72915649414062,0.18057945370674133 | -2.8472390174865723,-0.004402161575853825,9.281518578063697e-05 | 269.9 | 0.030240707099437714,-2.73030686378479,0.6606123447418213 | 4.943096160888672,-0.027016954496502876,0.0014314171858131886 | 0,0
8940 | 298.0000155419111 | 164.00875854492188,187.7295684814453,0.1933860033750534 | -0.8655410408973694,-0.003801284357905388,-0.0003653680032584816 | 0 | 0.005155818536877632,-0.3500530421733856,0.6666737198829651 | -0.35037335753440857,-0.037820003926754,0.002625982044264674 | 0,0
8950 | 298.33334889262915 | 163.56455993652344,187.7288055419922,0.1836514174938202 | -1.7306983470916748,-0.008411204442381859,0.00015753980551380664 | 269.7 | -0.041322313249111176,2.6542840003967285,0.34421274065971375 | -3.0661723613739014,-0.06582851707935333,-0.0018009997438639402 | 0,0
8960 | 298.66668224334717 | 162.79837036132812,187.72616577148438,0.17808875441551208 | -2.7135863304138184,-0.015459117479622364,-9.397847315995023e-05 | 269.7 | 0.010762103833258152,0.4346286654472351,0.41924503445625305 | -2.4826810359954834,-0.01301343459635973,0.00031351589132100344 | 0,0
8970 | 299.0000155940652 | 161.82904052734375,187.72128295898438,0.18144698441028595 | -2.563523769378662,-0.01883554458618164,0.0001709462230792269 | 269.6 | 0.04665418341755867,-3.586581230163574,0.3401526212692261 | 5.956162929534912,0.030133554711937904,0.0007797845755703747 | 0,0
8980 | 299.3333489447832 | 161.29051208496094,187.71792602539062,0.19221939146518707 | -0.5318965315818787,-0.004788466729223728,-0.0003461451269686222 | 0 | 0.061282481998205185,-4.096858978271484,0.07637608051300049 | 12.3483247756958,0.08241363614797592,-0.004185550380498171 | 0,0
8990 | 299.66668229550123 | 161.28041076660156,187.71783447265625,0.18996664881706238 | 0.011191780678927898,0.00020866455452051014,0.00038216894608922303 | 0 | -0.02253499999642372,2.2770395278930664,0.0006006407784298062 | -0.014359652064740658,-0.0007392785628326237,-0.00030951134976930916 | 0,0
9000 | 300.00001564621925 | 161.27745056152344,187.71778869628906,0.1851499080657959 | 0.004024041350930929,4.678311597672291e-05,4.847672244068235e-05 | 0 | -0.007065104320645332,0.7867026329040527,0.0001223198778461665 | -0.02005498670041561,-0.0002638833539094776,-0.0007889384869486094 | 0,0
9010 | 300.3333489969373 | 161.27667236328125,187.7177734375,0.1838706135749817 | 0.0005657905712723732,6.906604085088475e-06,-1.5275316400220618e-05 | 0 | -0.001399148954078555,0.10944169014692307,-1.7805971310735913e-06 | -0.0044738962315022945,-3.409757846384309e-05,-3.4326783406868344e-06 | 0,0
9020 | 300.6666823476553 | 161.27658081054688,187.7177734375,0.1837916523218155 | 8.74274701345712e-05,2.0095924355700845e-06,-5.7020215535885654e-06 | 0 | -0.0004213084757793695,0.01689399965107441,-6.409474622159905e-07 | -0.00030936533585190773,-1.8398303609501454e-06,2.517281609470956e-05 | 0,0
9030 | 301.0000156983733 | 161.2765655517578,187.7177734375,0.18376632034778595 | 2.4113571271300316e-05,7.115991706996283e-07,-1.8498197960070684e-06 | 0 | -0.00014734690194018185,0.004658087622374296,-2.0096280195502914e-07 | -4.456863825907931e-05,2.6546324534137966e-06,4.004763013654156e-06 | 0,0
9040 | 301.33334904909134 | 161.27655029296875,187.7177734375,0.18375831842422485 | 6.082887921365909e-06,1.9033670639601041e-07,-1.0488669204278267e-06 | 0 | -4.106801134184934e-05,0.0011747920652851462,-6.775461258712312e-08 | 2.939873184004682e-06,1.9247492843987857e-07,-5.72109183849534e-06 | 0,0
9050 | 301.66668239980936 | 161.27655029296875,187.7177734375,0.18375594913959503 | 1.1914198694285005e-06,-9.582217330716958e-08,-5.7210922221884175e-08 | 0 | 1.7842368833953515e-05,0.00022999018256086856,-3.1869525685124245e-08 | 8.90819683263544e-06,-1.066915615410835e-06,6.865310297143878e-06 | 0,0
9060 | 302.0000157505274 | 161.27655029296875,187.7177734375,0.18375487625598907 | 7.259058065756108e-07,1.2556283479625563e-07,-2.2312258352030767e-06 | 0 | -2.6724343115347438e-05,0.00014025071868672967,-2.908419949321228e-09 | -3.4318684356549056e-06,4.992716185370227e-06,-1.8307493519387208e-05 | 0,0
9070 | 302.3333491012454 | 161.27655029296875,187.7177734375,0.18375487625598907 | 2.1480865086687118e-07,-1.7836310206575945e-08,-1.8307495111002936e-06 | 0 | 1.8038260805042228e-06,4.1522420360706747e-05,-6.6205796400709005e-09 | -1.8637740595295327e-06,-4.7492239900748245e-06,-6.29320402367739e-06 | 0,0
9080 | 302.6666824519634 | 161.27655029296875,187.7177734375,0.18375487625598907 | 5.7359514471500006e-08,-4.21177794862615e-08,-1.0679372053346015e-06 | 0 | 1.0936136277450714e-05,1.1120091585326008e-05,6.936800467371995e-09 | -6.058651820239902e-07,2.127358811776503e-06,5.721084903598239e-07 | 0,0
9090 | 303.00001580268145 | 161.27655029296875,187.7177734375,0.18375487625598907 | 4.159474897846849e-08,-4.036196443735207e-08,-2.8605461466213455e-07 | 0 | 5.159680313227e-06,7.9783812907408e-06,-1.6098891109095348e-08 | 3.277293956216454e-07,-2.7441521979199024e-06,1.144218367699068e-05 | 0,0
9100 | 303.33334915339947 | 161.27655029296875,187.7177734375,0.18375487625598907 | 9.535519929215752e-09,-1.815093142454316e-08,-2.288436888875367e-07 | 0 | 3.834987637674203e-06,1.8412512190479902e-06,-6.379436978676267e-10 | 1.4283604343745537e-07,-2.644168830556737e-07,-3.432655148571939e-06 | 0,0
9110 | 303.6666825041175 | 161.27655029296875,187.7177734375,0.18375487625598907 | -3.6290170868369387e-09,-2.1937066208010947e-07,-1.926101049321005e-06 | 0 | 3.9882030250737444e-05,-7.161150961110252e-07,-2.778538465975089e-08 | 1.1472235428300337e-07,-1.028390852297889e-05,-4.5768715608573984e-06 | 0,0
9120 | 304.0000158548355 | 161.27655029296875,187.7177734375,0.18375487625598907 | -3.591977915107236e-08,-1.1547846412440776e-07,-1.7735386563799693e-06 | 0 | 2.134820715582464e-05,-6.9049629018991254e-06,-1.0740293987510086e-08 | -1.3539286101149628e-06,-4.8002480070863385e-06,-1.6019059330574237e-05 | 0,0
9130 | 304.33334920555353 | 161.27655029296875,187.7177734375,0.18375487625598907 | 8.715566934824892e-09,2.4864501568799824e-08,-1.0488669204278267e-06 | 0 | -2.062685553028132e-06,1.6613975049040164e-06,1.1107705866209017e-08 | 2.8635732007842307e-08,2.230822389037712e-07,-4.576873379846802e-06 | 0,0
9140 | 304.66668255627155 | 161.27655029296875,187.7177734375,0.18375487625598907 | 5.4123034942676895e-09,7.916152178211178e-09,-6.674607675449806e-07 | 0 | -1.7561737877258565e-06,1.0441815447848057e-06,-1.5825138421909912e-10 | 1.6653864065574453e-08,-7.477191310556464e-09,-4.576873379846802e-06 | 0,0
9150 | 305.0000159069896 | 161.27655029296875,187.7177734375,0.18375487625598907 | 1.6022622117972674e-09,2.5648176915638032e-08,-3.0512492799061874e-07 | 0 | -5.416973181127105e-06,3.066796239181713e-07,5.301872274543484e-10 | 2.406896193463126e-08,3.7368494076872594e-07,-4.576873834594153e-06 | 0,0
9160 | 305.3333492577076 | 161.27655029296875,187.7177734375,0.18375487625598907 | 8.437829990270984e-09,-2.0143613710388308e-07,-1.8498197960070684e-06 | 0 | 3.980306428275071e-05,1.5973245126588154e-06,-1.5669634478854277e-08 | 3.613288157566785e-08,-9.999515896197408e-06,-4.5768715608573984e-06 | 0,0
9170 | 305.6666826084256 | 161.27655029296875,187.7177734375,0.18375487625598907 | 9.678271517543635e-09,-2.4625822447887913e-07,-1.4302730733106728e-06 | 0 | 4.929603892378509e-05,1.840966660893173e-06,-1.6057370544331206e-08 | 7.490307751822911e-08,-9.634292837290559e-06,-4.576874744088855e-06 | 0,0
9180 | 306.00001595914364 | 161.27655029296875,187.7177734375,0.18375487625598907 | 2.241896224219886e-09,-4.7733568209196164e-09,-1.0488669204278267e-06 | 0 | 1.0088421049658791e-06,4.33544443012579e-07,-1.2160074336353688e-10 | -8.174193766308235e-09,-6.909698413437582e-08,-4.576873379846802e-06 | 0,0
9190 | 306.33334930986166 | 161.27655029296875,187.7177734375,0.18375487625598907 | 4.289495147968836e-10,4.8124199736321316e-08,-6.674607675449806e-07 | 0 | -6.94667141942773e-06,5.9242001526627064e-08,1.1755647122413393e-08 | 1.0714940046341326e-08,7.014950824668631e-07,-4.004764832643559e-06 | 0,0
9200 | 306.6666826605797 | 161.27655029296875,187.7177734375,0.18375487625598907 | 1.6022619897526624e-09,2.5648176915638032e-08,-3.0512492799061874e-07 | 0 | -5.416973181127105e-06,3.066796239181713e-07,5.302088768033286e-10 | 2.4068951276490225e-08,3.7368496919043537e-07,-4.576873834594153e-06 | 0,0
9210 | 307.0000160112977 | 161.27655029296875,187.7177734375,0.18375487625598907 | 9.053912286560717e-09,1.0432905384050173e-07,-1.735397972879582e-06 | 0 | -1.9170804080204107e-05,1.7177989093397628e-06,1.1563871638031742e-08 | 1.8402850798793224e-08,2.5774517098398064e-07,-4.004766196885612e-06 | 0,0
9220 | 307.3333493620157 | 161.27655029296875,187.7177734375,0.18375487625598907 | 9.176067017335754e-09,-4.4721801373270864e-08,-1.3921323898102855e-06 | 0 | 9.74664817476878e-06,1.7783326029530144e-06,-4.8417034270720194e-11 | -5.75912595390804e-10,2.5603091202697215e-08,-4.5768715608573984e-06 | 0,0
9230 | 307.66668271273375 | 161.27655029296875,187.7177734375,0.18375487625598907 | 2.493734330144548e-09,4.5997015085674775e-09,-1.0870074902413762e-06 | 0 | -1.0030009889305802e-06,4.813594500774343e-07,-2.7726359402846512e-11 | -2.1572742203712636e-10,4.802274844450949e-08,-4.576873379846802e-06 | 0,0
9240 | 308.00001606345177 | 161.27655029296875,187.7177734375,0.18375487625598907 | -3.758127586905857e-09,-2.0681802936906024e-09,-7.05601394201949e-07 | 0 | 4.4464565007729107e-07,-7.252051545947324e-07,4.244701812261553e-11 | -2.5042746543135763e-08,-1.3604423365620733e-08,-4.576874744088855e-06 | 0,0
9250 | 308.3333494141698 | 161.27655029296875,187.7177734375,0.18375487625598907 | -1.6712132788754275e-09,-9.344186535642507e-10,-3.2419524131910293e-07 | 0 | 1.9713212395799928e-07,-3.223128715035273e-07,2.0395449218391093e-11 | -2.5043423335091575e-08,-1.3619631644701258e-08,-4.576873834594153e-06 | 0,0
9260 | 308.6666827648878 | 161.27655029296875,187.7177734375,0.18375487625598907 | -6.778790636458032e-12,1.8537152923769895e-09,-1.8498197960070684e-06 | 0 | -4.031739706533699e-07,-1.195235244111359e-09,-8.639926881576221e-13 | -2.1957259621618874e-10,4.911009909847053e-08,-4.5768715608573984e-06 | 0,0
9270 | 309.00001611560583 | 161.27655029296875,187.7177734375,0.18375487625598907 | -4.2292835900070713e-10,1.1616393402746894e-09,-1.4684136431242223e-06 | 0 | -2.5294872330050566e-07,-8.147821262127763e-08,5.840703354992316e-12 | -1.532507315493703e-10,5.619443754767417e-08,-4.5768715608573984e-06 | 0,0
9280 | 309.33334946632385 | 161.27655029296875,187.7177734375,0.18375487625598907 | 9.673612605398674e-12,-2.6290380983340356e-09,-1.0870074902413762e-06 | 0 | 4.936452455694962e-07,1.4420670213510789e-09,-2.9381638788628095e-10 | 4.15737805292693e-10,-1.0572526321084297e-07,-4.576873379846802e-06 | 0,0
9290 | 309.6666828170419 | 161.27655029296875,187.7177734375,0.18375487625598907 | -1.2551049088926902e-09,-2.463964032806132e-10,-7.05601394201949e-07 | 0 | 4.6760014527080784e-08,-2.4204248916248616e-07,1.6067232613825588e-11 | -2.5043741302965827e-08,-1.3608503657280835e-08,-4.576874744088855e-06 | 0,0
9300 | 310.0000161677599 | 161.27655029296875,187.7177734375,0.18375487625598907 | -1.6712132788754275e-09,-9.344186535642507e-10,-3.2419524131910293e-07 | 0 | 1.9713212395799928e-07,-3.223128715035273e-07,2.0395492586477992e-11 | -2.5043423335091575e-08,-1.3619631644701258e-08,-4.576873834594153e-06 | 0,0
9310 | 310.3333495184779 | 161.27655029296875,187.7177734375,0.18375487625598907 | -8.313399413317768e-10,-7.71756270001589e-10,-1.8116792261935188e-06 | 0 | 8.852745025933473e-08,-1.612257705119191e-07,-2.876150151376322e-10 | 3.5462630054716726e-10,-1.1385435527699883e-07,-4.5768715608573984e-06 | 0,0
9320 | 310.66668286919594 | 161.27655029296875,187.7177734375,0.18375487625598907 | -4.229531447297319e-10,1.16151177564916e-09,-1.4302730733106728e-06 | 0 | -2.5293627459177515e-07,-8.148303010102609e-08,5.912054266282718e-12 | -1.538286026336877e-10,5.6297729145171616e-08,-4.576874744088855e-06 | 0,0
9330 | 311.00001621991396 | 161.27655029296875,187.7177734375,0.18375487625598907 | 9.692904465175012e-12,-2.624887862623382e-09,-1.0870074902413762e-06 | 0 | 4.937657536174811e-07,1.4503825918055213e-09,-2.961720868555062e-10 | 3.4933866910336064e-10,-1.1277845857193824e-07,-4.576873379846802e-06 | 0,0
9340 | 311.333349570632 | 161.27655029296875,187.7177734375,0.18375487625598907 | -9.091501995683871e-10,-2.4017507982421193e-08,-7.05601394201949e-07 | 0 | 5.0670423661358654e-06,-1.7323591805507021e-07,-4.836443467937102e-10 | -7.666576706810702e-09,-2.9446940175148484e-07,-4.576874744088855e-06 | 0,0
9350 | 311.66668292135 | 161.27655029296875,187.7177734375,0.18375487625598907 | 2.2952078015947563e-09,2.7025603088759453e-08,-3.0512492799061874e-07 | 0 | -5.717961812479189e-06,4.4032330492882465e-07,5.226948318615143e-10 | 2.4070663684483407e-08,3.7312051404114754e-07,-4.576873834594153e-06 | 0,0
9360 | 312.000016272068 | 161.27655029296875,187.7177734375,0.18375487625598907 | 7.585801320431074e-09,3.057652619986584e-08,-1.8116792261935188e-06 | 0 | -6.746161034243414e-06,1.4597502513424843e-06,-6.103107463850677e-10 | 5.609352626834152e-08,-6.457407835114282e-07,-4.5768715608573984e-06 | 0,0
9370 | 312.33334962278605 | 161.27655029296875,187.7177734375,0.18375487625598907 | -1.025898033191197e-09,1.669551430438787e-08,-1.4302730733106728e-06 | 0 | -3.572507466742536e-06,-1.991072906548652e-07,2.99748753596063e-10 | -5.893383914212791e-08,1.5268321362782444e-07,-4.576874744088855e-06 | 0,0
9380 | 312.66668297350407 | 161.27655029296875,187.7177734375,0.18375487625598907 | 3.75533604213274e-09,5.2697032515425235e-08,-1.0107263506142772e-06 | 0 | -1.1366854778316338e-05,7.193853548415063e-07,4.222440175283282e-10 | -9.343857909627218e-10,3.199194225089741e-07,-4.576874744088855e-06 | 0,0
9390 | 313.0000163242221 | 161.27655029296875,187.7177734375,0.18375487625598907 | 3.0489868407812537e-09,5.621733834004772e-08,-6.674607675449806e-07 | 0 | -1.1658738912956323e-05,5.840679477842059e-07,6.234482929912133e-10 | 1.3023023939240375e-06,5.287128260533791e-06,6.865310751891229e-06 | 0,0
9400 | 313.3333496749401 | 161.27655029296875,187.7177734375,0.18375487625598907 | 1.9445300925013953e-09,2.1838069130808435e-09,-2.8605461466213455e-07 | 0 | -5.033518846175866e-07,3.752219299713033e-07,-1.2207507227302017e-10 | 1.6654926326964414e-08,-7.3996004879006705e-09,-4.576873834594153e-06 | 0,0
9410 | 313.66668302565813 | 161.27655029296875,187.7177734375,0.18375487625598907 | 8.247983962483829e-10,2.1492541080192495e-09,-1.8116792261935188e-06 | 0 | -3.915273794063978e-07,1.6026753257847304e-07,2.7911484234977024e-10 | -5.8947861703018134e-08,1.5446859435996885e-07,-4.5768715608573984e-06 | 0,0
9420 | 314.00001637637615 | 161.27655029296875,187.7177734375,0.18375487625598907 | 6.987869172192518e-10,-8.034656273636642e-10,-1.4684136431242223e-06 | 0 | 1.4949341675674077e-07,1.350326215288078e-07,-1.0862678118117586e-10 | 1.6650897549652655e-08,-6.38517549944595e-09,-4.5768715608573984e-06 | 0,0
9430 | 314.3333497270942 | 161.27655029296875,187.7177734375,0.18375487625598907 | -1.9555825847561437e-09,1.729216436707759e-09,-1.0488669204278267e-06 | 0 | -4.1197219502464577e-07,-3.779740609388682e-07,-8.010114793677303e-11 | -7.990404782276528e-09,-8.244151672442968e-08,-4.576873379846802e-06 | 0,0
9440 | 314.6666830778122 | 161.27655029296875,187.7177734375,0.18375487625598907 | 2.0955288615454037e-09,-1.0682296158748272e-09,-6.674607675449806e-07 | 0 | 2.6004713049587735e-07,4.0440232851324254e-07,4.699848149547492e-11 | 1.678993832854303e-08,6.100945970644034e-09,-4.576873379846802e-06 | 0,0
9450 | 315.0000164285302 | 161.27655029296875,187.7177734375,0.18375487625598907 | 2.851001656978269e-10,-2.4486692673519883e-09,-2.8605461466213455e-07 | 0 | 5.002603415960039e-07,5.5318309932772536e-08,-1.0109621473297636e-10 | -8.168974829914077e-09,-7.011117020283564e-08,-4.576873834594153e-06 | 0,0
9460 | 315.33334977924824 | 161.27655029296875,187.7177734375,0.18375487625598907 | -1.6743905151272998e-09,8.040646481966007e-10,-1.8116792261935188e-06 | 0 | -2.096405182783201e-07,-3.235435599435732e-07,-8.307177168376256e-11 | -7.991832973175406e-09,-8.224227343589519e-08,-4.5768715608573984e-06 | 0,0
9470 | 315.66668312996626 | 161.27655029296875,187.7177734375,0.18375487625598907 | 5.6185180952184055e-09,3.706077933429697e-08,-1.3921323898102855e-06 | 0 | -8.221399184549227e-06,1.0786465054479777e-06,-4.744520887278725e-10 | 5.930021274025421e-08,-2.551059878896922e-07,-4.5768715608573984e-06 | 0,0
9480 | 316.0000164806843 | 161.27655029296875,187.7177734375,0.18375487625598907 | 3.33500671523268e-09,1.94963978294993e-09,-1.0488669204278267e-06 | 0 | -2.7664768253998773e-07,6.449935767705028e-07,4.306557888078544e-10 | -2.5873895026506943e-08,2.919456960626121e-07,-4.576873379846802e-06 | 0,0
9490 | 316.3333498314023 | 161.27655029296875,187.7177734375,0.18375487625598907 | -1.2257674875115754e-09,-1.0505078584799321e-08,-6.865310524517554e-07 | 0 | 2.261537474623765e-06,-2.353940402599619e-07,-8.547544616543945e-11 | -8.172918342097546e-09,-6.908985028530878e-08,-4.576873379846802e-06 | 0,0
9500 | 316.6666831821203 | 161.27655029296875,187.7177734375,0.18375487625598907 | 2.7764963661525144e-09,4.72589745115215e-09,-2.8605461466213455e-07 | 0 | -9.97785264189588e-07,5.351801632969e-07,3.660875422251131e-11 | 4.161390876333826e-08,6.886310899290038e-08,-4.576873834594153e-06 | 0,0
9510 | 317.00001653283834 | 161.27655029296875,187.7177734375,0.18375487625598907 | 1.6872538921575142e-09,-7.569569859811054e-09,-1.8116792261935188e-06 | 0 | 1.7272525383305037e-06,3.2807002980916877e-07,2.6282528930998694e-10 | -8.834625475628854e-09,1.235477498084947e-07,-4.5768715608573984e-06 | 0,0
9520 | 317.33334988355637 | 161.27655029296875,187.7177734375,0.18375487625598907 | 3.3703082547020813e-09,8.834193465645512e-08,-1.4302730733106728e-06 | 0 | -1.8722905224421993e-05,6.436853823288402e-07,8.235584991744815e-10 | -1.3253311408334412e-06,5.170599251869135e-06,-1.6019057511584833e-05 | 0,0
9530 | 317.6666832342744 | 161.27655029296875,187.7177734375,0.18375487625598907 | 5.579574580139024e-09,5.201900421525352e-08,-1.0488669204278267e-06 | 0 | -8.136836186167784e-06,1.0511433856663643e-06,1.0665893945827065e-08 | 3.7545017761431154e-08,5.3110152720137194e-08,-4.576873379846802e-06 | 0,0
9540 | 318.0000165849924 | 161.27655029296875,187.7177734375,0.18375487625598907 | -8.569069898101134e-09,-2.539583832117387e-08,-7.05601394201949e-07 | 0 | 1.9890319435944548e-06,-1.6347753444279078e-06,-1.1745092898252096e-08 | 2.2428563895005027e-08,-5.487185035235598e-07,-4.576874744088855e-06 | 0,0
9550 | 318.33334993571043 | 161.27655029296875,187.7177734375,0.18375487625598907 | -2.2646355901656534e-09,1.1292137003238167e-08,-2.8605461466213455e-07 | 0 | -2.4183871119021205e-06,-4.377668290089787e-07,2.2519495990191984e-10 | -5.8846058692552106e-08,8.933788819831534e-08,-4.576873834594153e-06 | 0,0
9560 | 318.66668328642845 | 161.27655029296875,187.7177734375,0.18375487625598907 | -1.1649317066542153e-08,-2.0779834741802006e-08,-1.8116792261935188e-06 | 0 | 4.393092694954248e-06,-2.247243628517026e-06,-2.8063559809332617e-10 | -4.101241657394894e-08,-2.901432196722453e-07,-4.5768715608573984e-06 | 0,0
9570 | 319.0000166371465 | 161.27655029296875,187.7177734375,0.18375487625598907 | 8.8318818924904e-09,3.339852838735169e-08,-1.3921323898102855e-06 | 0 | -3.9286305764107965e-06,1.682716401774087e-06,1.1106772390689912e-08 | 2.8646896410577938e-08,2.2176212155500252e-07,-4.5768715608573984e-06 | 0,0
9580 | 319.3333499878645 | 161.27655029296875,187.7177734375,0.18375487625598907 | 3.0716047483281272e-09,-2.4378730145713234e-09,-1.0488669204278267e-06 | 0 | 5.074941782368114e-07,5.935133913226309e-07,-1.345867861601846e-10 | 1.6654057688469948e-08,-7.323361472799661e-09,-4.576873379846802e-06 | 0,0
9590 | 319.6666833385825 | 161.27655029296875,187.7177734375,0.18375487625598907 | -3.763780398458039e-09,5.928917912179088e-10,-7.05601394201949e-07 | 0 | -1.638416051719105e-07,-7.270376727319672e-07,-6.101939786784527e-11 | -7.989881645187324e-09,-8.243973326216292e-08,-4.576874744088855e-06 | 0,0
9600 | 320.00001668930054 | 161.27655029296875,187.7177734375,0.18375487625598907 | 1.1169396518795338e-09,1.2483532263463104e-10,-2.8605461466213455e-07 | 0 | 6.83418788227641e-09,2.1528269655846088e-07,5.663566837732503e-11 | 4.167601375115737e-08,7.699743065359144e-08,-4.004764377896208e-06 | 0,0
9610 | 320.33335004001856 | 161.27655029296875,187.7177734375,0.18375487625598907 | -1.674493543823985e-09,7.968605220121106e-10,-1.8116792261935188e-06 | 0 | -2.0994603744384221e-07,-3.235728343042865e-07,-7.943525698328457e-11 | -8.171309850979469e-09,-6.933215246363034e-08,-4.5768715608573984e-06 | 0,0
9620 | 320.6666833907366 | 161.27655029296875,187.7177734375,0.18375487625598907 | -1.8066820262063743e-09,-1.7388693818176648e-09,-1.4302730733106728e-06 | 0 | 3.4449064401087526e-07,-3.487621711428801e-07,-7.819014880006137e-11 | -8.172674981210548e-09,-6.910121896908095e-08,-4.576874744088855e-06 | 0,0
9630 | 321.0000167414546 | 161.27655029296875,187.7177734375,0.18375487625598907 | 3.4613158561569435e-08,1.3214808802786138e-07,-7.05601394201949e-07 | 0 | -2.4806886358419433e-05,6.652350748481695e-06,1.136579008687022e-08 | 1.2860738252129522e-06,5.173777935851831e-06,6.865308932901826e-06 | 0,0
9640 | 321.3333500921726 | 161.27655029296875,187.7177734375,0.18375487625598907 | -8.82270168034438e-09,1.48049519310689e-08,-7.05601394201949e-07 | 0 | -3.18899560625141e-06,-1.7047992741936469e-06,2.9827626479850267e-10 | -5.8781374434602185e-08,9.736200468069e-08,-4.576874744088855e-06 | 0,0
9650 | 321.66668344289064 | 161.27655029296875,187.7177734375,0.18375487625598907 | -6.029965415876859e-10,1.6164303673349423e-08,-2.8605461466213455e-07 | 0 | -3.41416989613208e-06,-1.1785169107270121e-07,3.738822029752953e-10 | -8.99688767930229e-09,2.3550288119622564e-07,-4.576873834594153e-06 | 0,0
9660 | 322.00001679360867 | 161.27655029296875,187.7177734375,0.18375487625598907 | -9.401158074240357e-09,-2.797881926142054e-08,-1.8498197960070684e-06 | 0 | 6.018114163452992e-06,-1.8117909803549992e-06,-3.6183450680127294e-10 | -3.3857208592280585e-08,-6.355009531944233e-07,-4.5768715608573984e-06 | 0,0
9670 | 322.3333501443267 | 161.27655029296875,187.7177734375,0.18375487625598907 | -9.578201343174442e-09,-1.402290727980926e-08,-1.4684136431242223e-06 | 0 | 3.1686690817878116e-06,-1.8472510419087484e-06,4.965554079028323e-10 | -3.4059418396736874e-08,2.2417010825392936e-07,-4.5768715608573984e-06 | 0,0
9680 | 322.6666834950447 | 161.27655029296875,187.7177734375,0.18375487625598907 | -8.290687247836104e-09,-2.6599158431395153e-08,-1.0870074902413762e-06 | 0 | 5.4848692343512084e-06,-1.59821945544536e-06,9.636125924972205e-11 | -1.3296751149027841e-06,-5.1939268814749084e-06,-1.6019057511584833e-05 | 0,0
9690 | 323.00001684576273 | 161.27655029296875,187.7177734375,0.18375487625598907 | 2.9507225551839156e-09,-8.765072223582138e-09,-7.05601394201949e-07 | 0 | 1.9807125681836624e-06,5.710324444407888e-07,1.3368643692057702e-10 | 2.4737783377304368e-08,1.2555909734146553e-07,-4.576874744088855e-06 | 0,0
9700 | 323.33335019648075 | 161.27655029296875,187.7177734375,0.18375487625598907 | -3.924204516891905e-09,6.691148524140544e-09,-3.2419524131910293e-07 | 0 | -1.4137832522465033e-06,-7.576667258035741e-07,2.452385794438072e-10 | -5.8783946599305636e-08,9.747321882969118e-08,-4.576873834594153e-06 | 0,0
9710 | 323.6666835471988 | 161.27655029296875,187.7177734375,0.18375487625598907 | -1.2165478402437202e-08,1.6404792191337947e-08,-1.8498197960070684e-06 | 0 | -7.143597485992359e-06,-2.334915052415454e-06,-1.1728292115265049e-08 | 2.303013602045212e-08,-6.08823597758601e-07,-4.5768715608573984e-06 | 0,0
9720 | 324.0000168979168 | 161.27655029296875,187.7177734375,0.18375487625598907 | 1.3707913026905771e-08,-1.3979980906242417e-07,-1.4684136431242223e-06 | 0 | 2.2645517674391158e-05,2.622864258228219e-06,-2.8063046997317542e-08 | 4.323488056456881e-08,-1.0878028660954442e-05,-4.5768715608573984e-06 | 0,0
9730 | 324.3333502486348 | 161.27655029296875,187.7177734375,0.18375487625598907 | 4.822322541286894e-09,9.516411125787272e-08,-1.029796635521052e-06 | 0 | -1.7161257346742786e-05,9.731428463055636e-07,1.5609453285492236e-08 | 3.02418321496134e-08,3.254961882248608e-07,-4.004764832643559e-06 | 0,0
9740 | 324.66668359935284 | 161.27655029296875,187.7177734375,0.18375487625598907 | 6.2442699899634135e-09,1.0458243160371694e-08,-6.674607675449806e-07 | 0 | -2.250607167297858e-06,1.2041398349538213e-06,4.157060709119448e-13 | 4.1612885581798764e-08,6.878553193701009e-08,-4.576873379846802e-06 | 0,0
9750 | 325.00001695007086 | 161.27655029296875,187.7177734375,0.18375487625598907 | -2.7340789632290807e-09,-1.993427467539277e-08,-3.2419524131910293e-07 | 0 | 4.20997685068869e-06,-5.255624841993267e-07,-3.754700994562654e-10 | -4.1014384777326995e-08,-2.904401981140836e-07,-4.576873834594153e-06 | 0,0
9760 | 325.3333503007889 | 161.27655029296875,187.7177734375,0.18375487625598907 | -1.0712366993459455e-08,-5.695728688692725e-08,-1.8498197960070684e-06 | 0 | 1.2368993338895962e-05,-2.061789928120561e-06,-5.5516952146561493e-11 | -1.650418290921607e-08,-1.3712497093365528e-07,-4.5768715608573984e-06 | 0,0
9770 | 325.6666836515069 | 161.27655029296875,187.7177734375,0.18375487625598907 | 7.864705331428468e-09,7.550355007879261e-08,-1.3921323898102855e-06 | 0 | -1.2060238077538088e-05,1.4971240034356015e-06,1.2261519799494636e-08 | -6.088939841220053e-08,1.0503228622837923e-05,-4.5768715608573984e-06 | 0,0
9780 | 326.0000170022249 | 161.27655029296875,187.7177734375,0.18375487625598907 | -3.465523690238115e-08,-1.1559811241568241e-07,-1.4302730733106728e-06 | 0 | 2.1175408619455993e-05,-6.663251042482443e-06,-1.1438696212451305e-08 | -1.2442486649888451e-06,-5.190915089769987e-06,-1.6019057511584833e-05 | 0,0
9790 | 326.33335035294294 | 161.27655029296875,187.7177734375,0.18375487625598907 | 4.0540224510721146e-09,4.872583048154411e-08,-7.05601394201949e-07 | 0 | -7.1486219894723035e-06,7.581685963486962e-07,1.1510390862667919e-08 | 4.4695472212197274e-08,5.10458392000146e-07,-4.576874744088855e-06 | 0,0
9800 | 326.66668370366096 | 161.27655029296875,187.7177734375,0.18375487625598907 | -6.124201146207042e-09,-4.693813338008113e-09,-3.2419524131910293e-07 | 0 | 9.905521665132255e-07,-1.181003540295933e-06,4.653175761371031e-11 | -9.17754334750498e-08,-6.840686950226882e-08,-4.576873834594153e-06 | 0,0
9810 | 327.000017054379 | 161.27655029296875,187.7177734375,0.18375487625598907 | 2.4560497635661704e-08,1.6371124900160794e-07,-1.4684136431242223e-06 | 0 | -2.832004611263983e-05,4.760223873745417e-06,2.6725503587954336e-08 | 1.295171045967436e-06,5.5754530876583885e-06,6.865312570880633e-06 | 0,0
9820 | 327.333350405097 | 161.2769012451172,187.7177734375,0.18378600478172302 | 0.0186153557151556,0.00013880080950912088,-1.0870074902413762e-06 | 0 | 0.00341151375323534,-0.17459625005722046,-0.00027817010413855314 | 0.5584608912467957,0.004162810742855072,5.72109183849534e-06 | 0,0
9830 | 327.66668375581503 | 161.26028442382812,187.71783447265625,0.18299071490764618 | -0.20413096249103546,-0.0009861665312200785,-3.661499022200587e-06 | 0 | 0.003768927650526166,0.7396509647369385,0.9353262782096863 | -1.6637424230575562,0.0030652896966785192,-8.410004375036806e-05 | 0,0
9840 | 328.00001710653305 | 161.01431274414062,187.7158203125,0.178802490234375 | -1.2472662925720215,-0.008902590721845627,-9.109886013902724e-05 | 269.6 | -0.027626441791653633,1.3691842555999756,0.07156666368246078 | -5.356961250305176,-0.05566835030913353,-0.000617878045886755 | 0,0
9850 | 328.3333504572511 | 160.37356567382812,187.7115020751953,0.17606520652770996 | -2.4172916412353516,-0.01906183920800686,-3.154228761559352e-05 | 269.5 | 0.014672785997390747,-0.06707729399204254,0.20566578209400177 | -2.7564666271209717,0.004719513934105635,0.0007797848666086793 | 0,0
9860 | 328.6666838079691 | 159.42510986328125,187.70440673828125,0.17744849622249603 | -3.2020044326782227,-0.027317311614751816,6.724190461682156e-05 | 269.5 | 0.00938508938997984,-0.5302820801734924,0.21640580892562866 | -1.6924952268600464,-0.010485312901437283,-6.8653021116915625e-06 | 0,0
9870 | 329.0000171586871 | 158.58883666992188,187.69757080078125,0.18884940445423126 | -1.6385161876678467,-0.014692201279103756,-0.00015122753393370658 | 269.5 | 0.036556363105773926,-3.21370005607605,0.08207430690526962 | 4.123777866363525,0.03864484652876854,-0.002865694696083665 | 0,0
9880 | 329.33335050940514 | 158.0870361328125,187.6932830810547,0.18647903203964233 | -1.7711955308914185,-0.01572885923087597,0.00019281989079900086 | 269.5 | -0.018114034086465836,2.655174732208252,0.06607051193714142 | -2.7306888103485107,-0.009848707355558872,0.00010698494588723406 | 0,0
9890 | 329.66668386012316 | 157.31423950195312,187.68658447265625,0.17929168045520782 | -2.7170538902282715,-0.024652477353811264,-8.909647294785827e-05 | 269.5 | -0.004045768175274134,0.8788034915924072,0.07877349108457565 | -2.4555084705352783,-0.02028224803507328,-7.265777821885422e-05 | 0,0
9900 | 330.0000172108412 | 156.27157592773438,187.67730712890625,0.1783190816640854 | -3.481306314468384,-0.031712889671325684,-6.35041260466096e-06 | 269.5 | 0.007271482143551111,-0.032883334904909134,0.06123661249876022 | -2.1973369121551514,-0.008942819200456142,0.00020538721582852304 | 0,0
9910 | 330.3333505615592 | 154.98773193359375,187.6656951904297,0.17868614196777344 | -4.177182197570801,-0.03834165632724762,1.556137067382224e-05 | 269.5 | 0.0021754922345280647,-0.1305399388074875,0.040976982563734055 | -1.983733057975769,-0.02444889210164547,-2.1740122974733822e-05 | 0,0
9920 | 330.6666839122772 | 153.4982147216797,187.6522216796875,0.17968390882015228 | -4.674993991851807,-0.042317330837249756,3.447911512921564e-05 | 269.5 | 0.008075851947069168,-0.4947528839111328,0.010559648275375366 | -0.9105777144432068,-0.0026178357657045126,7.952318992465734e-05 | 0,0
9930 | 331.00001726299524 | 151.91915893554688,187.637939453125,0.1820959448814392 | -4.752813816070557,-0.042773425579071045,3.064598422497511e-05 | 269.5 | 0.00493324501439929,-0.6762326955795288,0.00042321046930737793 | 0.16629694402217865,0.0016215069917961955,-1.544692895549815e-05 | 0,0
9940 | 331.33335061371326 | 150.35086059570312,187.6239471435547,0.1837586909532547 | -4.673724174499512,-0.04140757396817207,2.8414758617145708e-06 | 269.5 | 0.004280082881450653,-0.21592919528484344,-0.015504813753068447 | 0.19416330754756927,0.004771649371832609,0.00010240754636470228 | 0,0
9950 | 331.6666839644313 | 148.79917907714844,187.6104278564453,0.18389350175857544 | -4.64927864074707,-0.03904615342617035,8.390935590796289e-07 | 269.5 | 0.0042932601645588875,0.06257432699203491,-0.0534486249089241 | -0.006122588645666838,0.007643624674528837,6.350412149913609e-05 | 0,0
9960 | 332.0000173151493 | 147.2469024658203,187.59774780273438,0.18363434076309204 | -4.664643287658691,-0.0355585440993309,-2.1549446955759777e-06 | 269.6 | 0.0032680367585271597,0.05572633817791939,-0.09895288944244385 | -0.06068229302763939,0.010835676454007626,-1.5446950783370994e-05 | 0,0
9970 | 332.33335066586733 | 145.68856811523438,187.58636474609375,0.18353179097175598 | -4.6830244064331055,-0.030024133622646332,-2.9368272862484446e-06 | 269.6 | 0.00995640642940998,0.007577208336442709,-0.1608227789402008 | -0.04779338464140892,0.026710720732808113,-8.753270230954513e-05 | 0,0
9980 | 332.66668401658535 | 144.12525939941406,187.5768585205078,0.18354232609272003 | -4.69586181640625,-0.02370600216090679,4.576873777750734e-07 | 269.7 | -0.0025099138729274273,-0.0072078341618180275,-0.20177851617336273 | -0.03317355737090111,0.014806407503783703,1.7735384972183965e-05 | 0,0
9990 | 333.00001736730337 | 142.55813598632812,187.56947326660156,0.18356208503246307 | -4.706725120544434,-0.016318513080477715,-6.865310524517554e-07 | 269.8 | -0.004196568857878447,-0.002464460441842675,-0.24071122705936432 | -0.033388134092092514,0.006909537594765425,2.5172801542794332e-05 | 0,0
10000 | 333.3333507180214 | 140.98716735839844,187.56439208984375,0.183562234044075 | -4.7185959815979,-0.009404237382113934,2.288436888875367e-07 | 269.9 | -0.008276375010609627,0.0013529889984056354,-0.245289608836174 | -0.037207599729299545,0.0025804804172366858,-1.9451712432783097e-05 | 0,0
10010 | 333.6666840687394 | 139.41217041015625,187.56158447265625,0.18355804681777954 | -4.7309064865112305,-0.0025326418690383434,1.1442184444376835e-07 | 270.0 | -0.0017546465387567878,0.0005363378440961242,-0.24325992166996002 | -0.036406513303518295,0.025808284059166908,3.2038115023169667e-05 | 0,0
10020 | 334.00001741945744 | 137.83323669433594,187.56089782714844,0.18356101214885712 | -4.742120742797852,0.0029706922359764576,8.772341288931784e-07 | 270.0 | -0.010064668953418732,-0.0012973584234714508,-0.2159518003463745 | -0.03314494714140892,0.0039470866322517395,-5.492248237715103e-05 | 0,0
10030 | 334.33335077017546 | 136.25047302246094,187.56190490722656,0.1835574358701706 | -4.754530429840088,0.007507759146392345,-1.9070306223056832e-07 | 270.1 | -0.008912064135074615,0.0030306251719594,-0.19167296588420868 | -0.04106998071074486,-0.0033840115647763014,5.721091383747989e-06 | 0,0
10040 | 334.6666841208935 | 134.6632080078125,187.56434631347656,0.18354660272598267 | -4.768418788909912,0.011617672629654408,1.1442184444376835e-07 | 270.1 | 0.02260957658290863,0.0016346826450899243,-0.1682649552822113 | -0.0409698449075222,0.04964142665266991,7.437419299094472e-06 | 0,0
10050 | 335.0000174716115 | 133.07139587402344,187.56800842285156,0.18354567885398865 | -4.781603813171387,0.013301522471010685,-2.0977338976990723e-07 | 270.2 | -0.009574958123266697,-0.0016580048250034451,-0.10975821316242218 | -0.036520954221487045,-0.005695726256817579,5.034560672356747e-05 | 0,0
10060 | 335.3333508223295 | 131.4755859375,187.57235717773438,0.18355605006217957 | -4.792625427246094,0.01456921175122261,-7.628123199765469e-08 | 270.2 | -0.008007237687706947,-0.0027781780809164047,-0.06805527210235596 | -0.03218650445342064,0.004262532573193312,5.320615309756249e-05 | 0,0
10070 | 335.66668417304754 | 129.8761444091797,187.57730102539062,0.18356086313724518 | -4.803552627563477,0.01586057059466839,-3.2419524131910293e-07 | 270.2 | -0.0057504321448504925,-0.00037903391057625413,-0.049949511885643005 | -0.03234386071562767,-0.0012467800406739116,4.2908184695988894e-05 | 0,0
10080 | 336.00001752376556 | 128.2731170654297,187.58261108398438,0.18356208503246307 | -4.814123630523682,0.016366155818104744,-1.487483928030997e-06 | 270.2 | -0.004653574898838997,-0.0003377222747076303,-0.027967292815446854 | -0.031785961240530014,-0.0011330655543133616,-0.0001298687857342884 | 0,0
10090 | 336.3333508744836 | 126.66646575927734,187.58798217773438,0.1835595667362213 | -4.825324535369873,0.01652785763144493,2.2693666323903017e-06 | 270.2 | -0.004983864258974791,0.0007318478892557323,-0.012749920599162579 | -0.03301620110869408,-0.006061288993805647,4.405240906635299e-05 | 0,0
10100 | 336.6666842252016 | 125.05608367919922,187.59341430664062,0.18355880677700043 | -4.836392879486084,0.016662925481796265,-2.479139880051662e-07 | 270.2 | -0.0010946040274575353,-5.22511763847433e-05,-0.0063325813971459866 | -0.03291606530547142,-0.0012350453762337565,-5.148982381797396e-06 | 0,0
10110 | 337.0000175759196 | 123.44204711914062,187.59886169433594,0.18355995416641235 | -4.847137928009033,0.016644204035401344,1.2777105666827993e-06 | 270.2 | -0.0002574145619291812,-0.0004997273208573461,-0.0014227452920749784 | -0.03174304589629173,-0.00012176110612927005,1.2586400771397166e-05 | 0,0
10120 | 337.33335092663765 | 121.82447052001953,187.6043243408203,0.18355941772460938 | -4.858152866363525,0.01670791767537594,1.620976036065258e-06 | 270.2 | 9.984101052396e-05,0.0013521395158022642,-0.0009275992633774877 | -0.03536223992705345,0.00038288530777208507,2.86054591924767e-06 | 0,0
10130 | 337.66668427735567 | 120.20307159423828,187.60980224609375,0.1835545301437378 | -4.869978904724121,0.016492659226059914,6.483904826382059e-07 | 270.2 | -3.8165853766258806e-05,0.0008344636298716068,0.005040546413511038 | -0.03554820641875267,0.00030420717666856945,1.1442186860222137e-06 | 0,0
10140 | 338.0000176280737 | 118.5777816772461,187.6153106689453,0.1835537701845169 | -4.881528377532959,0.01585250161588192,-4.157327111897757e-06 | 270.2 | -0.00039954917156137526,-6.003180897096172e-05,0.01640141010284424 | -0.03539085015654564,-0.00016758216952439398,-0.00024429059703834355 | 0,0
10150 | 338.3333509787917 | 116.9484634399414,187.62046813964844,0.18355032801628113 | -4.893793106079102,0.014708421193063259,3.6424287372938124e-06 | 270.2 | -0.0029594535008072853,0.0010304836323484778,0.03167217597365379 | -0.03703593835234642,-0.005888035055249929,0.00014760417980141938 | 0,0
10160 | 338.66668432950974 | 115.3151626586914,187.6251678466797,0.18355002999305725 | -4.90568733215332,0.012932028621435165,-1.7544682577863568e-06 | 270.2 | -0.0038358038291335106,-0.0007137143984436989,0.05157756805419922 | -0.03467559441924095,-0.009232302196323872,-1.4874838598188944e-05 | 0,0
10170 | 339.00001768022776 | 113.6779556274414,187.6293182373047,0.18355247378349304 | -4.917026042938232,0.010823560878634453,-1.2967809652764117e-06 | 270.1 | -0.0008553990628570318,-0.0008813292952254415,0.06702980399131775 | -0.03303050622344017,-0.0036586725618690252,5.721088655263884e-06 | 0,0
10180 | 339.3333510309458 | 112.03707885742188,187.63270568847656,0.18355697393417358 | -4.927525997161865,0.007923820056021214,-9.344450404569216e-07 | 270.1 | -0.005263543222099543,-0.0010683824075385928,0.08702472597360611 | -0.03128528222441673,-0.015474137850105762,-4.004764195997268e-05 | 0,0
10190 | 339.6666843816638 | 110.39271545410156,187.63525390625,0.18355751037597656 | -4.938175201416016,0.005166778340935707,-1.6781871181592578e-06 | 270.1 | 0.0018463723827153444,0.0002829867007676512,0.0939667820930481 | -0.032057758420705795,-0.006192465778440237,-1.9451712432783097e-05 | 0,0
10200 | 340.0000177323818 | 108.74474334716797,187.63673400878906,0.1835564374923706 | -4.948967933654785,0.001852954039350152,-2.0786635559488786e-06 | 270.0 | 0.002239561639726162,-9.058804425876588e-05,0.10485903918743134 | -0.03147124871611595,-0.002339018741622567,-3.489866139716469e-05 | 0,0
10210 | 340.33335108309984 | 107.0932388305664,187.63720703125,0.18355734646320343 | -4.9594502449035645,-0.0010223806602880359,-1.94517133422778e-06 | 270.0 | 0.0037901902105659246,-0.0004953512689098716,0.10114336758852005 | -0.030870435759425163,-0.005387387704104185,-4.004763013654156e-06 | 0,0
10220 | 340.66668443381786 | 105.43827056884766,187.6366424560547,0.1835586577653885 | -4.969709873199463,-0.004111287649720907,-9.7258566711389e-07 | 270.0 | 0.003961283713579178,-0.0005623956094495952,0.10112260282039642 | -0.029854772612452507,-0.0004122079990338534,-7.437419299094472e-06 | 0,0
10230 | 341.0000177845359 | 103.77994537353516,187.63519287109375,0.18356002867221832 | -4.979766368865967,-0.006490906700491905,1.620976036065258e-06 | 269.9 | 0.004859643056988716,-1.9800359950750135e-05,0.08755234628915787 | -0.03067016415297985,-0.003243852173909545,-2.7461243007564917e-05 | 0,0
10240 | 341.3333511352539 | 102.11823272705078,187.6328887939453,0.18355979025363922 | -4.989870071411133,-0.008881156332790852,-4.767576911035576e-07 | 269.9 | -0.0037572341971099377,-0.00034182838862761855,0.08302032947540283 | -0.02929687313735485,-0.015262327156960964,-1.258640259038657e-05 | 0,0
10250 | 341.6666844859719 | 100.4532470703125,187.6299591064453,0.18356262147426605 | -4.99944543838501,-0.0103213582187891,-3.241952072130516e-06 | 269.9 | 0.0034828835632652044,-0.00036545193870551884,0.0644330158829689 | -0.02883910946547985,0.0008466559811495245,-0.00020195453544147313 | 0,0
10260 | 342.00001783668995 | 98.78596496582031,187.6266326904297,0.1838005781173706 | -5.00088357925415,-0.01004831027239561,-0.007670716382563114 | 269.9 | 0.0007284453022293746,-0.012402556836605072,0.02064799889922142 | -0.07494448870420456,-3.755092257051729e-05,0.10913155972957611 | 0,0
16200 | 540.0000281631947 | 169.2252960205078,187.6604766845703,0.177489772439003 | -3.1523468494415283,-0.06167406961321831,5.450293610920198e-05 | 268.9 | 0.010652072727680206,-0.35394957661628723,-0.00929960422217846 | -2.2643206119537354,-0.03845616802573204,2.574477366579231e-05 | 0,0
16210 | 540.3333615139127 | 168.33474731445312,187.64315795898438,0.1876135915517807 | -1.7821146249771118,-0.033968668431043625,-6.359947292366996e-05 | 268.9 | 0.07114717364311218,-4.0522332191467285,-0.020526859909296036 | 6.44178581237793,0.1183636412024498,-0.0030258854385465384 | 0,0
16220 | 540.6666948646307 | 167.776611328125,187.63259887695312,0.18648231029510498 | -1.7775226831436157,-0.032714031636714935,0.0001953371538547799 | 268.9 | -0.04626599699258804,2.6593708992004395,-0.04964136704802513 | -2.732555627822876,-0.045750491321086884,5.263398270471953e-05 | 0,0
16230 | 541.0000282153487 | 167.0925750732422,187.6200714111328,0.1796436309814453 | -2.6393818855285645,-0.04589677229523659,-8.589266508352011e-05 | 269.0 | -0.0027081381995230913,1.0809686183929443,-0.12099809944629669 | -2.500047445297241,-0.022123752161860466,-0.0003381165734026581 | 0,0
16240 | 541.3333615660667 | 166.14605712890625,187.6037139892578,0.18170271813869476 | -2.490415334701538,-0.03916686773300171,0.00013393076369538903 | 269.1 | 0.05340723320841789,-3.441361904144287,-0.16653038561344147 | 5.97310733795166,0.11078561842441559,0.0009079370647668839 | 0,0
16250 | 541.6666949167848 | 165.4949951171875,187.59353637695312,0.18687446415424347 | -2.0055835247039795,-0.028300590813159943,3.2476731576025486e-05 | 269.2 | -0.022269098088145256,1.4614721536636353,-0.17263486981391907 | -1.7753325700759888,-0.02011706866323948,0.0008450052118860185 | 0,0
16260 | 542.0000282675028 | 164.68020629882812,187.58204650878906,0.18067482113838196 | -2.80039644241333,-0.034438248723745346,-5.301545388647355e-05 | 269.3 | -0.007427534554153681,1.11604642868042,-0.28453293442726135 | -2.3209617137908936,-0.012825875543057919,-0.00035756826400756836 | 0,0
16270 | 542.3333616182208 | 163.7732696533203,187.5709991455078,0.18499335646629333 | -2.0652389526367188,-0.01950276829302311,4.834323044633493e-05 | 269.5 | 0.016730226576328278,-3.718590497970581,-0.25907185673713684 | 5.911266326904297,0.0741475373506546,-0.0010664116125553846 | 0,0
16280 | 542.6666949689388 | 163.12969970703125,187.56451416015625,0.18561798334121704 | -2.150979995727539,-0.016583077609539032,7.353510591201484e-05 | 269.6 | 0.007125575095415115,1.9964052438735962,-0.2970602214336395 | -2.52746319770813,0.017757227644324303,0.0002757567272055894 | 0,0
16290 | 543.0000283196568 | 162.26547241210938,187.55740356445312,0.1799784004688263 | -2.945631742477417,-0.016220351681113243,-6.342784035950899e-05 | 269.7 | 0.034180037677288055,0.8306307792663574,-0.42898887395858765 | -2.2946975231170654,0.051168832927942276,-0.00011384970275685191 | 0,0
16300 | 543.3333616703749 | 161.15184020996094,187.55084228515625,0.17871223390102386 | -3.683311700820923,-0.011670265346765518,-1.4779488083149772e-05 | 269.8 | 0.015620955266058445,0.06890540570020676,-0.510583758354187 | -2.145859956741333,0.0266712699085474,0.00013730624050367624 | 0,0
16310 | 543.6666950210929 | 159.80555725097656,187.54632568359375,0.17895591259002686 | -4.3329877853393555,-0.003628718201071024,1.5275316400220618e-05 | 270.0 | -0.01522031333297491,-0.22487366199493408,-0.5290359258651733 | -1.6074942350387573,-0.009820041246712208,0.00010183545236941427 | 0,0
16320 | 544.0000283718109 | 158.30067443847656,187.54534912109375,0.1807696521282196 | -4.62146520614624,0.007143645081669092,4.3613792513497174e-05 | 270.1 | -0.026407741010189056,-0.6692228317260742,-0.47107258439064026 | -0.31644341349601746,-0.01382689829915762,-5.148976470081834e-06 | 0,0
16330 | 544.3333617225289 | 156.75906372070312,187.5480194091797,0.18293356895446777 | -4.621008396148682,0.01725420169532299,8.61977878230391e-06 | 270.2 | 0.006147356703877449,-0.4281715452671051,-0.4005833566188812 | 0.1256847232580185,0.05618001148104668,-0.00019222867558710277 | 0,0
16340 | 544.666695073247 | 155.2260284423828,187.55335998535156,0.18373389542102814 | -4.589279651641846,0.02366853505373001,-1.4684136431242223e-06 | 270.3 | 0.004386573098599911,-0.06391812860965729,-0.32533392310142517 | 0.04541873559355736,0.025948582217097282,2.1168038074392825e-05 | 0,0
16350 | 545.000028423965 | 153.69659423828125,187.56057739257812,0.1836947649717331 | -4.591749668121338,0.026528751477599144,-4.595944119500928e-06 | 270.3 | 0.007273745723068714,0.04147256538271904,-0.21435949206352234 | -0.03848075494170189,0.02136625163257122,-0.00013101300282869488 | 0,0
16360 | 545.333361774683 | 152.16311645507812,187.56907653808594,0.18356917798519135 | -4.607978820800781,0.02758457511663437,-1.411202788403898e-06 | 270.3 | -0.016119584441184998,0.020632652565836906,-0.11274997889995575 | -0.04896640405058861,-0.002724006539210677,-1.144218367699068e-05 | 0,0
16370 | 545.666695125401 | 150.62457275390625,187.57815551757812,0.1835453063249588 | -4.621618270874023,0.02862492762506008,-5.721092293242691e-07 | 270.4 | -0.009299692697823048,-0.0024088199716061354,-0.06554725766181946 | -0.03500461205840111,-0.009666959755122662,-1.2014293133688625e-05 | 0,0
16380 | 546.000028476119 | 149.08216857910156,187.58753967285156,0.1835607886314392 | -4.632195949554443,0.02889571338891983,7.246716791087238e-07 | 270.4 | 0.00183464540168643,-0.003965273499488831,-0.0333138033747673 | -0.030684469267725945,0.0064237224869430065,3.089389792876318e-05 | 0,0
16390 | 546.3333618268371 | 147.536376953125,187.59698486328125,0.18356949090957642 | -4.6421661376953125,0.028616156429052353,-2.6698430133365036e-07 | 270.4 | -0.001182446489110589,-0.000929072208236903,-0.009338903240859509 | -0.030655859038233757,-0.0023052466567605734,-1.6019057511584833e-05 | 0,0
16400 | 546.6666951775551 | 145.9872283935547,187.60633850097656,0.18357062339782715 | -4.652242660522461,0.028664248064160347,-7.628122489222733e-07 | 270.4 | 0.0007821951294317842,0.00017256416322197765,-0.0038387023378163576 | -0.0307846050709486,0.0007355957641266286,1.1442185495980084e-05 | 0,0
16410 | 547.0000285282731 | 144.4346466064453,187.61569213867188,0.18356849253177643 | -4.662713527679443,0.028582165017724037,-1.029796635521052e-06 | 270.4 | -0.0006089709349907935,0.00041112746112048626,0.002132813213393092 | -0.03108501248061657,-0.0002880021638702601,-3.4326562854403164e-06 | 0,0
16420 | 547.3333618789911 | 142.87864685058594,187.6250762939453,0.18356910347938538 | -4.67280912399292,0.027466148138046265,-1.3158512501831865e-06 | 270.3 | -0.004006568808108568,0.0001337756693828851,0.02691682055592537 | -0.03161429986357689,-0.00474560959264636,-2.116803989338223e-05 | 0,0
16430 | 547.6666952297091 | 141.31898498535156,187.63514709472656,0.18356604874134064 | -4.684716701507568,0.044876255095005035,-2.421929139018175e-06 | 270.5 | 0.2201489508152008,0.0020628678612411022,-0.4471478760242462 | -0.03747939690947533,0.2128009796142578,5.148983291292097e-06 | 0,0
16440 | 548.0000285804272 | 139.75941467285156,187.69395446777344,0.18381094932556152 | -4.661195755004883,0.4511534869670868,-0.00012260301446076483 | 275.5 | 1.009413719177246,-0.0822458565235138,-9.74563980102539 | -0.08844851702451706,0.0980597659945488,-0.0006178782787173986 | 0,0
16450 | 548.3333619311452 | 138.26075744628906,187.9940185546875,0.1852291077375412 | -4.231823921203613,1.7959831953048706,-0.0008092103525996208 | 293.0 | 3.6709139347076416,-1.1363401412963867,-34.10419464111328 | 2.97748064994812,5.8031840324401855,-0.00251670996658504 | 0,0
16460 | 548.6666952818632 | 136.86752319335938,188.60499572753906,0.18495361506938934 | -3.9512672424316406,2.556030750274658,0.0003596660098992288 | 302.9 | 0.5070227384567261,-0.18154047429561615,-31.84305763244629 | 2.5855777263641357,3.8485476970672607,-0.0036941086873412132 | 0,0
16470 | 549.0000286325812 | 135.58624267578125,189.4696807861328,0.18513648211956024 | -3.426339626312256,3.2713003158569336,-7.244809967232868e-05 | 313.7 | -0.21915951371192932,0.05535374581813812,-33.044830322265625 | 1.3136600255966187,1.6416047811508179,0.0008352792938239872 | 0,0
16480 | 549.3333619832993 | 134.48388671875,190.5625762939453,0.1850796490907669 | -2.8722591400146484,3.7975149154663086,0.00016860058531165123 | 322.9 | -0.6343553066253662,0.6704061031341553,-29.543718338012695 | 1.354451060295105,1.2127803564071655,0.0015630022389814258 | 0,0
16490 | 549.6666953340173 | 133.57359313964844,191.8300018310547,0.18508872389793396 | -2.1581451892852783,4.241944313049316,-1.94517142517725e-05 | 333.0 | 0.2717699706554413,-0.40308135747909546,-29.988622665405273 | 3.0284998416900635,1.4433001279830933,-0.0010652673663571477 | 0,0
16500 | 550.0000286847353 | 132.88140869140625,193.2333221435547,0.18497855961322784 | -1.4942501783370972,4.533220291137695,3.2667434425093234e-05 | 341.8 | -0.11366474628448486,0.3130069673061371,-28.021804809570312 | 2.0169637203216553,0.7562827467918396,0.0007546119159087539 | 0,0
16510 | 550.3333620354533 | 132.42434692382812,194.7339630126953,0.18493430316448212 | -0.7379692792892456,4.723697185516357,-3.079854650422931e-05 | 351.1 | -0.030394280329346657,0.1345321536064148,-28.12932586669922 | 1.3609992265701294,0.38535115122795105,-0.0005463642883114517 | 0,0
16520 | 550.6666953861713 | 132.1815185546875,196.29689025878906,0.18445663154125214 | -0.2934146523475647,4.812909126281738,0.0002511368948034942 | 356.5 | -0.19221651554107666,1.8087137937545776,-20.545873641967773 | 0.32444533705711365,0.1721334308385849,0.0014228362124413252 | 0,0
16530 | 551.0000287368894 | 132.04820251464844,197.892822265625,0.18401984870433807 | -0.12542420625686646,4.823795795440674,4.4204974983586e-05 | 358.5 | -0.003075383370742202,0.3547463119029999,-12.49502944946289 | 0.8449932336807251,0.018010137602686882,-0.0007025499944575131 | 0,0
16540 | 551.3333620876074 | 131.9931640625,199.49755859375,0.18382437527179718 | 0.009636339731514454,4.829603672027588,1.1079849173256662e-05 | 0.1 | 0.02194804698228836,0.1820535510778427,-7.975566387176514 | 0.5408854484558105,0.013275145553052425,-0.00011442184040788561 | 0,0
16550 | 551.6666954383254 | 131.98086547851562,201.10757446289062,0.18366889655590057 | 0.04474655166268349,4.838821887969971,3.89034266845556e-06 | 0.5 | 0.018060805276036263,0.3402060270309448,-4.111361026763916 | -0.29053083062171936,0.04337310418486595,-0.0001052680891007185 | 0,0
16560 | 552.0000287890434 | 131.9916534423828,202.7222442626953,0.18359191715717316 | 0.08220543712377548,4.851326942443848,-4.081045972270658e-06 | 1.0 | 0.011112389154732227,0.14346779882907867,-2.4072961807250977 | 0.07534994930028915,0.04054069146513939,-6.0071470215916634e-05 | 0,0
16570 | 552.3333621397614 | 132.0167236328125,204.34136962890625,0.1835634559392929 | 0.10223119705915451,4.863763332366943,6.865310524517554e-07 | 1.2 | 0.002786635421216488,0.14142915606498718,-1.350102424621582 | -0.09795359522104263,0.03839492425322533,-5.091772254672833e-05 | 0,0
16580 | 552.6666954904795 | 132.04806518554688,205.96450805664062,0.18356071412563324 | 0.11027386784553528,4.8747076988220215,-2.7270539249002468e-06 | 1.3 | -0.0022498092148452997,-0.010088171809911728,-0.7366052865982056 | 0.05690149590373039,0.030341146513819695,-7.380208990070969e-05 | 0,0
16590 | 553.0000288411975 | 132.08328247070312,207.5911865234375,0.1835639923810959 | 0.11508785933256149,4.884997844696045,1.2586402817760245e-06 | 1.3 | -0.0006483990582637489,-0.004713286645710468,-0.41843554377555847 | 0.044824402779340744,0.030713079497218132,6.75088886055164e-05 | 0,0
16600 | 553.3333621919155 | 132.12171936035156,209.22132873535156,0.18356452882289886 | 0.12446125596761703,4.895444393157959,1.5828354662517086e-06 | 1.5 | 0.00025479408213868737,-0.008735626935958862,-0.3712840676307678 | 0.03277502581477165,0.03195762261748314,6.293200385698583e-06 | 0,0
16610 | 553.6666955426335 | 132.16207885742188,210.8550567626953,0.1835588812828064 | 0.12092506140470505,4.906424522399902,-8.772341288931784e-07 | 1.4 | 0.0014099786058068275,0.05449893698096275,-0.05146912857890129 | -0.03929167613387108,0.033159252256155014,-2.6889130822382867e-05 | 0,0
16620 | 554.0000288933516 | 132.19937133789062,212.49249267578125,0.18355125188827515 | 0.09693892300128937,4.917628288269043,-3.432655262258777e-07 | 1.1 | 0.0016709514893591404,0.08765457570552826,0.5047851204872131 | -0.12464939802885056,0.03394603356719017,-4.1191859054379165e-05 | 0,0
16630 | 554.3333622440696 | 132.22825622558594,214.1336212158203,0.1835469752550125 | 0.06161116808652878,4.928521633148193,5.721092293242691e-07 | 0.7 | 0.00025426162756048143,0.0326371043920517,0.9530798196792603 | -0.07292478531599045,0.03254413232207298,4.061975050717592e-05 | 0,0
16640 | 554.6666955947876 | 132.24554443359375,215.77841186523438,0.18354476988315582 | 0.022749366238713264,4.939277648925781,-5.7210922221884175e-08 | 0.3 | -0.00021930152433924377,-0.04252714291214943,1.1735703945159912 | -0.026574766263365746,0.03244399651885033,1.544694896438159e-05 | 0,0
16650 | 555.0000289455056 | 132.25149536132812,217.4190216064453,0.18401145935058594 | -0.01503734104335308,4.771450519561768,-1.5828354662517086e-06 | 359.8 | -0.9643959999084473,0.03213447704911232,1.2828761339187622 | -0.04588538408279419,-3.0608222484588623,-1.2586400771397166e-05 | 1,3
16660 | 555.3333622962236 | 132.24740600585938,218.62612915039062,0.19429275393486023 | -0.019883090630173683,2.4258973598480225,-0.0004958661156706512 | 359.5 | -2.9414491653442383,-0.20485208928585052,0.5587275624275208 | 0.15211203694343567,-8.400814056396484,-0.0018902482697740197 | 1,3
16670 | 555.6666956469417 | 132.24551391601562,218.9046630859375,0.20035888254642487 | 0.0002594605612102896,-0.011174040846526623,4.1763971239561215e-05 | 0 | 2.474928140640259,0.005225915461778641,0.0009975958382710814 | 0.010507727973163128,-0.14558939635753632,0.01210983470082283 | 1,3
16680 | 556.0000289976597 | 132.24554443359375,218.91197204589844,0.18882453441619873 | 9.616009629098698e-05,-0.011362736113369465,0.00046893887338228524 | 0 | 2.2902894020080566,0.019567450508475304,5.764511661254801e-05 | -0.0005343251395970583,0.03670977056026459,-0.0032009498681873083 | 1,3
16690 | 556.3333623483777 | 132.24549865722656,218.91464233398438,0.18447433412075043 | 2.6891826564678922e-05,-0.002482358831912279,-2.4619765099487267e-05 | 0 | 0.4825190603733063,0.005363957956433296,-3.376651511644013e-05 | -0.00011140694550704211,0.015355135314166546,-0.0003627171681728214 | 1,3
16700 | 556.6666956990957 | 132.24549865722656,218.91506958007812,0.18377463519573212 | 6.395388027158333e-06,-0.00022769987117499113,-1.9909401089535095e-05 | 0 | 0.04401424527168274,0.001359025132842362,-2.7267685709375655e-06 | -3.249755172873847e-05,0.002375375246629119,5.721090565202758e-05 | 1,3
16710 | 557.0000290498137 | 132.2454833984375,218.91510009765625,0.18375732004642487 | 1.930401822392014e-06,-6.032413239154266e-06,-6.293201295193285e-06 | 0 | 0.0011653652181848884,0.00042974663665518165,-1.1684463885330842e-07 | -1.582402728672605e-05,3.7479097954928875e-05,2.1168041712371632e-05 | 1,3
16720 | 557.3333624005318 | 132.2454833984375,218.91510009765625,0.18375518918037415 | 4.781430220646143e-07,-9.618361218599603e-07,-1.620976036065258e-06 | 0 | 0.00018565170466899872,0.00010855365690076724,-3.2870087096625866e-08 | -1.1726125194400083e-05,-1.081886466636206e-06,6.865312570880633e-06 | 1,3
16730 | 557.6666957512498 | 132.2454833984375,218.91510009765625,0.1837541162967682 | 2.2113013642410806e-07,-1.842760894987805e-07,-1.8307495111002936e-06 | 0 | 3.5605004086392e-05,4.697221447713673e-05,3.306685814052912e-09 | -2.404945462330943e-06,-1.440537630514882e-06,-6.29320402367739e-06 | 1,3
16740 | 558.0000291019678 | 132.2454833984375,218.91510009765625,0.1837541162967682 | 7.182919148362998e-08,-3.4820164529492104e-08,-1.9070306223056832e-07 | 0 | 6.711124569847016e-06,1.4893480511091184e-05,1.2818823780236244e-09 | 1.467387050979596e-06,-6.842579409749305e-07,-4.0047639231488574e-06 | 1,3
16750 | 558.3333624526858 | 132.2454833984375,218.91510009765625,0.1837541162967682 | -6.314795353290492e-09,-5.0314472588297576e-08,-1.620976036065258e-06 | 0 | 9.714470252220053e-06,-1.4679582136523095e-06,-9.418468227551102e-10 | 1.516781651389465e-07,-2.339577918064606e-07,-4.5768715608573984e-06 | 1,3
16760 | 558.6666958034039 | 132.2454833984375,218.91510009765625,0.1837541162967682 | -9.748276852405979e-08,8.999354150773797e-09,-1.6400463209720328e-06 | 0 | -1.7018512608046876e-06,-1.813226299418602e-05,-1.064031707187496e-08 | 2.1389288917816884e-07,-1.1699094137895827e-08,-5.148980108060641e-06 | 1,3
16770 | 559.0000291541219 | 132.2454833984375,218.91510009765625,0.1837541162967682 | 2.243732488693695e-08,-4.30191082756437e-09,-1.0107263506142772e-06 | 0 | 8.289251809401321e-07,4.884138888883172e-06,-9.735835401758486e-12 | 4.095875283383066e-08,8.390953709636051e-09,-4.576874744088855e-06 | 1,3
16780 | 559.3333625048399 | 132.2454833984375,218.91510009765625,0.1837541162967682 | -2.355002415299623e-08,-5.870440134003729e-09,-5.911795142310439e-07 | 0 | 1.1355364222254138e-06,-5.031021373724798e-06,-4.764701966308849e-10 | -2.4013596089389466e-07,-6.191046980630333e-11,-4.576873379846802e-06 | 1,3
16790 | 559.6666958555579 | 132.2454833984375,218.91510009765625,0.1837541162967682 | 1.6559432935991936e-08,4.3229866908411907e-10,-2.288436888875367e-07 | 0 | -8.440483867389048e-08,3.458267656242242e-06,4.985645229993452e-10 | 3.207274801297899e-07,8.607905499502522e-09,-4.576873379846802e-06 | 1,3
16800 | 560.0000292062759 | 132.2454833984375,218.91510009765625,0.1837541162967682 | 4.447559209808105e-09,2.9288911296276865e-09,-1.7735386563799693e-06 | 0 | -5.660783699568128e-07,1.0136284345207969e-06,-1.75746014963174e-11 | -1.3530396358873986e-07,4.1178322973678405e-09,-4.576878382067662e-06 | 1,3
16810 | 560.333362556994 | 132.2454833984375,218.91510009765625,0.1837541162967682 | -2.8277218788730352e-08,-2.6672051234299943e-09,-1.353991819996736e-06 | 0 | 5.178878268452536e-07,-6.205346380738774e-06,8.889275600332258e-12 | 4.156941102451128e-08,8.391946693109276e-09,-4.5768715608573984e-06 | 1,3
16820 | 560.666695907712 | 132.2454833984375,218.91510009765625,0.1837541162967682 | 1.8291506975742777e-08,-2.6329862734542075e-09,-1.0107263506142772e-06 | 0 | 5.069952635494701e-07,3.977979758928996e-06,2.2130653212770746e-11 | 4.149581656065493e-08,8.391853434375207e-09,-4.576874744088855e-06 | 1,3
16830 | 561.00002925843 | 132.2454833984375,218.91510009765625,0.1837541162967682 | -2.891058059617535e-08,-1.9768497949712582e-09,-5.911795142310439e-07 | 0 | 3.833704056432907e-07,-6.243254574656021e-06,-3.185988417531149e-10 | -1.4735535103227448e-07,-5.874211339573776e-08,-4.576873379846802e-06 | 1,3
16840 | 561.333362609148 | 132.2454833984375,218.91510009765625,0.1837541162967682 | 5.75548941839088e-09,-1.2510329439052725e-09,-2.479139880051662e-07 | 0 | 2.408892498806381e-07,1.2017976587230805e-06,1.2415758698924861e-10 | 1.1148049594567055e-07,-2.4995404857008907e-08,-4.576873379846802e-06 | 1,3
16850 | 561.666695959866 | 132.2454833984375,218.91510009765625,0.1837541162967682 | 1.1254295273488424e-08,-1.525553239289934e-09,-1.7735386563799693e-06 | 0 | 2.9321313377295155e-07,2.5845627078524558e-06,-3.7029551647194126e-10 | -2.1317565312983788e-07,5.606181838202495e-11,-4.576878382067662e-06 | 1,3
16860 | 562.0000293105841 | 132.2454833984375,218.91510009765625,0.1837541162967682 | -2.2373805919073675e-08,-2.804273702139426e-09,-1.353991819996736e-06 | 0 | 5.434446279650729e-07,-4.949160029354971e-06,8.71905256327743e-11 | 1.1479056638563634e-07,-2.5056575481130494e-08,-4.5768715608573984e-06 | 1,3
16870 | 562.3333626613021 | 132.2454833984375,218.91510009765625,0.1837541162967682 | 1.5988804946687196e-08,-1.5200215530697392e-09,-1.0107263506142772e-06 | 0 | 2.922658381976362e-07,3.4746706205623923e-06,4.3316187442465903e-11 | 4.1508180004257156e-08,8.391453754086342e-09,-4.576874744088855e-06 | 1,3
16880 | 562.6666960120201 | 132.2454833984375,218.91510009765625,0.1837541162967682 | -2.7527208956712457e-08,-2.9511761923117774e-09,-5.911795142310439e-07 | 0 | 5.714122153221979e-07,-5.941576091572642e-06,-3.389318825597343e-10 | -1.516666685574819e-07,-5.8631975718981266e-08,-4.576873379846802e-06 | 1,3
16890 | 563.0000293627381 | 132.2454833984375,218.91510009765625,0.1837541162967682 | 1.4520530555728328e-08,9.900739117441049e-10,-2.479139880051662e-07 | 0 | -1.916053946615648e-07,3.0617275115218945e-06,3.661960457090885e-10 | 2.5956038030017226e-07,2.534116028130029e-08,-5.148982381797396e-06 | 1,3
16900 | 563.3333627134562 | 132.2454833984375,218.91510009765625,0.1837541162967682 | 6.64842270126087e-09,1.5360167582301187e-09,-1.7735386563799693e-06 | 0 | -2.9762915687570057e-07,1.5781191677888273e-06,-3.110801616301728e-10 | -2.1241834247121005e-07,5.663802413180541e-11,-4.576878382067662e-06 | 1,3
16910 | 563.6666960641742 | 132.2454833984375,218.91510009765625,0.1837541162967682 | -3.000297255084661e-08,-4.4817829447652e-09,-1.353991819996736e-06 | 0 | 8.681043937031063e-07,-6.613784535147715e-06,5.3193210253210665e-11 | 7.977671145908971e-08,-8.362016856722221e-09,-4.5768715608573984e-06 | 1,3
16920 | 564.0000294148922 | 132.2454833984375,218.91510009765625,0.1837541162967682 | 3.536890602617859e-08,4.0673096002308284e-09,-1.0488669204278267e-06 | 0 | -7.88570218901441e-07,7.713718332524877e-06,1.57984431092828e-10 | 4.14816945237817e-08,8.389221761717636e-09,-4.576873379846802e-06 | 1,3
16930 | 564.3333627656102 | 132.2454833984375,218.91510009765625,0.1837541162967682 | -2.607838744950186e-08,-1.8316048677746721e-09,-5.911795142310439e-07 | 0 | 3.55766559323456e-07,-5.582372523349477e-06,-3.960420880133597e-10 | -2.3527327641659213e-07,-1.7267852425728591e-10,-4.576873379846802e-06 | 1,3
16940 | 564.6666961163282 | 132.2454833984375,218.91510009765625,0.1837541162967682 | 2.1202399835829056e-08,2.665333953544291e-09,-2.6698430133365036e-07 | 0 | -5.160334808351763e-07,4.467643066163873e-06,5.473981268266925e-10 | 3.5276642051940144e-07,5.03140995533613e-08,-5.148982381797396e-06 | 0,0
16950 | 565.0000294670463 | 132.24549865722656,218.9145050048828,0.18376585841178894 | 0.0003100433968938887,0.0009853282244876027,-1.2967809652764117e-06 | 0 | 0.028368216007947922,-0.011866150423884392,-0.004889026749879122 | -0.0015021269209682941,0.19016194343566895,1.1442169807196478e-06 | 0,0
16960 | 565.3333628177643 | 132.24468994140625,218.9749755859375,0.181538388133049 | -0.003581233788281679,0.5226945877075195,-3.190462302882224e-05 | 0 | 1.2627601623535156,0.02017156593501568,-0.66119384765625 | -0.027888936921954155,2.475496292114258,-0.0003295348724350333 | 0,0
16970 | 565.6666961684823 | 132.24221801757812,219.39561462402344,0.17628775537014008 | -0.0161355622112751,1.8547288179397583,-0.00014508688764180988 | 359.5 | 0.5970112681388855,0.014136598445475101,0.34453320503234863 | -0.03240977227687836,3.0828092098236084,0.0006361859850585461 | 0,0
16980 | 566.0000295192003 | 132.23641967773438,220.16790771484375,0.17696593701839447 | -0.028641991317272186,2.7075917720794678,6.922521424712613e-05 | 359.4 | -0.4324973225593567,0.037507884204387665,0.47544729709625244 | -0.06616489589214325,2.349879503250122,0.00013558992941398174 | 0,0
16990 | 566.3333628699183 | 132.2269744873047,221.20169067382812,0.1781655102968216 | -0.03842227905988693,3.4561643600463867,3.024550824193284e-05 | 359.4 | -0.21608398854732513,-0.007469862699508667,0.41413405537605286 | -0.03135233744978905,2.177259683609009,-0.0001270081993425265 | 0,0
17000 | 566.6666962206364 | 132.2135772705078,222.4765625,0.1787223070859909 | -0.05010271444916725,4.150744438171387,9.420731657883152e-06 | 359.3 | -0.12620356678962708,0.0036652234848588705,0.34890806674957275 | -0.040979232639074326,1.9881962537765503,-7.09415617166087e-05 | 0,0
17010 | 567.0000295713544 | 132.19656372070312,223.96595764160156,0.17940467596054077 | -0.05750894546508789,4.715126991271973,2.029080678767059e-05 | 359.3 | -0.34763044118881226,-0.025583725422620773,0.20772942900657654 | 0.03235168382525444,1.2214421033859253,3.947554068872705e-05 | 0,0
17020 | 567.3333629220724 | 132.17727661132812,225.5766143798828,0.18150649964809418 | -0.06048717349767685,4.8853654861450195,3.554705108399503e-05 | 359.3 | -0.6854065656661987,-0.0069711715914309025,0.1024433821439743 | -0.01640293560922146,0.00985622312873602,-6.865312752779573e-05 | 0,0
