Simulation Frame | Timestamp | Position | Velocity | Heading | Angular Velocity | Acceleration | Stopped at Red Light + Light ID 
3660 | 122.00000636279583 | 98.14537048339844,191.60211181640625,0.21342910826206207 | 2.6497411727905273,-0.01168858166784048,6.321806722553447e-05 | 90.3 | 0.002666523912921548,1.935431718826294,-0.015398852527141571 | -4.718391418457031,0.021646765992045403,0.0006825263262726367 | 0,0
3670 | 122.33333971351385 | 98.84056091308594,191.59906005859375,0.2168385237455368 | 2.060856819152832,-0.009096420370042324,7.170435765146976e-06 | 90.3 | -0.004994647577404976,-1.0062135457992554,0.00864188838750124 | 1.5522335767745972,-0.007571959402412176,6.922521424712613e-05 | 0,0
3680 | 122.66667306423187 | 99.60057067871094,191.59573364257812,0.21477168798446655 | 2.0104269981384277,-0.008740727789700031,1.270082520932192e-05 | 90.2 | 0.005593625362962484,1.4272196292877197,-0.009217135608196259 | -4.813870906829834,0.02219284698367119,0.00043709142482839525 | 0,0
3690 | 123.0000064149499 | 99.80178833007812,191.59487915039062,0.22205913066864014 | -0.004532593302428722,0.00010344598558731377,-2.2655523935100064e-05 | 0 | -0.012476213276386261,-1.2201393842697144,0.0002809247234836221 | -0.06185440346598625,-0.001236035954207182,0.002408007625490427 | 0,0
3700 | 123.33333976566792 | 99.80494689941406,191.59487915039062,0.2166360467672348 | -0.0036980812437832355,-8.241613249992952e-05,4.5864086132496595e-05 | 0 | 0.00529588432982564,-0.9411011934280396,0.00011156829714309424 | 0.014880908653140068,7.494752208003774e-05,-0.0004130628949496895 | 0,0
3710 | 123.66667311638594 | 99.80589294433594,191.5948944091797,0.21498282253742218 | -0.00027403232525102794,6.924754529791244e-07,-4.2145379666180816e-06 | 0 | -0.0001388725795550272,-0.06822998076677322,-6.559201665368164e-06 | -0.008220969699323177,2.0774261429323815e-05,-0.00012643613445106894 | 0,0
3720 | 124.00000646710396 | 99.8060302734375,191.5948944091797,0.21467910706996918 | -0.00020921356917824596,-2.2755605755264696e-07,-4.939209702570224e-06 | 0 | 0.00012486494961194694,-0.05208178609609604,4.368906729723676e-07 | 0.0008843195391818881,1.679780098129413e-06,5.835513729834929e-05 | 0,0
3730 | 124.33333981782198 | 99.80611419677734,191.5948944091797,0.21460247039794922 | -6.310741446213797e-05,-1.4402834835891554e-07,-1.8498197960070684e-06 | 0 | 5.5621163483010605e-05,-0.015694163739681244,8.51061443540857e-08 | 0.00020218524150550365,-4.6469003791571595e-06,1.1442169807196478e-06 | 0,0
3740 | 124.66667316854 | 99.8061294555664,191.5948944091797,0.21457664668560028 | -1.764592707331758e-05,-6.106766647917539e-08,-1.7735386563799693e-06 | 0 | 2.1354651835281402e-05,-0.004385866690427065,-8.926822614441221e-10 | 2.7954518373007886e-05,-3.112714068720379e-07,-3.4326552849961445e-05 | 0,0
3750 | 125.00000651925802 | 99.80613708496094,191.5948944091797,0.21456904709339142 | -4.228766556479968e-06,-1.1609315286875699e-08,2.421929139018175e-06 | 0 | 4.202288437227253e-06,-0.001050440245307982,-1.8980793825562614e-08 | -1.0832080988620874e-05,-3.0754287649870093e-07,4.4624517613556236e-05 | 0,0
3760 | 125.33333986997604 | 99.80613708496094,191.5948944091797,0.2145652025938034 | -6.985600293774041e-07,2.094612661096562e-08,-3.756850446734461e-06 | 0 | -1.83290478616982e-06,-0.0001729523646645248,-2.7211342512600822e-08 | -2.0956798834959045e-05,6.283837592491182e-07,-0.00011270550749031827 | 0,0
3770 | 125.66667322069407 | 99.80613708496094,191.5948944091797,0.2145652025938034 | -5.565785841099569e-07,1.0810813222406068e-07,-1.0679372053346015e-06 | 0 | -2.8192647732794285e-05,-0.00013821895117871463,-6.930815033001636e-08 | -3.571670674773486e-07,-2.4081833771560923e-07,2.460069299559109e-05 | 0,0
3780 | 126.00000657141209 | 99.80613708496094,191.5948944091797,0.2145652025938034 | -1.2589543985086493e-07,2.4000355480779945e-08,2.2884369172970764e-06 | 0 | -3.467277792879031e-06,-3.150689371977933e-05,-3.0323441535529128e-09 | 1.9197259462089278e-06,-1.248711100743094e-06,1.9451716070761904e-05 | 0,0
3790 | 126.33333992213011 | 99.80613708496094,191.5948944091797,0.21456415951251984 | 5.277297487893406e-10,7.937888568676499e-08,-2.3456477720174007e-06 | 0 | -2.6999698093277402e-05,2.1906641833879803e-08,-5.778072775797227e-08 | 1.91668505067355e-06,5.538461209653178e-06,-1.601905569259543e-05 | 0,0
3800 | 126.66667327284813 | 99.80613708496094,191.5948944091797,0.21456415951251984 | -8.238123072601411e-09,-7.527914647198486e-08,2.44099942392495e-06 | 0 | 2.1119787561474368e-05,-1.9933245312131476e-06,4.7852953599658576e-08 | -1.2107008160455734e-06,2.5283100058004493e-06,1.8879603885579854e-05 | 0,0
3810 | 127.00000662356615 | 99.80613708496094,191.5948944091797,0.21456415951251984 | -7.574408300570212e-08,-1.4657791780336993e-07,-3.966623808082659e-06 | 0 | 3.702645699377172e-05,-1.8689535863813944e-05,8.083244296130943e-08 | -2.2723222627973882e-06,-4.397337306727422e-06,-0.00011899870878551155 | 0,0
3820 | 127.33333997428417 | 99.80613708496094,191.5948944091797,0.21456415951251984 | -1.8301234305795333e-08,-4.974951295366736e-08,-1.7544682577863568e-06 | 0 | 9.97173356154235e-06,-4.462057404452935e-06,2.0153468227590565e-08 | 4.051414848049717e-08,-4.34927915193839e-06,-1.2014292224193923e-05 | 0,0
3830 | 127.6666733250022 | 99.80613708496094,191.5948944091797,0.21456415951251984 | 3.2671505501014053e-09,4.9570910931606704e-08,1.8116792261935188e-06 | 0 | -1.628365680517163e-05,7.58258522637334e-07,-3.5438883827509926e-08 | 1.1783646414187388e-06,1.329914880443539e-06,-2.2884370991960168e-05 | 0,0
3840 | 128.00000667572021 | 99.80613708496094,191.5948944091797,0.21456415951251984 | 1.589661913214968e-08,2.1849297482390284e-08,-1.7735386563799693e-06 | 0 | -4.453029305295786e-06,3.856672719848575e-06,-7.738180762828506e-09 | 7.483573227773377e-08,-2.763024440355366e-07,6.8653057496703696e-06 | 0,0
3850 | 128.33334002643824 | 99.80613708496094,191.5948944091797,0.21456415951251984 | -3.0017609731203265e-08,6.25706988444108e-08,2.8796164315281203e-06 | 0 | -1.422068726242287e-05,-7.244085281854495e-06,-3.8517448786024033e-08 | -1.1097200740550761e-06,1.4400196732822224e-06,4.576874744088855e-06 | 0,0
3860 | 128.66667337715626 | 99.80613708496094,191.5948944091797,0.21456415951251984 | -3.624922584322121e-08,-9.763058272937997e-08,-3.794991243921686e-06 | 0 | 2.4641123673063703e-05,-8.955313205660786e-06,5.4841574836927975e-08 | -1.0874766758206533e-06,-2.92891718345345e-06,-0.00011384973186068237 | 0,0
3870 | 129.00000672787428 | 99.80613708496094,191.5948944091797,0.21456415951251984 | -5.0973955723065956e-08,5.0541149931859763e-08,-1.4493433582174475e-06 | 0 | -1.4830033251200803e-05,-1.2441412764019333e-05,-4.028724731597322e-08 | -2.2319941308523994e-06,1.697592892924149e-06,9.725858035380952e-06 | 0,0
3880 | 129.3333400785923 | 99.80613708496094,191.5948944091797,0.21456415951251984 | 1.7109945460447307e-08,3.4732490661326665e-08,1.8879603658206179e-06 | 0 | -1.2449688256310765e-05,4.193575477984268e-06,-2.7005153668824278e-08 | 1.1526591379151796e-06,-1.1752952104870928e-06,9.725855306896847e-06 | 0,0
3890 | 129.66667342931032 | 99.80613708496094,191.5948944091797,0.21456415951251984 | 5.624167798146118e-08,-2.765438011920196e-08,-1.620976036065258e-06 | 0 | 8.06386651674984e-06,1.3760425645159557e-05,2.434761192660062e-08 | 1.2346608855295926e-06,-1.3399301224126248e-06,1.144218367699068e-05 | 0,0
3900 | 130.00000678002834 | 99.80613708496094,191.5948944091797,0.21456415951251984 | -3.033678908082038e-08,6.457054979591703e-08,2.8414758617145708e-06 | 0 | -1.5017110854387283e-05,-7.324371836148202e-06,-4.038960099705946e-08 | 6.752336645377e-08,3.0022700769904986e-08,9.15374948817771e-06 | 0,0
3910 | 130.33334013074636 | 99.80613708496094,191.5948944091797,0.21456415951251984 | 1.9771133619173042e-09,-5.012443082819118e-08,-3.6233584523870377e-06 | 0 | 1.262035766558256e-05,4.668567612498009e-07,2.9592829520197483e-08 | 5.931339686071624e-08,-1.5037328466860345e-06,-0.00010870074765989557 | 0,0
3920 | 130.6666734814644 | 99.80613708496094,191.5948944091797,0.21456415951251984 | -1.525307702365808e-08,-4.5922707414547403e-08,-1.7544682577863568e-06 | 0 | 8.818950846034568e-06,-3.7020474792370806e-06,1.744036026707363e-08 | 4.048494517405743e-08,-4.348617039795499e-06,-1.2014292224193923e-05 | 0,0
3930 | 131.0000068321824 | 99.80613708496094,191.5948944091797,0.21456415951251984 | 1.803124760613173e-08,3.596566244823407e-08,1.8879603658206179e-06 | 0 | -1.2761718608089723e-05,4.420700406626565e-06,-2.7665837620816092e-08 | 1.180298227154708e-06,-1.1383009450582904e-06,9.725855306896847e-06 | 0,0
3940 | 131.33334018290043 | 99.80613708496094,191.5948944091797,0.21456415951251984 | 1.7576784472339568e-08,2.405620236345385e-08,-1.7735386563799693e-06 | 0 | -4.854621693084482e-06,4.277777406969108e-06,-8.782816252050907e-09 | -1.0982975027218345e-06,1.5918132021397469e-06,1.1442169807196478e-06 | 0,0
3950 | 131.66667353361845 | 99.80613708496094,191.5948944091797,0.21456415951251984 | -2.9770776066584403e-08,6.447695000133535e-08,2.8796164315281203e-06 | 0 | -1.4736470802745316e-05,-7.184038167906692e-06,-3.966771089380927e-08 | -1.0820323268490029e-06,1.4841344864180428e-06,4.576874744088855e-06 | 0,0
3960 | 132.00000688433647 | 99.80960083007812,191.5948944091797,0.21442565321922302 | 0.04371197894215584,-0.00020651287923101336,-5.530388989427593e-06 | 0 | -0.00014041988470125943,-0.09844838082790375,-0.0011504600988700986 | 0.3977710008621216,-0.0017759710317477584,-0.00011041706602554768 | 0,0
3970 | 132.3333402350545 | 99.98786163330078,191.59417724609375,0.2113828957080841 | 1.0013883113861084,-0.004266655538231134,-6.176872557261959e-05 | 90.2 | -0.004904264118522406,-0.693871021270752,-0.5655211806297302 | 3.293983221054077,-0.014626958407461643,-6.6936801886186e-05 | 0,0
3980 | 132.66667358577251 | 100.55540466308594,191.59161376953125,0.2092294692993164 | 2.213724374771118,-0.009322219528257847,-2.2102487491793e-05 | 90.2 | 0.0015129819512367249,0.058545857667922974,0.018723556771874428 | 2.7032229900360107,-0.010470728389918804,0.0005995703395456076 | 0,0
3990 | 133.00000693649054 | 101.4371109008789,191.58792114257812,0.2101352959871292 | 3.0223007202148438,-0.012115180492401123,3.144693619105965e-05 | 90.2 | -0.0013674207730218768,0.23668165504932404,0.02764408476650715 | 2.298760175704956,-0.008413837291300297,-0.00016419535677414387 | 0,0
4000 | 133.33334028720856 | 102.3316650390625,191.5844268798828,0.21653853356838226 | 1.974240779876709,-0.007312696427106857,6.30464346613735e-05 | 90.2 | -0.009379653260111809,2.3604917526245117,0.0018976450664922595 | -5.090031147003174,0.019647402688860893,-0.0010446712840348482 | 0,0
4010 | 133.66667363792658 | 102.95687103271484,191.58197021484375,0.2157275676727295 | 2.104412794113159,-0.00774028804153204,2.212155550296302e-06 | 90.2 | 0.0016867353115230799,-1.5347932577133179,0.03180384263396263 | 2.6299450397491455,-0.010614072903990746,-0.0001430272968718782 | 0,0
4020 | 134.0000069886446 | 103.80856323242188,191.578857421875,0.21173079311847687 | 2.923358201980591,-0.009893374517560005,-5.208100992604159e-05 | 90.2 | 0.007322360295802355,-0.5101383328437805,0.04775574430823326 | 2.3298022747039795,-0.004424694459885359,-1.7163255279228906e-06 | 0,0
4030 | 134.33334033936262 | 104.82401275634766,191.575439453125,0.21399706602096558 | 2.6535403728485107,-0.0076663377694785595,9.556131408317015e-05 | 90.2 | -0.004467750433832407,2.303588628768921,0.027156369760632515 | -5.151557445526123,0.019616711884737015,0.00029635263490490615 | 0,0
4040 | 134.66667369008064 | 105.50912475585938,191.5734405517578,0.21732176840305328 | 2.0149307250976562,-0.00542063033208251,1.20333634185954e-05 | 90.2 | -0.004767303355038166,-1.1365363597869873,0.04262387380003929 | 1.4862440824508667,-0.00443704379722476,0.00016591163876000792 | 0,0
4050 | 135.00000704079866 | 106.3184814453125,191.5712127685547,0.21257323026657104 | 2.7883141040802,-0.006611088756471872,-4.857207022723742e-05 | 90.1 | 0.008717741817235947,-0.8178952932357788,0.06534546613693237 | 2.328221559524536,-0.0026387625839561224,-6.865301838843152e-05 | 0,0
4060 | 135.33334039151669 | 107.2479248046875,191.56906127929688,0.21507583558559418 | 2.2814409732818604,-0.004074637312442064,7.43932687328197e-05 | 90.1 | -0.010705185122787952,2.192559242248535,0.03753374144434929 | -4.703428268432617,0.012341666966676712,-3.9475486119044945e-05 | 0,0
4070 | 135.6666737422347 | 107.98713684082031,191.56765747070312,0.21500621736049652 | 2.4464309215545654,-0.0037813615053892136,-1.0774722795758862e-05 | 90.1 | 0.003908480983227491,-1.1745986938476562,0.06670143455266953 | 2.1170780658721924,-0.0006953416741453111,-0.00024543481413275003 | 0,0
4080 | 136.00000709295273 | 108.92732238769531,191.56622314453125,0.21223320066928864 | 3.0044569969177246,-0.0031997794285416603,-1.9928469555452466e-05 | 90.1 | 0.006454567424952984,0.33028870820999146,0.07614032179117203 | -1.1291383504867554,0.001604994642548263,0.0005806909175589681 | 0,0
4090 | 136.33334044367075 | 109.6967544555664,191.5653839111328,0.21761523187160492 | 1.930330753326416,-0.001290969317778945,1.6972574030660326e-06 | 90.0 | -0.012389639392495155,-0.005283324513584375,0.04935658350586891 | 0.06842493265867233,-0.0010419158497825265,-9.725858035380952e-06 | 0,0
4100 | 136.66667379438877 | 110.44050598144531,191.5647735595703,0.21349361538887024 | 2.577977180480957,-0.0008357854094356298,-3.672941238619387e-05 | 90.0 | 0.016197163611650467,-1.1035010814666748,0.08120763301849365 | 2.349743604660034,0.011830884031951427,-0.00020939199021086097 | 0,0
4110 | 137.0000071451068 | 111.43646240234375,191.5642852783203,0.21129745244979858 | 3.3409605026245117,0.0002832723839674145,-2.91394298983505e-05 | 90.0 | 0.006616968661546707,-0.23315563797950745,0.09487488120794296 | 2.2344300746917725,0.005368745885789394,0.00014188307977747172 | 0,0
4120 | 137.3333404958248 | 112.67781066894531,191.56439208984375,0.21100609004497528 | 4.061595439910889,0.0026412480510771275,5.7210922221884175e-08 | 90.0 | 0.005270979832857847,0.008653094992041588,0.1111515611410141 | 2.090148687362671,0.009918424300849438,4.405240906635299e-05 | 0,0
4130 | 137.66667384654284 | 114.14067077636719,191.56532287597656,0.21145270764827728 | 4.63073205947876,0.0053293127566576,1.9299151972518303e-05 | 89.9 | -0.0034154425375163555,0.2920023500919342,0.10463020205497742 | 1.1427496671676636,-0.005026850383728743,1.0298007509845775e-05 | 0,0
4140 | 138.00000719726086 | 115.71730041503906,191.5672607421875,0.2131221741437912 | 4.767163276672363,0.008009083569049835,2.9959452149341814e-05 | 89.9 | -0.00687932875007391,0.48448866605758667,0.09212737530469894 | -0.05916595086455345,-0.005809105467051268,-3.146602102788165e-05 | 0,0
4150 | 138.33334054797888 | 117.24596405029297,191.5699005126953,0.21612811088562012 | 4.0933709144592285,0.008202170953154564,2.097733704431448e-05 | 89.9 | -0.025465436279773712,1.7778265476226807,0.03310323879122734 | -5.470718860626221,-0.020963501185178757,-8.696065924596041e-05 | 0,0
4160 | 138.6666738986969 | 118.46945190429688,191.57241821289062,0.2170390635728836 | 3.675570487976074,0.008216635324060917,1.771631468727719e-05 | 89.9 | 0.004263424780219793,-1.1682814359664917,0.055028244853019714 | 1.1881898641586304,0.00902929250150919,0.00021911780640948564 | 0,0
4170 | 139.00000724941492 | 119.79354858398438,191.57534790039062,0.21311801671981812 | 4.234303951263428,0.01053084246814251,-3.394514715182595e-05 | 89.9 | 0.010681954212486744,-0.6248947978019714,0.060010626912117004 | 1.6174219846725464,0.00829059537500143,-2.2884339614392957e-06 | 0,0
4180 | 139.33334060013294 | 121.27574920654297,191.57899475097656,0.21267585456371307 | 4.574331760406494,0.012367195449769497,1.048866852215724e-05 | 89.8 | -0.0001258628035429865,0.22796091437339783,0.044956307858228683 | 0.4967021644115448,0.008774482645094395,0.00019451710977591574 | 0,0
4190 | 139.66667395085096 | 122.81005859375,191.58314514160156,0.2138579934835434 | 4.606231212615967,0.012860397808253765,1.5980916941771284e-05 | 89.8 | -0.007062573451548815,0.2881639003753662,0.025516368448734283 | -0.09520053118467331,-0.0010640545515343547,2.460069299559109e-05 | 0,0
4200 | 140.00000730156898 | 124.3385009765625,191.58734130859375,0.2144935131072998 | 4.572564125061035,0.013201702386140823,6.293201408880122e-07 | 89.8 | -0.0013627534499391913,0.06670572608709335,0.02065887302160263 | -0.06405829638242722,0.000769011618103832,-4.9773501814343035e-05 | 0,0
4210 | 140.333340652287 | 125.86164855957031,191.59158325195312,0.2145162969827652 | 4.571781158447266,0.013190150260925293,-1.353991819996736e-06 | 89.8 | -0.001009068451821804,-0.02353879250586033,0.010266322642564774 | 0.03496169671416283,-0.0012014060048386455,3.37544443027582e-05 | 0,0
4220 | 140.66667400300503 | 127.38837432861328,191.59585571289062,0.21443384885787964 | 4.588119029998779,0.013383532874286175,-1.3349215350899613e-06 | 89.8 | 0.0004108418943360448,-0.01515786349773407,0.007506111636757851 | 0.05405902490019798,0.0008051655604504049,-2.174014844058547e-05 | 0,0
4230 | 141.00000735372305 | 128.92083740234375,191.60012817382812,0.21440623700618744 | 4.605302810668945,0.013419858179986477,-1.411202788403898e-06 | 89.8 | 4.098422505194321e-05,-0.0019102735677734017,0.0034226092975586653 | 0.04859447106719017,0.00015350057219620794,1.3158509318600409e-05 | 0,0
4240 | 141.33334070444107 | 130.45863342285156,191.6044158935547,0.21440784633159637 | 4.620611667633057,0.013442725874483585,-1.6400463209720328e-06 | 89.8 | -1.3941792531113606e-05,0.0013196815270930529,0.001136641949415207 | 0.04456042870879173,0.00039576549897901714,-6.293197202467127e-06 | 0,0
4250 | 141.6666740551591 | 132.00137329101562,191.60882568359375,0.21441210806369781 | 4.635098934173584,0.01349200215190649,-1.5828354662517086e-06 | 89.8 | 1.053473988577025e-05,0.0007218594546429813,0.0007162660476751626 | 0.043158527463674545,8.328817057190463e-05,1.0870075129787438e-05 | 0,0
4260 | 142.0000074058771 | 133.54884338378906,191.61351013183594,0.21441535651683807 | 4.648890972137451,0.013482955284416676,-1.926101049321005e-06 | 89.8 | -0.0003828989283647388,0.0009030596120283008,-0.0008977281395345926 | 0.04085540398955345,-7.619149255333468e-05,-3.432654466450913e-06 | 0,0
4270 | 142.33334075659513 | 135.10092163085938,191.6178741455078,0.2144153118133545 | 4.662970066070557,0.013369848020374775,-5.339686026673007e-07 | 89.8 | -0.0007166879368014634,-0.00038657497498206794,-0.003858250332996249 | 0.0423431359231472,-0.0007094162865541875,-5.721084903598239e-07 | 0,0
4280 | 142.66667410731316 | 136.65774536132812,191.62220764160156,0.21441417932510376 | 4.677248954772949,0.013119710609316826,-5.721092293242691e-07 | 89.8 | -0.0002645499480422586,-0.00046692733303643763,-0.007773341611027718 | 0.043458934873342514,-0.0001195259319501929,2.86054591924767e-06 | 0,0
4290 | 143.00000745803118 | 138.21929931640625,191.6265411376953,0.21441398561000824 | 4.691318988800049,0.01264242734760046,-1.7544682577863568e-06 | 89.8 | -0.0005819526268169284,0.0002700066252145916,-0.013966827653348446 | 0.04161357507109642,-0.0015971435932442546,-4.576874744088855e-06 | 0,0
4300 | 143.3333408087492 | 139.78549194335938,191.63067626953125,0.21441543102264404 | 4.70501708984375,0.011881586164236069,1.1823590284620877e-06 | 89.9 | -0.002106772270053625,0.000404828431783244,-0.022920941933989525 | 0.0402831993997097,-0.00433078920468688,-7.437420663336525e-06 | 0,0
4310 | 143.66667415946722 | 141.3561248779297,191.6345977783203,0.21441756188869476 | 4.71818733215332,0.010992324911057949,3.814061599882734e-08 | 89.9 | -0.0005690836114808917,0.00043917755829170346,-0.029367337003350258 | 0.039038654416799545,-0.0014530307380482554,-8.009528755792417e-06 | 0,0
4320 | 144.00000751018524 | 142.9311065673828,191.63819885253906,0.21441878378391266 | 4.731128215789795,0.009745287708938122,5.911795142310439e-07 | 89.9 | -0.002480874303728342,5.6220957048935816e-05,-0.039534252136945724 | 0.03889560326933861,-0.006889923941344023,-6.865308932901826e-06 | 0,0
4330 | 144.33334086090326 | 144.51036071777344,191.64138793945312,0.21442054212093353 | 4.7435712814331055,0.008448028936982155,-5.7210922221884175e-08 | 89.9 | -0.00034904450876638293,0.0008284876821562648,-0.04482089728116989 | 0.03597735986113548,-0.002385796746239066,-4.004764377896208e-06 | 0,0
4340 | 144.66667421162128 | 146.0937042236328,191.64410400390625,0.21442176401615143 | 4.755895614624023,0.0069811842404305935,-1.2014294270557002e-06 | 89.9 | 0.0004597229999490082,-0.0003055223496630788,-0.049469150602817535 | 0.038237567991018295,-0.0011971591738983989,2.2884339614392957e-06 | 0,0
4350 | 145.0000075623393 | 147.68130493164062,191.64634704589844,0.21441824734210968 | 4.769268035888672,0.005540615878999233,-1.4684136431242223e-06 | 89.9 | 0.0012401985004544258,-0.001273494795896113,-0.05027717724442482 | 0.04149913415312767,-0.003458903869614005,-8.581638212490361e-06 | 0,0
4360 | 145.33334091305733 | 149.27345275878906,191.64804077148438,0.21441592276096344 | 4.782815933227539,0.0037160292267799377,-1.487483928030997e-06 | 90.0 | -0.0024979503359645605,1.613915628695395e-05,-0.059117551892995834 | 0.03962516412138939,-0.010050236247479916,-3.3754440664779395e-05 | 0,0
4370 | 145.66667426377535 | 150.86993408203125,191.64923095703125,0.2144181728363037 | 4.795458793640137,0.0023726520594209433,7.628123199765469e-08 | 90.0 | 0.0017892449395731091,0.0008276723092421889,-0.05373656749725342 | 0.036864276975393295,0.00012824310397263616,-1.4874838598188944e-05 | 0,0
4380 | 146.00000761449337 | 152.4705352783203,191.64996337890625,0.21442119777202606 | 4.807483196258545,0.0009591088746674359,-1.926101049321005e-06 | 90.0 | 0.001392766134813428,0.00047562355757690966,-0.05164145678281784 | 0.03587722405791283,0.0004790938401129097,-1.6019059330574237e-05 | 0,0
4390 | 146.3333409652114 | 154.0751190185547,191.6502227783203,0.21442195773124695 | 4.819429874420166,-0.00048289308324456215,1.926101049321005e-06 | 90.0 | 0.00043103855568915606,2.698465686989948e-05,-0.05058563873171806 | 0.03580569848418236,-0.003798144869506359,5.72109183849534e-06 | 0,0
4400 | 146.6666743159294 | 155.68360900878906,191.6500701904297,0.21442252397537231 | 4.831242561340332,-0.0016568572027608752,1.544694896438159e-06 | 90.0 | -0.0016590270679444075,-9.350593609269708e-05,-0.04616827145218849 | 0.03600597009062767,-0.008408584631979465,6.865308932901826e-06 | 0,0
4410 | 147.00000766664743 | 157.29617309570312,191.64952087402344,0.21442119777202606 | 4.843419551849365,-0.002430330030620098,2.193085265389527e-06 | 90.0 | 0.0024502461310476065,-0.00017458216461818665,-0.03572990000247955 | 0.03650664910674095,-0.001076110522262752,1.3730617865803652e-05 | 0,0
4420 | 147.33334101736546 | 158.91268920898438,191.648681640625,0.21442188322544098 | 4.855259418487549,-0.003243142506107688,2.6507727852731477e-06 | 90.0 | 0.0022765027824789286,0.0004207346646580845,-0.030429664999246597 | 0.03506183251738548,-0.0005205929628573358,1.887960206659045e-05 | 0,0
4430 | 147.66667436808348 | 160.5331573486328,191.6476287841797,0.21442149579524994 | 4.867260456085205,-0.003904190845787525,-1.7735386563799693e-06 | 90.0 | 0.0013230148470029235,-0.0005426653660833836,-0.025295564904808998 | 0.037093158811330795,0.0005010840832255781,-2.86054591924767e-06 | 0,0
4440 | 148.0000077188015 | 162.1577606201172,191.646240234375,0.21441946923732758 | 4.879597187042236,-0.004372201394289732,-1.9070306223056832e-07 | 90.1 | 0.0019381096353754401,-1.4550080777553376e-05,-0.019131885841488838 | 0.035905834287405014,-1.2279487236810382e-05,-6.293200840445934e-06 | 0,0
4450 | 148.33334106951952 | 163.7863006591797,191.64476013183594,0.21442267298698425 | 4.890761375427246,-0.004762455355376005,1.8116792261935188e-06 | 90.1 | -0.00029528571758419275,0.0011072867782786489,-0.015815848484635353 | 0.03237247094511986,-0.0026152932550758123,1.7163289385280223e-06 | 0,0
4460 | 148.66667442023754 | 165.4183349609375,191.6432342529297,0.21442802250385284 | 4.900664806365967,-0.004927175119519234,1.926101049321005e-06 | 90.1 | 0.0002168359496863559,0.001510371919721365,-0.010104089975357056 | 0.02783775143325329,-0.0015735904453322291,2.2884373720444273e-06 | 0,0
4470 | 149.00000777095556 | 167.0534210205078,191.64170837402344,0.21443316340446472 | 4.909560680389404,-0.005051181185990572,6.674607675449806e-07 | 90.1 | 0.0006946834619157016,0.0009900201112031937,-0.0065512279979884624 | 0.02589225582778454,-5.2303072152426466e-05,2.2884373720444273e-06 | 0,0
4480 | 149.33334112167358 | 168.69143676757812,191.64016723632812,0.21443545818328857 | 4.918165683746338,-0.005127813667058945,5.721092293242691e-07 | 90.1 | -1.9586873349908274e-06,0.00030546518974006176,-0.004214754793792963 | 0.02570628933608532,-0.0004253675870131701,1.2014293133688625e-05 | 0,0
10030 | 334.33335077017546 | 136.286865234375,225.50376892089844,0.21444793045520782 | -0.11951703578233719,-4.967809200286865,-2.5554211333655985e-06 | 181.4 | -0.0059047602117061615,0.042652055621147156,-2.439030647277832 | -0.28940072655677795,-0.02792358212172985,-1.6019052054616623e-05 | 0,0
10040 | 334.6666841208935 | 136.2548828125,223.84564208984375,0.21442744135856628 | -0.11941628158092499,-4.979608535766602,1.2967809652764117e-06 | 181.4 | -0.0018097187858074903,-0.03921198844909668,-1.0810574293136597 | -0.14434999227523804,-0.029382703825831413,5.949935439275578e-05 | 0,0
10050 | 335.0000174716115 | 136.21861267089844,222.18382263183594,0.21442557871341705 | -0.11848580837249756,-4.9900736808776855,-7.628122489222733e-07 | 181.4 | 0.0011283933417871594,-0.00539070088416338,-0.46275901794433594 | -0.07423839718103409,-0.02696513943374157,-1.887960206659045e-05 | 0,0
10060 | 335.3333508223295 | 136.17965698242188,220.5189208984375,0.21443213522434235 | -0.12458787858486176,-4.998699188232422,1.6972574030660326e-06 | 181.4 | 0.001794271869584918,0.017078513279557228,-0.3264997601509094 | -0.029042063280940056,-0.025105474516749382,4.4624517613556236e-05 | 0,0
10070 | 335.66668417304754 | 136.13853454589844,218.8523712158203,0.21470730006694794 | -0.12601099908351898,-5.000568866729736,0.009007592685520649 | 181.4 | -0.010846856981515884,-0.03978065773844719,-0.14006471633911133 | 0.010238884948194027,-0.0839996263384819,0.5003151893615723 | 0,0
10080 | 336.00001752376556 | 136.09751892089844,217.1847381591797,0.21456065773963928 | -0.11723659187555313,-5.002596855163574,0.009714013896882534 | 181.3 | -0.024442536756396294,-0.06409444659948349,0.15078222751617432 | 0.03458775207400322,-0.15180586278438568,0.5035266876220703 | 0,0
10090 | 336.3333508744836 | 136.06101989746094,215.5144805908203,0.21495193243026733 | -0.09346314519643784,-5.015616416931152,0.0018454717937856913 | 181.1 | -0.042470525950193405,-0.12428555637598038,0.5432168841362 | 0.17008690536022186,-0.17754076421260834,-0.03690790757536888 | 0,0
10100 | 336.6666842252016 | 136.03172302246094,213.84295654296875,0.21482013165950775 | -0.06861994415521622,-5.01954984664917,0.0044548045843839645 | 180.8 | -0.07257721573114395,-0.0565209798514843,0.7344298362731934 | 0.13360819220542908,-0.23380278050899506,-0.07532504200935364 | 0,0
10110 | 337.0000175759196 | 136.012939453125,212.1687774658203,0.21494537591934204 | 0.0016296837711706758,-5.0294108390808105,0.001528885681182146 | 180.0 | -0.08882452547550201,-0.9049326777458191,1.9572176933288574 | 1.344115972518921,-0.2460765689611435,-0.02977084182202816 | 1,6
10120 | 337.33335092663765 | 136.00189208984375,210.65643310546875,0.21889327466487885 | 0.02937503531575203,-3.476402521133423,-0.0002092584763886407 | 179.5 | 2.809140920639038,-0.05547086521983147,3.101015329360962 | 0.0884622111916542,8.691951751708984,0.024082936346530914 | 1,6
10130 | 337.66668427735567 | 136.0026092529297,210.04296875,0.2269611358642578 | 0.006468505598604679,-0.24459688365459442,0.0003521713661029935 | 0 | 1.743348479270935,0.2632879316806793,0.06182760372757912 | -0.14743663370609283,11.837905883789062,-0.0032615948002785444 | 1,6
10140 | 338.0000176280737 | 136.002685546875,210.03585815429688,0.22020477056503296 | -0.00047695045941509306,0.008377213031053543,0.0004336968995630741 | 0 | -2.2220985889434814,-0.060118354856967926,0.0012723648687824607 | -0.0010972853051498532,-0.019842784851789474,-0.0019388790242373943 | 1,6
10150 | 338.3333509787917 | 136.00279235839844,210.03317260742188,0.2156096249818802 | -8.647961658425629e-05,0.0021740871015936136,1.0584020856185816e-05 | 0 | -0.5469738841056824,-0.024719733744859695,-4.680400888901204e-05 | 0.00042724021477624774,-0.011809276416897774,-0.00043137031025253236 | 1,6
10160 | 338.66668432950974 | 136.00283813476562,210.03268432617188,0.21481619775295258 | -1.1360182725184131e-05,0.0003096679865848273,-7.170435765146976e-06 | 0 | -0.0771336704492569,-0.0031684539280831814,-7.120463124010712e-06 | -1.4410979019885417e-05,0.00017321899940725416,-1.5446956240339205e-05 | 1,6
10170 | 339.00001768022776 | 136.00283813476562,210.03253173828125,0.21463526785373688 | -2.089323743348359e-06,5.334791785571724e-05,-1.4684136431242223e-06 | 0 | -0.013242941349744797,-0.0005699049215763807,-1.5038301626191242e-06 | -2.2553464077645913e-05,0.0005270479014143348,-2.8605458282982e-05 | 1,6
10180 | 339.3333510309458 | 136.0028533935547,210.032470703125,0.21458320319652557 | -1.5987892538760207e-06,3.439206557231955e-05,-1.3921323898102855e-06 | 0 | -0.00855163112282753,-0.0004596199723891914,-3.832401773706806e-07 | 6.4212003962893505e-06,-0.0001467718102503568,3.0321791200549342e-05 | 1,6
10190 | 339.6666843816638 | 136.0028533935547,210.032470703125,0.21457083523273468 | -6.000300913910905e-07,1.0541338269831613e-05,-2.2312258352030767e-06 | 0 | -0.002620420651510358,-0.00017031402967404574,-5.432821481576866e-08 | -9.119633546106343e-07,-3.659074354800396e-05,-1.2586397133418359e-05 | 1,6
10200 | 340.0000177323818 | 136.0028533935547,210.032470703125,0.2145666480064392 | -1.2118310621644923e-07,2.8845070119132288e-06,-1.5637651813449338e-06 | 0 | -0.0007169547025114298,-3.3689069823594764e-05,-4.5498389056319866e-08 | 3.8052396575949388e-06,-7.389880465780152e-06,1.6019059330574237e-05 | 1,6
10210 | 340.33335108309984 | 136.0028533935547,210.032470703125,0.21456550061702728 | -9.577268400562389e-08,7.432053052980336e-07,-1.1442184444376835e-07 | 0 | -0.00018471817020326853,-2.322881846339442e-05,2.1195917909722084e-08 | -1.853932758422161e-06,2.210274942626711e-06,1.544694896438159e-05 | 1,6
10220 | 340.66668443381786 | 136.0028533935547,210.032470703125,0.21456550061702728 | -1.3404665821781236e-07,9.702335290739939e-08,-5.530388875740755e-07 | 0 | -2.4248527552117594e-05,-3.0216249797376804e-05,6.640475902486287e-08 | -6.829428912169533e-06,3.3359935969201615e-07,-2.5744913727976382e-05 | 1,6
10230 | 341.0000177845359 | 136.0028533935547,210.032470703125,0.21456550061702728 | -1.333798991254298e-07,6.997817081355606e-08,-1.5065542129377718e-06 | 0 | -1.7363332517561503e-05,-3.939554881071672e-05,8.907248627565423e-08 | -2.689703705982538e-06,-2.7215046429773793e-06,-4.5768715608573984e-06 | 1,6
10240 | 341.3333511352539 | 136.0028533935547,210.032470703125,0.21456550061702728 | 2.4961062550232782e-08,2.8787148664832785e-08,-1.3158512501831865e-06 | 0 | -7.143900347728049e-06,7.513973287132103e-06,-1.924630765870461e-08 | -1.3035012180750982e-08,2.1446155074045237e-07,-4.576874744088855e-06 | 1,6
10250 | 341.6666844859719 | 136.0028533935547,210.032470703125,0.21456550061702728 | -4.068638048693174e-08,-3.3549415690004025e-08,-8.390935590796289e-07 | 0 | 8.224059456551913e-06,-9.988939382310491e-06,2.637427520824076e-08 | -1.3978718698126613e-06,-1.157854853772733e-06,5.721084903598239e-07 | 1,6
10260 | 342.00001783668995 | 136.0028533935547,210.032470703125,0.21456550061702728 | 4.327516567315115e-09,3.6721559126817738e-09,-6.293201408880122e-07 | 0 | -9.109825782616099e-07,1.2708704844044405e-06,-3.184783547993675e-09 | 3.1646504083937543e-08,2.7484386322385035e-08,-4.576873379846802e-06 | 1,6
10270 | 342.33335118740797 | 136.0028533935547,210.032470703125,0.21456550061702728 | -5.726536467243193e-10,-1.0310625686571484e-09,-2.8605461466213455e-07 | 0 | 2.5520719759697386e-07,-1.6129787638874404e-07,4.4084874639693794e-10 | -1.0861855415100763e-08,-2.0547474832710577e-08,-5.72109183849534e-06 | 1,6
10280 | 342.666684538126 | 136.0028533935547,210.032470703125,0.21456550061702728 | 2.5035542527973575e-09,4.472016534862178e-09,-2.135874410669203e-06 | 0 | -1.1082294122388703e-06,8.107309668048401e-07,-2.1996855448236374e-09 | -5.2206875267302166e-08,7.472660001894837e-08,-4.576874744088855e-06 | 1,6
10290 | 343.000017888844 | 136.0028533935547,210.032470703125,0.21456550061702728 | -1.3112521735081373e-08,5.43154798915424e-10,-1.620976036065258e-06 | 0 | -2.4249621333183313e-07,-1.9332283045514487e-06,5.970692829038171e-09 | -1.9280875562799338e-07,-9.347856710917313e-09,-5.148980108060641e-06 | 1,6
10300 | 343.33335123956203 | 136.0028533935547,210.032470703125,0.21456550061702728 | -1.058342391502265e-07,-5.894159826880241e-09,-3.814061599882734e-08 | 0 | 1.4022244840816711e-06,-2.3047683498589322e-05,5.4272369709451596e-08 | -7.051892225717893e-07,-6.59522925161582e-08,-5.721092293242691e-07 | 1,6
10310 | 343.66668459028006 | 136.0028533935547,210.032470703125,0.21456550061702728 | 2.082712136086684e-08,-2.6138614828141726e-08,1.7163276311293885e-07 | 0 | 6.416518772311974e-06,4.440362772584194e-06,-7.796068679510881e-09 | -1.9930286043745582e-07,8.765409376110256e-08,0.0 | 1,6
10320 | 344.0000179409981 | 136.0028533935547,210.032470703125,0.21456550061702728 | 3.344938104277162e-09,7.072464280888369e-10,0.0 | 0 | -1.747426097153948e-07,9.396077302881167e-07,-2.243217167574585e-09 | 6.3524289828365e-08,1.4072148779575855e-08,0.0 | 1,6
10330 | 344.3333512917161 | 136.0028533935547,210.032470703125,0.21456550061702728 | -2.43398878829737e-09,-2.5979082773908146e-10,1.907030799941367e-08 | 0 | 6.409646147176318e-08,-4.542321789813286e-07,9.680795054478608e-10 | -2.686939808427269e-07,3.2661930049471266e-08,0.0 | 1,6
10340 | 344.6666846424341 | 136.0028533935547,210.032470703125,0.21456550061702728 | 3.276830362608507e-09,-4.513703633080013e-09,1.907030799941367e-08 | 0 | 1.1222712146263802e-06,9.148593562713359e-07,-1.9444876819818546e-09 | 6.272740904478269e-08,1.4123101799157212e-08,0.0 | 1,6
10350 | 345.00001799315214 | 136.0028533935547,210.032470703125,0.21456550061702728 | 5.406990855050253e-09,-2.4817727872772366e-09,0.0 | 0 | 6.147644739940006e-07,1.6058796745710424e-06,-3.583788821259759e-09 | -1.8677347668472066e-07,-3.175847851366598e-08,0.0 | 1,6
10360 | 345.33335134387016 | 136.0028533935547,210.032470703125,0.21456550061702728 | -7.1073031904234085e-09,6.383005790588925e-10,0.0 | 0 | -1.5816911513866216e-07,-2.083042090816889e-06,4.869312952848759e-09 | -5.1867452555143245e-08,1.3316500790949704e-08,0.0 | 1,6
10370 | 345.6666846945882 | 136.0028533935547,210.032470703125,0.21456550061702728 | -2.766634032980164e-09,6.665873963918045e-10,0.0 | 0 | -1.653263694834095e-07,-7.76558465531707e-07,1.7772795457560164e-09 | -5.256011448295794e-08,1.3309529478533477e-08,0.0 | 1,6
10380 | 346.0000180453062 | 136.0028533935547,210.032470703125,0.21456550061702728 | -8.816464891481246e-09,1.0652984272496724e-08,0.0 | 0 | -2.643600737428642e-06,-2.608022441563662e-06,5.548592696413834e-09 | 1.5418332566241588e-07,3.179019358867663e-08,0.0 | 1,6
10390 | 346.3333513960242 | 136.0028533935547,210.032470703125,0.21456550061702728 | 4.190939595360987e-09,-6.8053980228910405e-09,0.0 | 0 | 1.6890388678802992e-06,1.2158359368186211e-06,-2.456857162158599e-09 | -1.7999830959070096e-07,-3.1932522404076735e-08,0.0 | 1,6
10400 | 346.66668474674225 | 136.0028533935547,210.032470703125,0.21456550061702728 | 4.973430556276526e-09,-2.484911609812457e-09,0.0 | 0 | 6.153682647891401e-07,1.5035005844765692e-06,-3.4035800844378628e-09 | -3.373975587805944e-08,-4.106176376694748e-08,0.0 | 1,6
10410 | 347.00001809746027 | 136.0028533935547,210.032470703125,0.21456550061702728 | -7.1006183155475355e-09,1.0931907601374746e-09,0.0 | 0 | -2.7117508238916344e-07,-2.080673084492446e-06,4.8428114851617465e-09 | -5.187256846284072e-08,1.330733123694472e-08,0.0 | 1,6
10420 | 347.3333514481783 | 136.0028533935547,210.032470703125,0.21456550061702728 | -2.766634032980164e-09,6.66587507414107e-10,0.0 | 0 | -1.653263694834095e-07,-7.765585223751259e-07,1.777270552949517e-09 | -5.256011448295794e-08,1.3309533031247156e-08,0.0 | 1,6
10430 | 347.6666847988963 | 136.0028533935547,210.032470703125,0.21456550061702728 | -1.3894045913787068e-08,1.391723092325492e-08,-1.907030799941367e-08 | 0 | -3.379231657163473e-06,-2.1854341412108624e-06,2.9912936572173976e-09 | -1.800842568400185e-07,2.26741807551889e-08,0.0 | 1,6
10440 | 348.00001814961433 | 136.0028533935547,210.032470703125,0.21456550061702728 | 6.365250104778397e-09,-6.772273408728324e-09,0.0 | 0 | 1.6832650544529315e-06,1.8421960703562945e-06,-4.033010814197269e-09 | 5.980557205020887e-08,1.4123941127763828e-08,0.0 | 1,6
10450 | 348.33335150033236 | 136.0028533935547,210.032470703125,0.21456550061702728 | -4.017818255874772e-08,3.626946565304934e-08,-1.7163276311293885e-07 | 0 | -8.932090167945717e-06,-9.787136150407605e-06,1.9466476430807234e-08 | -1.4353072401718237e-06,1.0936784065052052e-06,-5.148982381797396e-06 | 1,6
10460 | 348.6666848510504 | 136.0028533935547,210.032470703125,0.21456550061702728 | 1.3392652542520977e-09,-5.456134655190681e-09,0.0 | 0 | 1.3537305676436517e-06,3.8891417375452875e-07,-6.343304770339842e-10 | 9.810781520513956e-09,-4.0850121507673975e-08,0.0 | 1,6
10470 | 349.0000182017684 | 136.0028533935547,210.032470703125,0.21456550061702728 | -2.7780091560458686e-09,-1.8433695542219297e-11,0.0 | 0 | 4.268271958096648e-09,-7.800815069458622e-07,1.8275289059843658e-09 | -5.276610792748215e-08,-3.463429820715902e-10,0.0 | 1,6
10480 | 349.3333515524864 | 136.0028533935547,210.032470703125,0.21456550061702728 | 3.731546271978914e-08,-2.7881750241931513e-08,1.7163276311293885e-07 | 0 | 6.846846190455835e-06,8.998041266750079e-06,-1.7984820743777163e-08 | 1.3838969152857317e-06,-1.1214227697564638e-06,5.148982381797396e-06 | 1,6
10490 | 349.66668490320444 | 136.0028533935547,210.032470703125,0.21456550061702728 | -8.696340536573643e-09,7.013949865353197e-09,0.0 | 0 | -1.7395794884578208e-06,-2.5747228846739745e-06,5.63695712330059e-09 | 1.541757796985621e-07,3.1830960978140865e-08,0.0 | 1,6
10500 | 350.00001825392246 | 136.0028533935547,210.032470703125,0.21456550061702728 | 1.0917237780461164e-08,-2.792876374613229e-09,0.0 | 0 | 6.14230145856709e-07,1.3579326605395181e-06,-1.5395383856642297e-09 | 1.4525484459682048e-07,-2.329951342971981e-08,0.0 | 1,6
10510 | 350.3333516046405 | 136.0028533935547,210.032470703125,0.21456550061702728 | 1.3392652542520977e-09,-5.456134655190681e-09,0.0 | 0 | 1.3537305676436517e-06,3.8891417375452875e-07,-6.343314762347063e-10 | 9.810781520513956e-09,-4.0850121507673975e-08,0.0 | 1,6
10520 | 350.6666849553585 | 136.0028533935547,210.032470703125,0.21456550061702728 | 2.789372732792117e-09,7.032467386203223e-10,0.0 | 0 | -1.738114576710359e-07,7.836015356588177e-07,-1.8777188692808977e-09 | 5.2971742547924805e-08,1.3995973269231854e-08,0.0 | 1,6
10530 | 351.0000183060765 | 136.0028533935547,210.032470703125,0.21456550061702728 | 1.3663470355140817e-08,-5.94244031759672e-09,0.0 | 0 | 1.3992697631692863e-06,2.1216510504018515e-06,-3.228399103605284e-09 | 1.8178646143951482e-07,4.567865641291746e-09,0.0 | 1,6
10540 | 351.33335165679455 | 136.0028533935547,210.032470703125,0.21456550061702728 | -4.127910813167546e-08,3.1942800404749505e-08,-1.7163276311293885e-07 | 0 | -7.857207492634188e-06,-1.0121937521034852e-05,2.0457376237459357e-08 | -1.4353831829794217e-06,1.0937272918454255e-06,-5.148982381797396e-06 | 1,6
10550 | 351.66668500751257 | 136.0028533935547,210.032470703125,0.21456550061702728 | 3.946042603786282e-09,-5.210568865265941e-09,0.0 | 0 | 1.2926474255436915e-06,1.1737713521142723e-06,-2.5025415073542945e-09 | 9.789069110865967e-09,-4.0850213878229624e-08,0.0 | 1,6
10560 | 352.0000183582306 | 136.0028533935547,210.032470703125,0.21456550061702728 | 2.2205037808475936e-09,-4.541225173682051e-09,0.0 | 0 | 1.1264182830927894e-06,6.548939381900709e-07,-1.3056468128880283e-09 | 9.804050016271049e-09,-4.085963922761948e-08,0.0 | 1,6
10570 | 352.3333517089486 | 136.0028533935547,210.032470703125,0.21456550061702728 | -5.897637933571787e-10,-2.058646808578146e-09,0.0 | 0 | 5.096121640235651e-07,-1.665959246111015e-07,5.162691940618913e-10 | -1.1171644942464809e-08,-4.103131345800648e-08,0.0 | 1,6
10580 | 352.66668505966663 | 136.0028533935547,210.032470703125,0.21456550061702728 | 1.4024348793384434e-08,-5.031451699721856e-09,0.0 | 0 | 1.1729463267329265e-06,2.231105327155092e-06,-3.5298322043075814e-09 | 1.823752739937845e-07,4.5661470160496265e-09,0.0 | 1,6
10590 | 353.00001841038465 | 136.0028533935547,210.032470703125,0.21456550061702728 | 7.245427813273864e-09,-5.857172968859459e-09,0.0 | 0 | 1.455902179259283e-06,2.1083210413053166e-06,-4.7061705643614005e-09 | 6.232115623561185e-08,1.4133440195962521e-08,0.0 | 1,6
10600 | 353.3333517611027 | 136.0028533935547,210.032470703125,0.21456550061702728 | 1.0917233339569066e-08,-2.7928717116765256e-09,0.0 | 0 | 6.142302595435467e-07,1.3579332289737067e-06,-1.5395431596232356e-09 | 1.4525470248827332e-07,-2.3299374873886336e-08,0.0 | 1,6
10610 | 353.6666851118207 | 136.0028533935547,210.032470703125,0.21456550061702728 | 1.3392652542520977e-09,-5.456134655190681e-09,0.0 | 0 | 1.3537305676436517e-06,3.8891417375452875e-07,-6.343314207235551e-10 | 9.810781520513956e-09,-4.0850121507673975e-08,0.0 | 1,6
10620 | 354.0000184625387 | 136.0028533935547,210.032470703125,0.21456550061702728 | 2.789372732792117e-09,7.032467386203223e-10,0.0 | 0 | -1.738114576710359e-07,7.836015356588177e-07,-1.8777188692808977e-09 | 5.2971738995211126e-08,1.3995973269231854e-08,0.0 | 1,6
10630 | 354.33335181325674 | 136.0028533935547,210.032470703125,0.21456550061702728 | 1.3663470355140817e-08,-5.94244031759672e-09,0.0 | 0 | 1.3992697631692863e-06,2.1216510504018515e-06,-3.228576073155409e-09 | 1.8178646143951482e-07,4.567865641291746e-09,0.0 | 0,0
10640 | 354.66668516397476 | 136.0029296875,210.02647399902344,0.21433745324611664 | 0.0010275822132825851,-0.08787976205348969,-3.89034266845556e-06 | 0 | -0.28815197944641113,-0.004614578559994698,0.04296713322401047 | 0.021450849249958992,-1.3250662088394165,5.263405182631686e-05 | 0,0
10650 | 355.0000185146928 | 136.00404357910156,209.8378448486328,0.21158957481384277 | 0.017819346860051155,-1.0038021802902222,-4.653154610423371e-05 | 179.0 | -0.8300346732139587,-0.023619117215275764,0.32112911343574524 | 0.059012897312641144,-4.411409378051758,-0.0001487482077209279 | 0,0
10660 | 355.3333518654108 | 136.01287841796875,209.27015686035156,0.20917968451976776 | 0.03853888064622879,-2.245327949523926,-3.737780207302421e-05 | 179.0 | -0.09565627574920654,-0.014064676128327847,0.2967941164970398 | 0.13581442832946777,-3.005826234817505,0.00037644783151336014 | 0,0
10670 | 355.6666852161288 | 136.02781677246094,208.37034606933594,0.2099573016166687 | 0.05570225417613983,-3.08404541015625,3.8426667742896825e-05 | 179.0 | 0.2717093229293823,0.02384612336754799,0.3215722143650055 | 0.012850350700318813,-2.316920518875122,-2.2885431008035084e-06 | 0,0
10680 | 356.00001856684685 | 136.04771423339844,207.2122344970703,0.21068912744522095 | 0.06797116994857788,-3.8227922916412354,1.4474363524641376e-05 | 179.0 | 0.12633316218852997,0.04441937059164047,0.19099761545658112 | -0.0414188914000988,-2.151195764541626,-9.668641723692417e-05 | 0,0
10690 | 356.33335191756487 | 136.0721893310547,205.81744384765625,0.21106967329978943 | 0.08121237903833389,-4.499074459075928,6.922521606611554e-06 | 179.0 | 0.10878751426935196,-0.003911453764885664,0.136331245303154 | 0.022596267983317375,-1.8584202527999878,2.2312258806778118e-05 | 0,0
10700 | 356.6666852682829 | 136.09991455078125,204.2373809814453,0.21207648515701294 | 0.08607415109872818,-4.89423131942749,2.759473500191234e-05 | 179.0 | 0.4198717176914215,0.007748324889689684,0.015827182680368423 | 0.03424509987235069,-0.572934091091156,0.00010126337292604148 | 0,0
10710 | 357.0000186190009 | 136.12855529785156,202.60060119628906,0.21383339166641235 | 0.08551450818777084,-4.892251491546631,2.0348017642390914e-05 | 179.0 | 0.409728467464447,0.009385135024785995,-0.003511443268507719 | -0.007370709907263517,0.28577324748039246,-8.29557902761735e-05 | 0,0
10720 | 357.33335196971893 | 136.15628051757812,200.9879913330078,0.21471545100212097 | 0.08053269982337952,-4.800821781158447,6.674607675449806e-07 | 179.0 | 0.07930668443441391,0.007923271507024765,-0.07505210489034653 | 0.0002749263949226588,0.1920175403356552,-6.75088886055164e-05 | 0,0
10730 | 357.66668532043695 | 136.18186950683594,199.3922882080078,0.21463707089424133 | 0.0700872391462326,-4.7871575355529785,-1.544694896438159e-06 | 179.2 | -0.0707065537571907,0.02582184597849846,-0.24117407202720642 | -0.0382927767932415,-0.05458831414580345,4.061975050717592e-05 | 0,0
10740 | 358.000018671155 | 136.20220947265625,197.79132080078125,0.21441440284252167 | 0.02316821739077568,-4.817674160003662,-1.4493433582174475e-06 | 179.7 | -0.04201200604438782,0.4160386919975281,-1.2831388711929321 | -0.40639710426330566,-0.09494303911924362,4.462451397557743e-05 | 0,0
10750 | 358.333352021873 | 136.17013549804688,196.18382263183594,0.21450336277484894 | -0.4186144173145294,-4.8064985275268555,-0.00015748260193504393 | 185.0 | 0.11427311599254608,2.811734199523926,-11.029247283935547 | -2.533585786819458,0.2820682227611542,-0.00173177442047745 | 0,0
10760 | 358.666685372591 | 135.9296417236328,194.61280822753906,0.21508975327014923 | -1.4600406885147095,-4.553071022033691,-0.0007491770084016025 | 197.8 | 0.5433762073516846,2.957528829574585,-27.56029510498047 | -4.233140468597412,1.5308760404586792,-0.0016293685184791684 | 0,0
10770 | 359.00001872330904 | 135.42564392089844,193.1082305908203,0.2149697095155716 | -2.1246538162231445,-4.36061954498291,0.00028477690648287535 | 206.0 | -0.20632879436016083,-0.6759313344955444,-25.69020652770996 | -2.368783712387085,0.9941052794456482,0.0009886043844744563 | 0,0
10780 | 359.33335207402706 | 134.7035675048828,191.67601013183594,0.21515220403671265 | -2.7914693355560303,-3.9805047512054443,-0.0001419784384779632 | 215.0 | 0.4731748700141907,0.7844210863113403,-27.767948150634766 | -1.7718743085861206,1.1675761938095093,-0.0030504860915243626 | 0,0
10790 | 359.6666854247451 | 133.7489776611328,190.39732360839844,0.21541613340377808 | -3.488617420196533,-3.363373041152954,-0.00024352782929781824 | 226.0 | 0.7037087082862854,0.8674364686012268,-31.236167907714844 | -1.8265055418014526,1.7734192609786987,-0.003257589880377054 | 0,0
10800 | 360.0000187754631 | 132.5721893310547,189.3259735107422,0.21545779705047607 | -4.0945539474487305,-2.6297802925109863,-5.917516318731941e-05 | 237.3 | 0.3785425126552582,0.3176492154598236,-32.88294982910156 | -1.412758708000183,1.8660377264022827,-0.0028433825355023146 | 0,0
10810 | 360.3333521261811 | 131.20611572265625,188.49954223632812,0.2154664248228073 | -4.543429851531982,-1.8353137969970703,0.000100367033155635 | 248.0 | -0.7237257957458496,-0.40398845076560974,-32.24479293823242 | -0.9059285521507263,1.5375458002090454,0.0024869588669389486 | 0,0
10820 | 360.66668547689915 | 129.70022583007812,187.95684814453125,0.2155981808900833 | -4.828578948974609,-0.8517905473709106,-2.725146805460099e-05 | 260.0 | -0.0770442858338356,-0.025617821142077446,-34.0670166015625 | -0.5965232253074646,2.7971272468566895,0.0007740637520328164 | 0,0
10830 | 361.00001882761717 | 128.10755920410156,187.68466186523438,0.2152455896139145 | -4.941834926605225,-0.22883212566375732,0.0005739781190641224 | 267.3 | -1.6535998582839966,-0.2833728492259979,-26.11339569091797 | -0.12462615221738815,2.8711624145507812,0.0008833372849039733 | 0,0
10840 | 361.3333521783352 | 126.46957397460938,187.529052734375,0.21480876207351685 | -4.9559125900268555,-0.20627444982528687,0.00021438840485643595 | 267.6 | -1.2862681150436401,-0.11817480623722076,-12.111757278442383 | 0.007781981956213713,0.9620546698570251,-0.001697447500191629 | 0,0
10850 | 361.6666855290532 | 124.8231430053711,187.457275390625,0.21468406915664673 | -4.949544429779053,-0.00270291930064559,-2.357090124860406e-05 | 270.0 | 0.14254850149154663,0.030994653701782227,-9.167573928833008 | 0.032629963010549545,1.1598117351531982,-0.00013215727813076228 | 0,0
10860 | 362.00001887977123 | 123.17354583740234,187.4369354248047,0.21453312039375305 | -4.957206726074219,0.036904897540807724,6.121568731032312e-06 | 270.4 | -0.5305708646774292,0.018420880660414696,-4.636634826660156 | -0.03948211297392845,-0.05606229975819588,6.865310569992289e-05 | 0,0
10870 | 362.33335223048925 | 121.5193099975586,187.44509887695312,0.21445372700691223 | -4.969582557678223,0.08397381007671356,-7.628123199765469e-08 | 271.0 | -0.27463820576667786,0.01117664109915495,-2.76637601852417 | -0.04019736871123314,-0.0037316230591386557,5.492248237715103e-05 | 0,0
10880 | 362.6666855812073 | 119.86088562011719,187.46995544433594,0.21443286538124084 | -4.980349540710449,0.11389124393463135,-8.581638439864037e-07 | 271.3 | -0.05028613284230232,0.0010342469904571772,-1.7464380264282227 | -0.028195379301905632,0.13080483675003052,-4.576873470796272e-05 | 0,0
10890 | 363.0000189319253 | 118.1989974975586,187.5028533935547,0.21443137526512146 | -4.98997688293457,0.11671686917543411,-1.6972574030660326e-06 | 271.3 | -0.03321484848856926,-0.0002556189720053226,-0.8131853342056274 | -0.025277135893702507,0.1195746585726738,6.865308932901826e-06 | 0,0
10900 | 363.3333522826433 | 116.53404235839844,187.5399169921875,0.2146809697151184 | -4.999244689941406,0.12130553275346756,0.014958175830543041 | 271.4 | 0.01826692931354046,-4.8159839934669435e-05,-0.4500640332698822 | -0.027480123564600945,0.0727696642279625,0.44873037934303284 | 0,0
10910 | 363.66668563336134 | 114.8686294555664,187.57968139648438,0.2144339680671692 | -4.9950971603393555,0.12614573538303375,-0.004019877873361111 | 271.4 | 0.006528432480990887,0.019481202587485313,-0.3193908929824829 | -0.10416983813047409,0.036944519728422165,0.0666724443435669 | 0,0
10920 | 364.00001898407936 | 113.20069885253906,187.6211700439453,0.21479839086532593 | -4.985405921936035,0.12516552209854126,-0.01084152702242136 | 271.4 | -0.039830032736063004,-0.08267568051815033,-0.0961376428604126 | -0.2598380744457245,-0.011496840976178646,-0.31001225113868713 | 0,0
10930 | 364.3333523347974 | 111.52964782714844,187.66107177734375,0.2150486707687378 | -4.9958977699279785,0.11192604899406433,-0.0002632274408824742 | 271.3 | -0.060933422297239304,-0.19406268000602722,-1.0810887813568115 | 0.8673619627952576,-0.0904691144824028,-0.006147312931716442 | 0,0
10940 | 364.6666856855154 | 109.85749816894531,187.69622802734375,0.21485412120819092 | -4.983399391174316,0.08748854696750641,-0.012882326729595661 | 271.0 | -0.06333313137292862,-0.1792321652173996,0.653089165687561 | 0.5834340453147888,-0.13817979395389557,-0.3809746503829956 | 0,0
10950 | 365.0000190362334 | 108.18128967285156,187.72265625,0.21496184170246124 | -5.010623931884766,0.05818280205130577,-0.00011917034862563014 | 270.7 | 0.00023731071269139647,-0.22943086922168732,2.117208242416382 | 1.0511969327926636,-0.0976962149143219,-0.004184406250715256 | 0,0
10960 | 365.33335238695145 | 106.50202178955078,187.7397003173828,0.21485057473182678 | -5.055305004119873,0.03135533630847931,-0.00011062685371143743 | 270.4 | 0.06638101488351822,-0.058544743806123734,0.13733407855033875 | 0.30614373087882996,-0.130311980843544,-0.0023977095261216164 | 0,0
10970 | 365.66668573766947 | 104.82240295410156,187.7512664794922,0.21484072506427765 | -5.0786638259887695,0.0562923289835453,0.00018118700245395303 | 270.6 | 0.7070108652114868,0.09863335639238358,-0.660794198513031 | -0.2217721790075302,0.2903783917427063,-0.006639898754656315 | 0,0
10980 | 366.0000190883875 | 103.14413452148438,187.756103515625,0.2149200737476349 | -5.061649322509766,-0.00743121886625886,0.0018278697971254587 | 269.9 | -0.07203172892332077,0.2040877342224121,0.8574292063713074 | -0.4314136207103729,-0.15744926035404205,-0.03376302495598793 | 0,0
10990 | 366.3333524391055 | 101.46092224121094,187.75538635253906,0.2149534523487091 | -5.046215534210205,-0.018816649913787842,0.0026050612796097994 | 269.8 | 0.0238253865391016,0.14789164066314697,0.6318331956863403 | -0.532035768032074,0.051027849316596985,-0.04363761842250824 | 0,0
11000 | 366.66668578982353 | 99.77494812011719,187.74783325195312,0.21502158045768738 | -5.025330543518066,-0.030257204547524452,0.0021648802794516087 | 269.7 | 0.05410781130194664,0.0016130785224959254,0.38687628507614136 | -0.7563256621360779,-0.006040166597813368,0.4487784802913666 | 0,0
16330 | 544.3333617225289 | 169.17662048339844,187.677734375,0.2145775556564331 | -2.5124242305755615,-0.04661271348595619,-1.3864113498129882e-05 | 268.9 | -0.031033242121338844,1.1658607721328735,0.008727574720978737 | -2.1706936359405518,-0.04175986722111702,-0.00015961845929268748 | 0,0
16340 | 544.666695073247 | 168.22422790527344,187.6600799560547,0.21251028776168823 | -2.911850929260254,-0.05401235446333885,3.5470773127599386e-06 | 268.9 | 0.014317134395241737,-0.8869839310646057,-0.010943394154310226 | 2.6130149364471436,0.047835852950811386,0.0008055297075770795 | 0,0
16350 | 545.000028423965 | 167.4895477294922,187.64654541015625,0.21749594807624817 | -1.945745825767517,-0.03512747958302498,6.674607675449806e-07 | 269.0 | 0.0007345583871938288,0.42755162715911865,-0.022562537342309952 | -0.6189393401145935,-0.00855278130620718,-1.7163272332254564e-06 | 0,0
16360 | 545.333361774683 | 166.72401428222656,187.6327667236328,0.21310706436634064 | -2.6517152786254883,-0.04647379368543625,-4.2812840547412634e-05 | 269.0 | -0.021113792434334755,0.9887331128120422,-0.047779735177755356 | -2.3427841663360596,-0.03660566732287407,-0.00015218107728287578 | 0,0
16370 | 545.666695125401 | 165.70431518554688,187.6151123046875,0.21121959388256073 | -3.4111721515655518,-0.05577045679092407,-2.3837883418309502e-05 | 269.1 | 0.009790685959160328,0.18881076574325562,-0.13630469143390656 | -2.2225282192230225,-0.028400791808962822,0.00010755656694527715 | 0,0
16380 | 546.000028476119 | 164.44046020507812,187.59494018554688,0.211013063788414 | -4.1266021728515625,-0.05933946371078491,3.5280068004794884e-06 | 269.2 | 0.023720497265458107,-0.021589506417512894,-0.2687462866306305 | -2.058405637741089,0.001556910458020866,0.00011270550749031827 | 0,0
16390 | 546.3333618268371 | 163.04945373535156,187.5758819580078,0.21434222161769867 | -3.7404513359069824,-0.041747864335775375,9.674367174739018e-05 | 269.4 | 0.04693872481584549,-2.3282153606414795,-0.408680260181427 | 5.2888007164001465,0.12104640901088715,0.00019108445849269629 | 0,0
16400 | 546.6666951775551 | 161.92831420898438,187.5638885498047,0.21637660264968872 | -3.4114809036254883,-0.027279721572995186,2.4028588541114004e-06 | 269.5 | -0.01332435104995966,1.0153732299804688,-0.4139845073223114 | -1.3615535497665405,0.01832708530128002,1.3730625141761266e-05 | 0,0
16410 | 547.0000285282731 | 160.68453979492188,187.55386352539062,0.2127888798713684 | -4.027315139770508,-0.02296595461666584,-4.0085786167765036e-05 | 269.7 | -0.023707829415798187,0.636766791343689,-0.45527082681655884 | -1.9735621213912964,0.007233917247503996,6.979734462220222e-05 | 0,0
16420 | 547.3333618789911 | 159.24595642089844,187.54649353027344,0.2120991051197052 | -4.510085582733154,-0.011398227885365486,5.549459274334367e-06 | 269.9 | -0.00699065113440156,-0.18743667006492615,-0.5367496609687805 | -0.8696793913841248,-0.0046663167886435986,0.0002002382097998634 | 0,0
16430 | 547.6666952297091 | 157.71815490722656,187.54324340820312,0.21341830492019653 | -4.613029956817627,0.0015807327581569552,2.294158002769109e-05 | 270.0 | -0.02132205292582512,-0.3730716109275818,-0.5098409652709961 | 0.0035333631094545126,-0.009063990786671638,2.00238519028062e-05 | 0,0
16440 | 548.0000285804272 | 156.18630981445312,187.54408264160156,0.21437163650989532 | -4.581825256347656,0.011821474879980087,6.522044714074582e-06 | 270.1 | -0.029880935326218605,-0.1337965428829193,-0.42091718316078186 | 0.09574412554502487,-0.013944524340331554,-5.148990112502361e-06 | 1,7
16450 | 548.3333619311452 | 154.8091583251953,187.54757690429688,0.2183697521686554 | -3.346085786819458,0.014005492441356182,-2.7365891583031043e-05 | 270.2 | -0.048078134655952454,-1.9181430339813232,-0.2735150456428528 | 6.314720630645752,-0.04839649051427841,-0.0005532295908778906 | 1,7
16460 | 548.6666952818632 | 154.09034729003906,187.55015563964844,0.2236141562461853 | -0.9894586205482483,0.004585734102874994,-0.00012143971980549395 | 0 | -0.05296168848872185,-1.3954540491104126,-0.21348045766353607 | 10.563273429870605,-0.0668414831161499,2.002401561185252e-05 | 1,7
16470 | 549.0000286325812 | 154.05783081054688,187.55023193359375,0.22099238634109497 | 0.008401063270866871,-5.589513966697268e-05,0.0002616255369503051 | 0 | 0.009838519617915154,2.2464065551757812,0.000573086435906589 | -0.008296267129480839,0.00040193067979998887,0.00017220443987753242 | 1,7
16480 | 549.3333619832993 | 154.05482482910156,187.5502471923828,0.21586589515209198 | 0.002603458007797599,-7.004188319115201e-06,8.963043910625856e-06 | 0 | 0.0014542218996211886,0.6569796800613403,3.9536516851512715e-05 | -0.013272449374198914,3.467257920419797e-05,-0.00037587570841424167 | 1,7
16490 | 549.6666953340173 | 154.05429077148438,187.5502471923828,0.21488818526268005 | 0.00039729190757498145,-4.309847554395674e-06,-9.363520803162828e-06 | 0 | 0.0011986297322437167,0.09904586523771286,-3.1372866260426235e-07 | 0.0002396604249952361,8.044961759878788e-06,3.4326510558457812e-06 | 1,7
16500 | 550.0000286847353 | 154.0541534423828,187.5502471923828,0.21465560793876648 | 6.871709774713963e-05,-9.455625331611373e-07,-2.8414758617145708e-06 | 0 | 0.0002604269830044359,0.01706276647746563,-1.1643355719570536e-06 | 0.0006775992223992944,-6.956177912798012e-06,-4.748506398755126e-05 | 1,7
16510 | 550.3333620354533 | 154.05409240722656,187.55026245117188,0.21458853781223297 | 4.42720229330007e-05,-4.771038675244199e-07,-1.2395699968692497e-06 | 0 | 0.00013162127288524061,0.011010011658072472,1.6352039722278278e-07 | -0.00019363188766874373,1.6454275737487478e-06,2.2884363716002554e-05 | 1,7
16520 | 550.6666953861713 | 154.05406188964844,187.55026245117188,0.21457237005233765 | 1.3502903129847255e-05,-2.312387437086727e-07,-4.32895967605873e-06 | 0 | 6.054097320884466e-05,0.003357376903295517,-2.6817561504799414e-09 | -4.6670116716995835e-05,-2.703056907193968e-06,1.4874848602630664e-05 | 1,7
16530 | 551.0000287368894 | 154.05406188964844,187.55026245117188,0.21456779539585114 | 3.916539299098076e-06,-7.818896818889698e-08,2.8414758617145708e-06 | 0 | 1.8201990314992145e-05,0.0009732841863296926,-1.7793075457461782e-08 | -7.248599558806745e-06,1.0458562655912829e-06,1.6019059330574237e-05 | 1,7
16540 | 551.3333620876074 | 154.05406188964844,187.55026245117188,0.2145659625530243 | 8.836263987177517e-07,-2.602955184727307e-08,-2.6889133550866973e-06 | 0 | 7.472698598576244e-06,0.0002197368594352156,-8.072984059026567e-09 | 1.921064040288911e-06,1.4062949276194558e-06,-2.2312258806778118e-05 | 1,7
16550 | 551.6666954383254 | 154.05406188964844,187.55026245117188,0.21456481516361237 | 1.8829803138942225e-07,-1.75894818710276e-08,1.4302730733106728e-06 | 0 | 9.209141467181325e-07,4.653696669265628e-05,-8.968108922147167e-09 | 1.4087362387726898e-06,-5.036129664404143e-07,1.7163276424980722e-05 | 1,7
16560 | 552.0000287890434 | 154.05406188964844,187.55026245117188,0.21456481516361237 | 2.1389688242834382e-07,-7.326245565764111e-08,2.3837885692046257e-06 | 0 | 1.959024120878894e-05,5.257679367787205e-05,-6.037720368112787e-08 | 1.2163756082372856e-06,6.2662576283401e-07,2.288440782649559e-06 | 1,7
16570 | 552.3333621397614 | 154.05406188964844,187.55026245117188,0.21456481516361237 | -7.085877662404982e-09,1.394607807014836e-07,-2.002382188948104e-06 | 0 | -3.2815427402965724e-05,-1.5384016478492413e-06,8.169556764414665e-08 | -5.559941769206489e-07,4.719666776509257e-06,4.176397487754002e-05 | 1,7
16580 | 552.6666954904795 | 154.05406188964844,187.55026245117188,0.21456481516361237 | 5.937496894148353e-08,3.513936519539129e-08,2.974967856061994e-06 | 0 | -8.474760761600919e-06,1.4463174011325464e-05,1.1442863545596538e-08 | -7.176034273470577e-07,1.2904147297376767e-06,1.201428585773101e-05 | 1,7
16590 | 553.0000288411975 | 154.05406188964844,187.55026245117188,0.21456481516361237 | -8.043753751962868e-08,-5.674084491147369e-08,-3.1275303626898676e-06 | 0 | 1.4727002053405158e-05,-1.9744264136534184e-05,-2.7408059821709685e-08 | 1.4797747098782565e-06,-1.4961080978537211e-06,1.7163255279228906e-06 | 1,7
16600 | 553.3333621919155 | 154.05406188964844,187.55026245117188,0.21456481516361237 | 4.9757360898183833e-08,3.3637203245007186e-08,1.0488669204278267e-06 | 0 | -1.2338638043729588e-05,1.2006632459815592e-05,1.8175370541939628e-08 | 2.0619377494313085e-07,-3.9438006638192746e-07,3.4326552849961445e-05 | 1,7
16610 | 553.6666955426335 | 154.05406188964844,187.55026245117188,0.21456481516361237 | 3.94042629636715e-08,-3.2630126156618644e-08,3.051248995689093e-06 | 0 | 7.77700734033715e-06,9.588256943970919e-06,-2.3755198697017477e-08 | -1.1313570666970918e-06,9.164691618934739e-07,3.947552977479063e-05 | 1,7
16620 | 554.0000288933516 | 154.05406188964844,187.55026245117188,0.21456481516361237 | -1.0319004672965093e-07,-4.517076135357456e-08,-2.2312258352030767e-06 | 0 | 1.158725171990227e-05,-2.5178338546538725e-05,-1.3474535265345366e-08 | -1.1761572977775359e-06,-7.600150411235518e-07,1.1442190952948295e-05 | 1,7
16630 | 554.3333622440696 | 154.05406188964844,187.55026245117188,0.21456481516361237 | 1.0484376389285899e-07,-8.062198020297728e-08,2.9368272862484446e-06 | 0 | 2.1086692868266255e-05,2.5526140234433115e-05,-6.223999804433333e-08 | 1.216084683619556e-06,-7.217252459668089e-06,1.1442169807196478e-06 | 1,7
16640 | 554.6666955947876 | 154.05406188964844,187.55026245117188,0.21456481516361237 | -9.333429318303388e-08,-2.8565395382429415e-08,-2.784264779620571e-06 | 0 | 1.1012513823516201e-05,-2.2741332941222936e-05,-1.2839637797412706e-08 | 4.145654131093579e-08,3.4772523349602125e-07,6.293200385698583e-06 | 1,7
16650 | 555.0000289455056 | 154.05406188964844,187.55026245117188,0.21456481516361237 | 8.358857428447664e-08,-1.302908572142769e-07,1.5828354662517086e-06 | 0 | 3.632681546150707e-05,2.0207080524414778e-05,-9.896712072077207e-08 | 2.4524338186893146e-06,-4.0130785237124655e-06,4.4052405428374186e-05 | 1,7
16660 | 555.3333622962236 | 154.05406188964844,187.55026245117188,0.21456481516361237 | 3.6941955272595806e-08,1.0848301457144771e-07,2.5363508484588237e-06 | 0 | -3.045742414542474e-05,9.142569979303516e-06,6.914621764053663e-08 | 1.2338428234670573e-07,-3.4920331071219834e-09,2.8605425086425385e-06 | 1,7
16670 | 555.6666956469417 | 154.05406188964844,187.55026245117188,0.21456481516361237 | -8.389956462906412e-08,8.348433611082839e-10,-2.135874410669203e-06 | 0 | 1.9888275346602313e-06,-2.0376672182464972e-05,8.83875461710204e-09 | 7.278486435779996e-08,1.1796103080996545e-06,6.293200385698583e-06 | 1,7
16680 | 556.0000289976597 | 154.05406188964844,187.55026245117188,0.21456481516361237 | 1.415964305806483e-07,1.942401439691821e-08,3.2991633815981913e-06 | 0 | -3.6894693948852364e-06,3.4599073842400685e-05,-8.012727370498851e-09 | 3.550352857928374e-06,-1.214494432133506e-06,2.2884374629938975e-05 | 1,7
16690 | 556.3333623483777 | 154.05406188964844,187.55026245117188,0.21456481516361237 | -5.6597709630068493e-08,4.5593552044920216e-08,-1.8116792261935188e-06 | 0 | -7.034617283352418e-06,-1.3684708392247558e-05,2.706076607239538e-08 | -9.983787094824947e-07,2.188703774663736e-06,1.3730621503782459e-05 | 1,7
16700 | 556.6666956990957 | 154.05406188964844,187.55026245117188,0.21456481516361237 | 8.358860981161342e-08,-1.302908572142769e-07,1.5828354662517086e-06 | 0 | 3.632681546150707e-05,2.0207080524414778e-05,-9.896719177504565e-08 | 2.452434955557692e-06,-4.0130785237124655e-06,4.4052405428374186e-05 | 1,7
16710 | 557.0000290498137 | 154.05406188964844,187.55026245117188,0.21456481516361237 | 3.774190204808292e-08,1.0757170088027124e-07,2.5363508484588237e-06 | 0 | -3.0196013540262356e-05,9.340819815406576e-06,6.855030676433671e-08 | 1.0970253327968749e-07,-5.686181836495052e-08,2.8605425086425385e-06 | 1,7
16720 | 557.3333624005318 | 154.05406188964844,187.55026245117188,0.21456481516361237 | -8.523446837216397e-08,-1.636622037892721e-08,-2.135874410669203e-06 | 0 | 1.1763227121264208e-06,-2.0885796402581036e-05,5.0550239549806975e-09 | 4.703458600374688e-08,1.7318076572792052e-07,6.293200385698583e-06 | 1,7
16730 | 557.6666957512498 | 154.05406188964844,187.55026245117188,0.21456481516361237 | 2.8800648976812226e-08,6.635151805767237e-08,2.7461242098070215e-06 | 0 | -1.513811366748996e-05,6.896029390190961e-06,2.7909759836575176e-08 | -3.42750763593358e-06,1.7650942254476831e-06,-1.0297966582584195e-05 | 1,7
16740 | 558.0000291019678 | 154.05406188964844,187.55026245117188,0.21456481516361237 | -5.6597709630068493e-08,4.5593552044920216e-08,-1.8116792261935188e-06 | 0 | -7.034617283352418e-06,-1.3684708392247558e-05,2.7060780283250097e-08 | -9.983787094824947e-07,2.188703774663736e-06,1.3730621503782459e-05 | 1,7
16750 | 558.3333624526858 | 154.05406188964844,187.55026245117188,0.21456481516361237 | 3.2215794476542214e-08,8.908916981908988e-08,3.184741217410192e-06 | 0 | -2.1995550923747942e-05,7.759656000416726e-06,4.4176491797998096e-08 | -3.4275726648047566e-06,1.8306756146557746e-06,-1.0297966582584195e-05 | 1,7
16760 | 558.6666958034039 | 154.05406188964844,187.55026245117188,0.21456481516361237 | 3.865021724891449e-08,1.075763833568999e-07,2.5554211333655985e-06 | 0 | -3.019753421540372e-05,9.566492735757492e-06,6.855738376998488e-08 | 1.0968814478928834e-07,-5.7650307638823506e-08,2.8605425086425385e-06 | 1,7
16770 | 559.0000291541219 | 154.05406188964844,187.55026245117188,0.21456481516361237 | -8.330356138230854e-08,-6.656987405762038e-09,-2.1549446955759777e-06 | 0 | 2.314241555723129e-06,-2.032105840044096e-05,5.273891989787671e-09 | 6.732427237921002e-08,8.639649990982434e-07,6.293200385698583e-06 | 1,7
16780 | 559.3333625048399 | 154.05406188964844,187.55026245117188,0.21456481516361237 | 1.4296055894646997e-07,2.012330568845755e-08,3.2991633815981913e-06 | 0 | -3.900998308381531e-06,3.4938457247335464e-05,-7.505611243630028e-09 | 3.5501439015206415e-06,-1.2109835552109871e-06,2.2884374629938975e-05 | 1,7
16790 | 559.6666958555579 | 154.05406188964844,187.55026245117188,0.21456481516361237 | -1.994002474248191e-08,-7.511316901798182e-09,-1.9833119040413294e-06 | 0 | 6.627845777984476e-06,-4.700449608208146e-06,-7.816610470001706e-09 | 1.6986288642328873e-07,7.514660183005617e-07,8.581640940974467e-06 | 1,7
16800 | 560.0000292062759 | 154.05406188964844,187.55026245117188,0.21456481516361237 | 8.22180226123237e-08,-1.2607823407506658e-07,1.5637651813449338e-06 | 0 | 3.51889175362885e-05,1.9870522010023706e-05,-9.625379249200705e-08 | 2.411317382211564e-06,-3.886699687427608e-06,4.348029688117094e-05 | 1,7
16810 | 560.333362556994 | 154.05406188964844,187.55026245117188,0.21456481516361237 | 3.785372015840949e-08,1.1194900650934869e-07,2.5554211333655985e-06 | 0 | -3.150063275825232e-05,9.371388841827866e-06,7.161765580576684e-08 | 1.2335848964539764e-07,-5.4780708858004346e-09,2.8605425086425385e-06 | 1,7
16820 | 560.666695907712 | 154.05406188964844,187.55026245117188,0.21456481516361237 | -8.540736473605648e-08,-2.492852146929181e-08,-2.1549446955759777e-06 | 0 | -2.756072206011595e-07,-2.0823037630179897e-05,1.0967045049881108e-08 | 3.6400532366087646e-08,-5.269387202133657e-07,6.293200385698583e-06 | 1,7
16830 | 561.00002925843 | 154.05406188964844,187.55026245117188,0.21456481516361237 | 6.566705934574202e-08,1.636182958009158e-07,3.108460077783093e-06 | 0 | -3.907839345629327e-05,1.599540155439172e-05,8.016329644533471e-08 | -1.1070895880038734e-06,7.77131845097756e-06,1.2014292224193923e-05 | 1,7
16840 | 561.333362609148 | 154.05406188964844,187.55026245117188,0.21456481516361237 | -1.6983248585233923e-08,-1.2370764412850122e-09,-1.9833119040413294e-06 | 0 | 4.740134500025306e-06,-3.961699349019909e-06,-3.3412457245418636e-09 | 1.6957788773197535e-07,7.41859139452572e-07,8.581640940974467e-06 | 1,7
16850 | 561.666695959866 | 154.05406188964844,187.55026245117188,0.21456481516361237 | 8.221803682317841e-08,-1.2607823407506658e-07,1.5637651813449338e-06 | 0 | 3.51889175362885e-05,1.9870522010023706e-05,-9.6254069603674e-08 | 2.4113176095852396e-06,-3.886699687427608e-06,4.348029688117094e-05 | 1,7
16860 | 562.0000293105841 | 154.05406188964844,187.55026245117188,0.21456481516361237 | 3.6724443930324924e-08,1.0928962979050993e-07,2.5363508484588237e-06 | 0 | -3.071295577683486e-05,9.089170816878323e-06,6.97693209872341e-08 | 1.0971457697905862e-07,-5.6306316054133276e-08,2.8605425086425385e-06 | 1,7
16870 | 562.3333626613021 | 154.05406188964844,187.55026245117188,0.21456481516361237 | -8.665785600214804e-08,-3.050397978654473e-08,-2.135874410669203e-06 | 0 | 1.3962639968667645e-06,-2.1137395378900692e-05,7.010700908693934e-09 | 5.6950280935552655e-08,-5.385257964007906e-07,6.865308932901826e-06 | 1,7
16880 | 562.6666960120201 | 154.05406188964844,187.55026245117188,0.21456481516361237 | 1.0583561049770651e-07,-8.340215629232262e-08,2.91775700134167e-06 | 0 | 2.2255444491747767e-05,2.5773797460715286e-05,-6.493404924867718e-08 | 2.3630802203911117e-08,-5.729050371883204e-06,6.293200385698583e-06 | 1,7
16890 | 563.0000293627381 | 154.05406188964844,187.55026245117188,0.21456481516361237 | -5.8535686520144736e-08,5.021607663024952e-08,-1.792608941286744e-06 | 0 | -8.386638910451438e-06,-1.41618620546069e-05,3.029072814797473e-08 | -1.015591465147736e-06,2.2129786430014065e-06,1.4302730050985701e-05 | 1,7
16900 | 563.3333627134562 | 154.05406188964844,187.55026245117188,0.21456481516361237 | 1.1900547036702847e-07,-8.419232244705199e-08,1.4302730733106728e-06 | 0 | 2.4432009013253264e-05,2.893609052989632e-05,-7.337020235809177e-08 | 2.383561422902858e-06,-4.03248213842744e-06,4.4624517613556236e-05 | 1,7
16910 | 563.6666960641742 | 154.05406188964844,187.55026245117188,0.21456481516361237 | 4.21361967539724e-08,1.2433009999313072e-07,2.307507202203851e-06 | 0 | -3.3127351343864575e-05,1.0245842531730887e-05,7.017202818815349e-08 | -6.360778126435207e-09,1.1447865944091973e-07,4.004766196885612e-06 | 1,7
16920 | 564.0000294148922 | 154.05406188964844,187.55026245117188,0.21456481516361237 | -6.738140712059248e-08,6.977916022776753e-10,-2.3837885692046257e-06 | 0 | -3.7569152482319623e-06,-1.6439813407487236e-05,1.6252224455115538e-08 | 1.122034063882893e-06,1.3548842616728507e-06,1.1442169807196478e-06 | 1,7
16930 | 564.3333627656102 | 154.05406188964844,187.55026245117188,0.21456481516361237 | 8.843752397069693e-08,-7.044215877272109e-09,2.91775700134167e-06 | 0 | 2.398532615188742e-06,2.158204370061867e-05,-1.654546899487741e-08 | -5.042579243053069e-09,7.996797535270161e-08,5.72109183849534e-06 | 1,7
16940 | 564.6666961163282 | 154.05406188964844,187.55026245117188,0.21456481516361237 | -6.726300938453278e-08,3.270605475336197e-08,-1.8116792261935188e-06 | 0 | -5.283841346681584e-06,-1.6234262147918344e-05,2.583708536008089e-08 | -1.0842609299288597e-06,2.1403009213827318e-06,1.4302730050985701e-05 | 1,7
16950 | 565.0000294670463 | 154.05406188964844,187.55026245117188,0.21456481516361237 | 8.358860981161342e-08,-1.302908572142769e-07,1.5828354662517086e-06 | 0 | 3.632681546150707e-05,2.0207080524414778e-05,-9.89669644013702e-08 | 2.452434955557692e-06,-4.0130785237124655e-06,4.4052405428374186e-05 | 1,7
16960 | 565.3333628177643 | 154.05406188964844,187.55026245117188,0.21456481516361237 | 3.897621425608122e-08,1.0954477147606667e-07,2.5554211333655985e-06 | 0 | -3.077588917221874e-05,9.648673767514993e-06,6.990552492425195e-08 | 1.2366724888579483e-07,-1.276312300291238e-08,2.8605425086425385e-06 | 1,7
16970 | 565.6666961684823 | 154.05406188964844,187.55026245117188,0.21456481516361237 | -8.76094929935789e-08,-1.1140199873693746e-08,-2.1740149804827524e-06 | 0 | -3.2826741858116293e-07,-2.147294071619399e-05,8.448182597931009e-09 | 3.515651414431886e-08,-1.950554775476121e-07,6.293207206908846e-06 | 1,7
16980 | 566.0000295192003 | 154.05406188964844,187.55026245117188,0.21456481516361237 | 1.0699542229986037e-07,-8.52880077673035e-08,2.9368272862484446e-06 | 0 | 2.2491169147542678e-05,2.605762711027637e-05,-6.555475096092778e-08 | 1.2160498954472132e-06,-7.22018739907071e-06,1.1442169807196478e-06 | 1,7
16990 | 566.3333628699183 | 154.05406188964844,187.55026245117188,0.21456481516361237 | -5.7853373647276385e-08,5.160923066682699e-08,-1.792608941286744e-06 | 0 | -8.806176992948167e-06,-1.3991417290526442e-05,3.12864720797279e-08 | -1.015602492770995e-06,2.2128472210170003e-06,1.4302730050985701e-05 | 1,7
17000 | 566.6666962206364 | 154.05406188964844,187.55026245117188,0.21456481516361237 | 8.358860981161342e-08,-1.302908572142769e-07,1.5828354662517086e-06 | 0 | 3.632681546150707e-05,2.0207080524414778e-05,-9.896708519363528e-08 | 2.452434955557692e-06,-4.0130785237124655e-06,4.4052405428374186e-05 | 1,7
17010 | 567.0000295713544 | 154.05406188964844,187.55026245117188,0.21456481516361237 | 3.898688660797234e-08,1.0463567434726428e-07,2.5363508484588237e-06 | 0 | -2.931236849690322e-05,9.648192644817755e-06,6.646445172009408e-08 | 1.0968526709120852e-07,-5.8009700154570965e-08,2.8605425086425385e-06 | 1,7
17020 | 567.3333629220724 | 154.05406188964844,187.55026245117188,0.21456481516361237 | -8.790764383093119e-08,-2.494569351085829e-08,-2.1549446955759777e-06 | 0 | -2.714025697514444e-07,-2.1444233425427228e-05,1.0949703366236463e-08 | 3.648089474950211e-08,-5.17878675054817e-07,6.293200385698583e-06 | 1,7
17030 | 567.6666962727904 | 154.05406188964844,187.55026245117188,0.21456481516361237 | 1.4499885025998083e-07,1.3374010343625287e-08,3.2991633815981913e-06 | 0 | -1.8693970105232438e-06,3.5440403735265136e-05,-1.2305041430238361e-08 | 3.5501084312272724e-06,-1.2138925740146078e-06,2.2884374629938975e-05 | 1,7
17040 | 568.0000296235085 | 154.05406188964844,187.55026245117188,0.21456481516361237 | -9.755299146263496e-08,1.5171917766565457e-07,-2.1549446955759777e-06 | 0 | -3.409165583434515e-05,-2.3712131223874167e-05,9.327430205985365e-08 | -2.172464519389905e-06,5.236842753220117e-06,3.4326578770560445e-06 | 1,7
17050 | 568.3333629742265 | 154.05406188964844,187.55026245117188,0.21456481516361237 | 8.221804392860577e-08,-1.2607823407506658e-07,1.5637651813449338e-06 | 0 | 3.51889175362885e-05,1.9870522010023706e-05,-9.625401276025514e-08 | 2.411317836958915e-06,-3.886699687427608e-06,4.348029688117094e-05 | 1,7
17060 | 568.6666963249445 | 154.05406188964844,187.55026245117188,0.21456481516361237 | 3.6052810514775047e-08,1.1072439320969352e-07,2.517280563552049e-06 | 0 | -3.1131814466789365e-05,8.92314528755378e-06,7.073776231436568e-08 | 1.2338736610217893e-07,-3.7403675712255335e-09,2.8605425086425385e-06 | 1,7
17070 | 569.0000296756625 | 154.05406188964844,187.55026245117188,0.21456481516361237 | -8.265423190323418e-08,3.0114732929575894e-10,-2.1740149804827524e-06 | 0 | 2.254105766041903e-06,-2.0068289813934825e-05,8.070119683623034e-09 | 7.332331364295896e-08,6.580814329026907e-07,6.293207206908846e-06 | 1,7
17080 | 569.3333630263805 | 154.05406188964844,187.55026245117188,0.21456481516361237 | 1.4274029069838434e-07,2.0057559169117667e-08,3.2800926419440657e-06 | 0 | -3.898087015841156e-06,3.488377478788607e-05,-7.493992981721931e-09 | 3.5636319353216095e-06,-1.2651373708649771e-06,2.2884360078023747e-05 | 1,7
17090 | 569.6666963770986 | 154.05406188964844,187.55026245117188,0.21456481516361237 | -9.584180560295863e-08,1.5160914301759476e-07,-2.1740149804827524e-06 | 0 | -3.409794589970261e-05,-2.3288337615667842e-05,9.325614769295498e-08 | -2.155255288016633e-06,5.212844371271785e-06,2.8605493298528017e-06 | 1,7
17100 | 570.0000297278166 | 154.05406188964844,187.55026245117188,0.21456481516361237 | 8.358860981161342e-08,-1.302908572142769e-07,1.5828354662517086e-06 | 0 | 3.632681546150707e-05,2.0207080524414778e-05,-9.896712782619943e-08 | 2.452434955557692e-06,-4.0130785237124655e-06,4.4052405428374186e-05 | 1,7
17110 | 570.3333630785346 | 154.05406188964844,187.55026245117188,0.21456481516361237 | 3.683676652599388e-08,1.0656966509259291e-07,2.5363508484588237e-06 | 0 | -2.9881446607760154e-05,9.115168722928502e-06,6.778294192599787e-08 | 1.2338757926499966e-07,-3.4766853840295653e-09,2.8605425086425385e-06 | 1,7
17120 | 570.6666964292526 | 154.05406188964844,187.55026245117188,0.21456481516361237 | -8.401308804195651e-08,1.1814245137742319e-09,-2.1740149804827524e-06 | 0 | 1.8845220211005653e-06,-2.0404653696459718e-05,9.08505981556118e-09 | 7.278870128857307e-08,1.1796646504080854e-06,6.293207206908846e-06 | 1,7
17130 | 571.0000297799706 | 154.05406188964844,187.55026245117188,0.21456481516361237 | 6.373561944883477e-08,1.7020387588218e-07,3.108460077783093e-06 | 0 | -4.105955667910166e-05,1.5519894077442586e-05,8.484125402219433e-08 | -1.1068783578593866e-06,7.767741408315487e-06,1.144218367699068e-05 | 1,7
17140 | 571.3333631306887 | 154.05406188964844,187.55026245117188,0.21456481516361237 | -1.766546020576243e-08,-2.6302495736985065e-09,-1.9833119040413294e-06 | 0 | 5.1596693992905784e-06,-4.132117737754015e-06,-4.33659375076445e-09 | 1.6958864534899476e-07,7.419897656291141e-07,8.581640940974467e-06 | 1,7
17150 | 571.6666964814067 | 154.05406188964844,187.55026245117188,0.21456481516361237 | 8.221803682317841e-08,-1.2607823407506658e-07,1.5637651813449338e-06 | 0 | 3.51889175362885e-05,1.9870522010023706e-05,-9.625414065794757e-08 | 2.4113176095852396e-06,-3.886699687427608e-06,4.348029688117094e-05 | 1,7
17160 | 572.0000298321247 | 154.05406188964844,187.55026245117188,0.21456481516361237 | 3.7631767924040105e-08,1.1068784999679337e-07,2.5363508484588237e-06 | 0 | -3.11339863401372e-05,9.315519491792656e-06,7.076920383042307e-08 | 1.0970295960532894e-07,-5.6887397903437886e-08,2.8605425086425385e-06 | 1,7
17170 | 572.3333631828427 | 154.05406188964844,187.55026245117188,0.21456481516361237 | -8.6730459258888e-08,-1.7221009063206338e-09,-2.1549446955759777e-06 | 0 | 2.8316082989476854e-06,-2.1082236344227567e-05,6.675652919341246e-09 | 4.030865952131535e-08,8.356254284080933e-07,6.293200385698583e-06 | 1,7
17180 | 572.6666965335608 | 154.05406188964844,187.55026245117188,0.21456481516361237 | 6.373515049062917e-08,1.667332441002145e-07,3.108460077783093e-06 | 0 | -4.0014849219005555e-05,1.551748027850408e-05,8.236932558247645e-08 | -1.1068759704357944e-06,7.76776869315654e-06,1.144218367699068e-05 | 1,7
17190 | 573.0000298842788 | 154.05406188964844,187.55026245117188,0.21456481516361237 | -1.6983248585233923e-08,-1.237085545113814e-09,-1.9833119040413294e-06 | 0 | 4.7401358642673586e-06,-3.961699349019909e-06,-3.3411693411977694e-09 | 1.6957788773197535e-07,7.418589120788965e-07,8.581640940974467e-06 | 1,7
17200 | 573.3333632349968 | 154.05406188964844,187.55026245117188,0.21456481516361237 | 8.221804392860577e-08,-1.2607823407506658e-07,1.5637651813449338e-06 | 0 | 3.51889175362885e-05,1.9870522010023706e-05,-9.625399854940042e-08 | 2.411317836958915e-06,-3.886699687427608e-06,4.348029688117094e-05 | 1,7
17210 | 573.6666965857148 | 154.05406188964844,187.55026245117188,0.21456481516361237 | 3.582419694225791e-08,1.1089841223110852e-07,2.517280563552049e-06 | 0 | -3.118403037660755e-05,8.86646012077108e-06,7.086017461688243e-08 | 1.2338833244029956e-07,-4.312496582059566e-09,2.8605425086425385e-06 | 1,7
17220 | 574.0000299364328 | 154.05406188964844,187.55026245117188,0.21456481516361237 | -8.265413242725117e-08,3.0116550919778717e-10,-2.1740149804827524e-06 | 0 | 2.2540993995789904e-06,-2.0068264348083176e-05,8.070157875295081e-09 | 7.33243794570626e-08,6.58081319215853e-07,6.293207206908846e-06 | 1,7
17230 | 574.3333632871509 | 154.05406188964844,187.55026245117188,0.21456481516361237 | 6.374236249939713e-08,1.7365867677199276e-07,3.108460077783093e-06 | 0 | -4.2101288272533566e-05,1.5523868569289334e-05,8.731032608011446e-08 | -1.107038656300574e-06,7.777427526889369e-06,1.2014292224193923e-05 | 1,7
17240 | 574.6666966378689 | 154.05406188964844,187.55026245117188,0.21456481516361237 | -1.6983248585233923e-08,-1.2370764412850122e-09,-1.9833119040413294e-06 | 0 | 4.740134500025306e-06,-3.961699349019909e-06,-3.341194876327336e-09 | 1.6957777404513763e-07,7.41859139452572e-07,8.581640940974467e-06 | 1,7
17250 | 575.0000299885869 | 154.05406188964844,187.55026245117188,0.21456481516361237 | 8.221803682317841e-08,-1.2607823407506658e-07,1.5637651813449338e-06 | 0 | 3.51889175362885e-05,1.9870522010023706e-05,-9.625406249824664e-08 | 2.4113176095852396e-06,-3.886699687427608e-06,4.348029688117094e-05 | 1,7
17260 | 575.3333633393049 | 154.05406188964844,187.55026245117188,0.21456481516361237 | 3.6951224302583796e-08,1.092976802397061e-07,2.5363508484588237e-06 | 0 | -3.07153350149747e-05,9.145517651631963e-06,6.977555244702671e-08 | 1.0971297825790316e-07,-5.6875673948297845e-08,2.8605425086425385e-06 | 1,7
17270 | 575.666696690023 | 154.05406188964844,187.55026245117188,0.21456481516361237 | -8.492108349855698e-08,4.805815190245255e-10,-2.135874410669203e-06 | 0 | 2.094621322612511e-06,-2.0630690414691344e-05,8.587462296816284e-09 | 7.284092617965143e-08,1.1857588333441527e-06,6.293200385698583e-06 | 1,7
17280 | 576.000030040741 | 154.05406188964844,187.55026245117188,0.21456481516361237 | 1.0426913377159508e-07,-6.8500618510825e-08,3.1466006475966424e-06 | 0 | 1.7478791050962172e-05,2.5392957468284294e-05,-5.366175415133512e-08 | 1.195551703858655e-06,-7.202897450042656e-06,1.1442169807196478e-06 | 1,7
17290 | 576.333363391459 | 154.05406188964844,187.55026245117188,0.21456481516361237 | -1.834803597944301e-08,-4.027770117431828e-09,-1.9833119040413294e-06 | 0 | 5.5792220337025356e-06,-4.302616616769228e-06,-5.328914198798884e-09 | 1.6982104966700717e-07,7.491339033549593e-07,8.581640940974467e-06 | 1,7
17300 | 576.666696742177 | 154.05406188964844,187.55026245117188,0.21456481516361237 | 8.358860981161342e-08,-1.302908572142769e-07,1.5828354662517086e-06 | 0 | 3.632681546150707e-05,2.0207078705425374e-05,-9.896711361534472e-08 | 2.452434955557692e-06,-4.0130785237124655e-06,4.4052405428374186e-05 | 1,7
17310 | 577.000030092895 | 154.05406188964844,187.55026245117188,0.21456481516361237 | 4.160390076890508e-08,1.0364674096763338e-07,2.5554211333655985e-06 | 0 | -2.9001459552091546e-05,1.0297621884092223e-05,6.571938371280339e-08 | 1.2364156987132446e-07,-1.157282181196706e-08,2.8605425086425385e-06 | 1,7
17320 | 577.333363443613 | 154.05406188964844,187.55026245117188,0.21456481516361237 | -8.715564092653949e-08,-1.1831352786373373e-08,-2.1740149804827524e-06 | 0 | -1.2034668372962187e-07,-2.136063812940847e-05,7.958012915310064e-09 | 3.514777446866901e-08,-1.9505017689880333e-07,6.293207206908846e-06 | 1,7
17330 | 577.6666967943311 | 154.05406188964844,187.55026245117188,0.21456481516361237 | 1.0583575260625366e-07,-8.340215629232262e-08,2.91775700134167e-06 | 0 | 2.2255444491747767e-05,2.577382474555634e-05,-6.493392135098475e-08 | 2.36314416923733e-08,-5.729050371883204e-06,6.293200385698583e-06 | 1,7
17340 | 578.0000301450491 | 154.05406188964844,187.55026245117188,0.21456481516361237 | -5.8535686520144736e-08,5.021607663024952e-08,-1.792608941286744e-06 | 0 | -8.386638910451438e-06,-1.41618620546069e-05,3.0290483010730895e-08 | -1.015591465147736e-06,2.212978415627731e-06,1.4302730050985701e-05 | 1,7
17350 | 578.3333634957671 | 154.05406188964844,187.55026245117188,0.21456481516361237 | 1.1831727420030802e-07,-8.175165788770755e-08,1.411202788403898e-06 | 0 | 2.3814696760382503e-05,2.8767946787411347e-05,-7.187526307461667e-08 | 2.362915211051586e-06,-3.959262357966509e-06,4.405240906635299e-05 | 1,7
17360 | 578.6666968464851 | 154.05406188964844,187.55026245117188,0.21456481516361237 | 4.1611347256775844e-08,1.3238613405519573e-07,2.2693666323903017e-06 | 0 | -3.360577466082759e-05,1.0020266017818358e-05,6.869981916679535e-08 | -2.2111484199172082e-08,2.677793702332565e-07,4.576874744088855e-06 | 1,7
17370 | 579.0000301972032 | 154.0546112060547,187.55026245117188,0.21458366513252258 | 0.0028903784696012735,-0.0001034705201163888,1.7735386563799693e-06 | 0 | -0.002401758451014757,0.010102412663400173,0.00036842329427599907 | -0.15999937057495117,0.0008200037409551442,-2.6317022275179625e-05 | 0,0
17380 | 579.3333635479212 | 154.0009765625,187.5502471923828,0.21294760704040527 | -0.5130183696746826,0.002548299729824066,-3.968530654674396e-05 | 0 | 0.025776216760277748,0.9454846978187561,-0.8788465857505798 | -1.74924898147583,0.019797401502728462,-0.00033125115442089736 | 0,0
17390 | 579.6666968986392 | 153.66778564453125,187.55133056640625,0.2100832760334015 | -1.630453109741211,0.011948240920901299,-9.012627560878173e-05 | 270.4 | 0.0015486448537558317,1.023552656173706,-0.07173418253660202 | -4.460524082183838,0.03610736504197121,-0.0003272467292845249 | 0,0
17400 | 580.0000302493572 | 152.93649291992188,187.55630493164062,0.2094249725341797 | -2.619884967803955,0.019196687266230583,2.4390923499595374e-05 | 270.4 | -0.008955609053373337,-0.2787257432937622,-0.09046277403831482 | -2.47178053855896,0.002970210975036025,0.0002654586860444397 | 0,0
17410 | 580.3333636000752 | 151.9271240234375,187.5634307861328,0.21040759980678558 | -3.39121675491333,0.025069987401366234,2.690820474526845e-05 | 270.4 | -0.002026906469836831,-0.18970876932144165,-0.07861996442079544 | -2.22717022895813,0.017635466530919075,-2.2883793917571893e-06 | 0,0
17420 | 580.6666969507933 | 150.67039489746094,187.572509765625,0.21087989211082458 | -4.107534408569336,0.030678898096084595,7.761615052004345e-06 | 270.4 | -0.0004584111738950014,-0.08908815681934357,-0.056543853133916855 | -2.073411703109741,0.028734950348734856,-3.146599556203e-05 | 0,0
17430 | 581.0000303015113 | 149.1890106201172,187.5833282470703,0.21133163571357727 | -4.711727619171143,0.034946635365486145,9.516083082417026e-06 | 270.4 | 0.0007500593783333898,-0.2264903336763382,-0.03085898980498314 | -1.3710306882858276,0.014742872677743435,-1.830749897635542e-05 | 0,0
17440 | 581.3333636522293 | 147.5719451904297,187.59507751464844,0.21282249689102173 | -4.919010162353516,0.03573630750179291,3.068412479478866e-05 | 270.4 | -0.0022822050377726555,-0.4790303409099579,-0.00603510020300746 | -0.08869170397520065,-0.002954564755782485,-1.0297952940163668e-05 | 0,0
17450 | 581.6666970029473 | 145.94290161132812,187.60682678222656,0.2143285721540451 | -4.8495001792907715,0.03512093052268028,1.031703686749097e-05 | 270.4 | 0.0021301901433616877,-0.26885026693344116,-0.0027035383973270655 | 0.29628750681877136,-0.0018553062109276652,-0.00010183542326558381 | 0,0
17460 | 582.0000303536654 | 144.33946228027344,187.61839294433594,0.2147243767976761 | -4.790328025817871,0.034227583557367325,-1.926101049321005e-06 | 270.4 | -0.0020567046012729406,0.011781682260334492,0.011227162554860115 | 0.061469074338674545,-0.0041756401769816875,1.8307493519387208e-05 | 0,0
17470 | 582.3333637043834 | 142.74176025390625,187.62962341308594,0.214522585272789 | -4.801540851593018,0.03222902864217758,-3.756850446734461e-06 | 270.4 | -0.01076304167509079,0.0607307106256485,0.051101863384246826 | -0.08135318011045456,-0.017552262172102928,-1.6019059330574237e-05 | 0,0
17480 | 582.6666970551014 | 140.97509765625,187.6411895751953,0.21437686681747437 | -4.831447124481201,0.02884610742330551,-1.4302730733106728e-06 | 270.3 | -0.007281282916665077,0.010385734029114246,0.0953073501586914 | -0.06701945513486862,-0.009345709346234798,5.263404091238044e-05 | 0,0
17490 | 583.0000304058194 | 139.52317810058594,187.64952087402344,0.21438667178153992 | -4.84578800201416,0.024176565930247307,1.5065542129377718e-06 | 270.3 | -0.0073541756719350815,-0.009619813412427902,0.14608944952487946 | -0.03519057855010033,-0.010840370319783688,1.716327460599132e-05 | 0,0
17500 | 583.3333637565374 | 137.90615844726562,187.6570281982422,0.21441946923732758 | -4.855600357055664,0.017820538952946663,-1.220499711962475e-06 | 270.2 | -0.002228492172434926,-0.006043838802725077,0.19154499471187592 | -0.02726554684340954,-0.00914135854691267,-3.4326552849961445e-05 | 0,0
17510 | 583.6666971072555 | 136.2860107421875,187.66253662109375,0.2144303023815155 | -4.865004539489746,0.010569148696959019,2.0977338976990723e-07 | 270.1 | -0.01018676906824112,-0.000647503009531647,0.22908322513103485 | -0.0294113140553236,-0.0398532934486866,7.437420208589174e-06 | 0,0
17520 | 584.0000304579735 | 134.49998474121094,187.6661834716797,0.21442748606204987 | -4.876659393310547,0.004810604732483625,1.6781871181592578e-06 | 270.1 | 0.02236333303153515,0.0010534729808568954,0.2056521475315094 | -0.032243724912405014,0.04404636099934578,5.32061567355413e-05 | 0,0
17530 | 584.3333638086915 | 133.0354766845703,187.6671905517578,0.21442577242851257 | -4.886265754699707,-0.0008580185240134597,1.220499711962475e-06 | 270.0 | 0.02732703648507595,0.00023511808831244707,0.19535648822784424 | -0.03218650445342064,0.022553129121661186,3.4326552849961445e-05 | 0,0
17540 | 584.6666971594095 | 131.40487670898438,187.6663055419922,0.21442633867263794 | -4.89667272567749,-0.007220311090350151,1.4302730733106728e-06 | 269.9 | 0.011779909953474998,-0.0005748250405304134,0.19526925683021545 | -0.02959728054702282,-0.004042731132358313,-5.148980108060641e-06 | 0,0
17550 | 585.0000305101275 | 129.77099609375,187.66371154785156,0.2144303023815155 | -4.906077861785889,-0.01093731727451086,-1.8688900809138431e-06 | 269.9 | 0.02403448149561882,-0.000530170975252986,0.14810742437839508 | -0.029168127104640007,0.02835645154118538,2.2884373720444273e-06 | 0,0
17560 | 585.3333638608456 | 128.1338653564453,187.65969848632812,0.21442890167236328 | -4.9162445068359375,-0.015043229795992374,7.628122489222733e-07 | 269.8 | 0.011507700197398663,0.0006451503722928464,0.1319558322429657 | -0.03089904598891735,-0.002023223554715514,3.718709558597766e-05 | 0,0
17570 | 585.6666972115636 | 126.49341583251953,187.654541015625,0.21442992985248566 | -4.9258036613464355,-0.01745583303272724,2.0977338976990723e-07 | 269.8 | 0.011511232703924179,-0.0005967105971649289,0.09745682030916214 | -0.027937887236475945,-0.00027833503554575145,3.032178574358113e-05 | 0,0
17580 | 586.0000305622816 | 124.8498764038086,187.64878845214844,0.21443217992782593 | -4.934870719909668,-0.019463371485471725,1.2014294270557002e-06 | 269.8 | -0.002197030233219266,-0.0008420402300544083,0.08062836527824402 | -0.02582073025405407,-0.014810039661824703,5.2061936003156006e-05 | 0,0
17590 | 586.3333639129996 | 123.20341491699219,187.6423797607422,0.21443389356136322 | -4.943724155426025,-0.020311061292886734,6.865310524517554e-07 | 269.8 | 0.0008100981940515339,0.0005684784264303744,0.05192640796303749 | -0.028781889006495476,-0.009521729312837124,2.6889130822382867e-05 | 0,0
17600 | 586.6666972637177 | 121.55367279052734,187.63568115234375,0.2144281268119812 | -4.954394340515137,-0.02095557563006878,-4.0047643778962083e-07 | 269.8 | -0.0006909694639034569,0.0021615438163280487,0.02887875586748123 | -0.03420352563261986,0.004833396058529615,2.8605450097529683e-06 | 0,0
17610 | 587.0000306144357 | 119.90023803710938,187.6287384033203,0.2144232839345932 | -4.965656757354736,-0.020984632894396782,1.907030799941367e-08 | 269.8 | 0.001247399253770709,-3.909961742465384e-05,0.015371249988675117 | -0.031485553830862045,-0.001656319829635322,1.6591166058788076e-05 | 0,0
17620 | 587.3333639651537 | 118.24327850341797,187.6217498779297,0.21442672610282898 | -4.975545883178711,-0.020962776616215706,-2.4028588541114004e-06 | 269.8 | 0.0010806386126205325,-0.0010065510869026184,0.005290907807648182 | -0.028853414580225945,0.0013017094461247325,-5.7210986597056035e-06 | 0,0
17630 | 587.6666973158717 | 116.58307647705078,187.61471557617188,0.21442890167236328 | -4.985296249389648,-0.02094431035220623,-5.339686026673007e-07 | 269.8 | 0.00010964942339342088,-5.893303386983462e-05,0.0010679217521101236 | -0.0294113140553236,-0.00017886979912873358,5.72109183849534e-06 | 0,0
17640 | 588.0000306665897 | 114.91963958740234,187.6077117919922,0.21442988514900208 | -4.99478816986084,-0.020963871851563454,-9.7258566711389e-07 | 269.8 | 0.00037961307680234313,-0.00046296670916490257,-0.00024138203298207372 | -0.02765178494155407,0.0004341266758274287,9.725858035380952e-06 | 0,0
17650 | 588.3333640173078 | 113.25312042236328,187.6006622314453,0.21534617245197296 | -5.003878116607666,-0.020673660561442375,0.0015338247176259756 | 269.8 | 0.0010029348777607083,-0.0005148050258867443,-0.006873257923871279 | -0.02639293484389782,0.0007153115584515035,-0.06140962615609169 | 0,0
17660 | 588.6666973680258 | 111.58529663085938,187.59385681152344,0.21511095762252808 | -5.011538982391357,-0.02002020552754402,0.0007485476671718061 | 269.8 | 0.00019344547763466835,0.022418998181819916,-0.014891274273395538 | -0.06553172320127487,2.5704500785650453e-06,-0.02912321873009205 | 0,0
17670 | 589.0000307187438 | 109.91870880126953,187.58726501464844,0.21488182246685028 | -5.014606475830078,-0.01875738985836506,0.00500885397195816 | 269.8 | 0.0031260845717042685,0.0735180601477623,-0.03630538657307625 | -0.15097616612911224,0.001500416430644691,-0.09330130368471146 | 0,0
17680 | 589.3333640694618 | 108.2462387084961,187.58099365234375,0.2149837762117386 | -5.024238109588623,-0.01803363487124443,0.0009522376931272447 | 269.8 | 0.0008043095003813505,0.04467543959617615,-0.03311970829963684 | -0.15872953832149506,0.0019423662452027202,-0.023649847134947777 | 0,0
17690 | 589.6666974201798 | 106.57515716552734,187.5751495361328,0.21481433510780334 | -5.022155284881592,-0.01444554515182972,0.005179228726774454 | 269.8 | 0.04592372849583626,0.1101015955209732,-0.09939124435186386 | -0.2830981910228729,0.06815671175718307,-0.08776269853115082 | 0,0
17700 | 590.0000307708979 | 104.89969635009766,187.56991577148438,0.21471473574638367 | -5.007499694824219,-0.015172716230154037,0.006908142473548651 | 269.8 | -0.008397986181080341,0.0017539578257128596,-0.053920913487672806 | -0.4413270652294159,-0.0038108599837869406,0.5234420895576477 | 0,0
17710 | 590.3333641216159 | 103.21977233886719,187.56500244140625,0.21507170796394348 | -4.974708080291748,-0.013048254884779453,-0.00019592833996284753 | 269.8 | 0.00597561476752162,-0.40832266211509705,-0.0859193429350853 | 1.0876606702804565,0.012874099425971508,-0.000693396374117583 | 0,0
17720 | 590.6666974723339 | 101.5373306274414,187.5609588623047,0.21480178833007812 | -5.075766086578369,-0.010094649158418179,-7.923712837509811e-05 | 269.9 | -0.01763373613357544,-0.03444145992398262,0.3810659945011139 | 0.23488996922969818,0.0016743129817768931,-0.0034692701883614063 | 0,0
17730 | 591.0000308230519 | 99.85677337646484,187.5577850341797,0.2148454636335373 | -5.088576316833496,-0.006771623156964779,0.0002670987159945071 | 269.9 | -0.011942063458263874,0.15316654741764069,-0.10540347546339035 | -0.32169339060783386,-0.08683822304010391,-0.008350505493581295 | 0,0
17740 | 591.33336417377 | 98.173583984375,187.55528259277344,0.21487197279930115 | -5.088249206542969,-0.008066494017839432,0.0007619350217282772 | 269.9 | -0.05930905044078827,0.20096814632415771,0.0007059340132400393 | -0.43321606516838074,-0.07688479125499725,-0.01605166867375374 | 0,0
