Simulation Frame | Timestamp | Position | Velocity | Heading | Angular Velocity | Acceleration | Stopped at Red Light + Light ID 
1980 | 66.00000344216824 | 98.9827651977539,191.56448364257812,0.21170176565647125 | 3.827491283416748,0.0014794114977121353,-0.00044384232023730874 | 90.0 | 0.002032333752140403,0.23065733909606934,0.08745554089546204 | -8.581851959228516,0.05197135731577873,0.030826961621642113 | 0,0
1990 | 66.33333679288626 | 99.75507354736328,191.5647430419922,0.21241611242294312 | 1.5539911985397339,0.0008594347164034843,0.0007057539187371731 | 90.0 | -8.992227230919525e-05,-0.12494177371263504,0.027867542579770088 | -0.28085944056510925,0.004475681111216545,-0.0025847884826362133 | 0,0
2000 | 66.66667014360428 | 100.3128662109375,191.5650177001953,0.2119044065475464 | 2.295823812484741,0.0012677391059696674,0.00017819294589571655 | 90.0 | -0.00010449708497617394,-0.22478997707366943,0.03012312948703766 | 3.2841250896453857,0.00014608957280870527,-0.0010183549020439386 | 0,0
2010 | 67.0000034943223 | 101.34512329101562,191.5656280517578,0.21162757277488708 | 3.0241475105285645,0.002443696139380336,2.355182914470788e-05 | 90.0 | -9.415335807716474e-05,0.07644978910684586,0.04485315456986427 | -2.637047529220581,-0.00031997213955037296,-0.00013330145156942308 | 0,0
2020 | 67.33333684504032 | 101.8983383178711,191.56602478027344,0.21244105696678162 | 0.4123918116092682,0.0003689926816150546,1.7544682577863568e-06 | 0 | -0.00014126284804660827,0.14076972007751465,-0.020071128383278847 | -0.1743846982717514,-0.001093552797101438,0.0 | 0,0
2030 | 67.66667019575834 | 102.17181396484375,191.56594848632812,0.211919367313385 | 1.5030708312988281,0.00392662500962615,2.002382188948104e-06 | 89.9 | 0.00010749074863269925,-0.26217713952064514,-0.022269396111369133 | 5.176062107086182,0.009483417496085167,5.0345603085588664e-05 | 0,0
2040 | 68.00000354647636 | 102.89988708496094,191.56784057617188,0.21151427924633026 | 2.715874195098877,0.007441648282110691,5.339686026673007e-07 | 89.8 | -0.00015927576168905944,-0.030056605115532875,0.02281005121767521 | 2.909123659133911,0.009194974787533283,3.432654466450913e-06 | 0,0
2050 | 68.33333689719439 | 103.99591827392578,191.57086181640625,0.21177023649215698 | 2.496546983718872,0.007089882157742977,1.1442184444376835e-07 | 89.8 | -0.000823903945274651,0.2970237135887146,0.025358743965625763 | -7.886845588684082,-0.021377693861722946,-4.0047639231488574e-06 | 0,0
2060 | 68.6666702479124 | 104.49369812011719,191.57223510742188,0.21221205592155457 | 1.3838998079299927,0.0040076798759400845,-2.479139880051662e-07 | 89.8 | 0.00046584184747189283,-0.15128663182258606,0.006998017895966768 | 2.597644090652466,0.007504093926399946,-1.3730620594287757e-05 | 0,0
2070 | 69.00000359863043 | 105.16728210449219,191.57415771484375,0.21166175603866577 | 2.57185697555542,0.007429648656398058,-8.581638439864037e-07 | 89.8 | 0.00023092410992830992,-0.1094120666384697,0.010660935193300247 | 3.027040719985962,0.011150067672133446,-5.034560672356747e-05 | 0,0
2080 | 69.33333694934845 | 105.86373138427734,191.57618713378906,0.21198569238185883 | 1.3960984945297241,0.004087125416845083,-6.865310524517554e-07 | 89.8 | -0.0008820618386380374,0.3260447084903717,0.01183425821363926 | -8.96609115600586,-0.026367872953414917,-2.3456475901184604e-05 | 0,0
2090 | 69.66667030006647 | 105.9295883178711,191.57638549804688,0.21232658624649048 | -2.796336411847733e-05,2.549342639213137e-07,-5.530388875740755e-07 | 0 | 0.0003669637953862548,-0.15918642282485962,3.844954790110933e-06 | -6.306699651759118e-05,4.972667738911696e-06,1.1442186860222137e-06 | 0,0
2100 | 70.00000365078449 | 105.9298095703125,191.57638549804688,0.21201255917549133 | -1.1745364645321388e-05,3.8885249864506477e-07,3.623358395543619e-07 | 0 | 0.00010227972234133631,-0.06226019933819771,5.882880032004323e-07 | 1.004428577289218e-05,-1.0014575764216715e-06,-2.86054591924767e-06 | 0,0
2110 | 70.33333700150251 | 105.92987823486328,191.57638549804688,0.21191589534282684 | -2.3919531031424413e-06,-2.305551305425979e-08,5.7210922221884175e-08 | 0 | 3.985506555181928e-05,-0.011914613656699657,-2.3533747395276805e-08 | -1.4665833077742718e-05,-7.517533049394842e-07,0.0 | 0,0
2120 | 70.66667035222054 | 105.92990112304688,191.57638549804688,0.21188212931156158 | -1.3021664244661224e-06,-1.2708558649876522e-08,3.2419524131910293e-07 | 0 | 1.8965618437505327e-05,-0.006786143872886896,-5.650272694168734e-09 | 5.948306352365762e-06,-4.991732112102909e-07,1.7735384972183965e-05 | 0,0
2130 | 71.00000370293856 | 105.9299087524414,191.57638549804688,0.21187499165534973 | -3.425356283059955e-07,-5.902478505959152e-09,-2.6698430133365036e-07 | 0 | 1.1471683137642685e-05,-0.0017771755810827017,-1.8232991783051489e-09 | 1.3427107887764578e-06,-1.0147172702090757e-07,-2.002382097998634e-05 | 0,0
2140 | 71.33333705365658 | 105.9299087524414,191.57638549804688,0.2118728905916214 | -1.1004878075482338e-07,-1.600130805634592e-09,-1.5256246399530937e-07 | 0 | -1.8764606011245633e-06,-0.0005613698740489781,-1.1037337710462225e-09 | 1.600650136879267e-07,3.927158154226618e-09,2.288436689923401e-06 | 0,0
2150 | 71.6666704043746 | 105.9299087524414,191.57638549804688,0.21187186241149902 | -2.5526789571017616e-08,-7.743279906158307e-10,4.767576911035576e-07 | 0 | -3.796594455707236e-06,-0.00013352632231544703,1.507536318001712e-10 | 5.450445073051924e-08,-5.825697826367104e-07,-4.004764832643559e-06 | 0,0
2160 | 72.00000375509262 | 105.9299087524414,191.57638549804688,0.21187186241149902 | -7.848398375642773e-09,-6.370947658318471e-10,1.907030799941367e-08 | 0 | -2.306643182237167e-06,-3.8078753277659416e-05,-1.3677023402713928e-10 | -7.072908658756205e-08,-1.998480314568951e-08,0.0 | 0,0
2170 | 72.33333710581064 | 105.9299087524414,191.57638549804688,0.21187186241149902 | -3.1640773334729033e-10,-1.3648208951888563e-10,1.907030799941367e-08 | 0 | 5.395680204856035e-07,-1.2371087905194145e-06,-1.5112458159882713e-11 | 8.73826664360422e-08,5.796167812377462e-08,-4.576873379846802e-06 | 0,0
2180 | 72.66667045652866 | 105.9299087524414,191.57638549804688,0.21187186241149902 | 1.6326172636027536e-09,6.509420114042541e-09,4.1954677953981445e-07 | 0 | 5.512813459063182e-07,5.495268851518631e-06,-6.379667349953877e-10 | 8.981379551187274e-08,7.975411620009254e-08,4.576873834594153e-06 | 0,0
2190 | 73.00000380724669 | 105.9299087524414,191.57638549804688,0.21187186241149902 | -2.850559233102956e-10,-1.6788139767243138e-09,2.6698430133365036e-07 | 0 | -4.7301386985054705e-06,-1.4537411061610328e-06,4.012015979854011e-12 | -1.19230703088391e-09,-8.278370877690122e-09,1.1442183449617005e-06 | 0,0
2200 | 73.3333371579647 | 105.9299087524414,191.57638549804688,0.21187186241149902 | -1.5164823563562635e-10,7.268540214155905e-10,1.7163276311293885e-07 | 0 | 1.5549892395938514e-06,-7.708454745625204e-07,2.257400429778178e-12 | 6.197254931450402e-10,-3.0573108489306833e-09,1.1442183449617005e-06 | 0,0
2210 | 73.66667050868273 | 105.9299087524414,191.57638549804688,0.21187186241149902 | 4.4146852840043493e-11,-1.112113387491398e-10,7.628123199765469e-08 | 0 | -5.04396382439154e-07,2.0539037848266162e-07,4.2552966358910815e-12 | 6.197169999389018e-10,-3.0429889719130188e-09,1.1442184586485382e-06 | 0,0
2220 | 74.00000385940075 | 105.9299087524414,191.57638549804688,0.21187186241149902 | -1.9944998430609928e-10,2.7563390458951176e-10,4.576873777750734e-07 | 0 | 1.679617184890958e-06,-9.25349809222098e-07,-1.9081011076726995e-11 | -3.091861877635438e-09,1.334073740366648e-08,1.1442178902143496e-06 | 0,0
2230 | 74.33333721011877 | 105.9299087524414,191.57638549804688,0.21187186241149902 | 4.414684590114959e-11,-1.112113387491398e-10,7.628123199765469e-08 | 0 | -5.04396382439154e-07,2.0539037848266162e-07,4.2558291959982064e-12 | 6.197168889165994e-10,-3.0429889719130188e-09,1.1442184586485382e-06 | 0,0
2240 | 74.66667056083679 | 105.9299087524414,191.57638549804688,0.21187186241149902 | 2.304289571652962e-11,1.2902193202712908e-10,2.479139880051662e-07 | 0 | 8.512454030551453e-08,1.0336347600059526e-07,4.077565975840747e-12 | 6.197379831540673e-10,-3.0780904491933825e-09,1.1442178902143496e-06 | 0,0
2250 | 75.00000391155481 | 105.9299087524414,191.57638549804688,0.21187186241149902 | -2.79250615686788e-11,1.727507581428256e-10,1.7163276311293885e-07 | 0 | 2.0993904570332234e-07,-1.54358062331994e-07,-1.6708269967233291e-12 | 1.1346230621711584e-09,1.1577068192991646e-08,1.1442183449617005e-06 | 0,0
2260 | 75.33333726227283 | 105.9299087524414,191.57638549804688,0.21187186241149902 | -1.4020508712353497e-11,-3.8383346501191795e-10,1.1442184444376835e-07 | 0 | -8.48980050704995e-08,-1.5035718503586537e-10,8.273473919850893e-12 | -1.745020461463298e-09,-8.178663080116166e-09,1.1442183449617005e-06 | 0,0
2270 | 75.66667061299086 | 105.9299087524414,191.57638549804688,0.21187186241149902 | 1.3130547864281805e-11,3.187533223480976e-11,1.907030799941367e-08 | 0 | -1.2599883802977274e-07,5.134655012284384e-08,-8.281345444463573e-13 | 8.245020777231105e-10,9.376982745834539e-09,-1.2586401680891868e-05 | 0,0
2280 | 76.00000396370888 | 105.9299087524414,191.57638549804688,0.21187186241149902 | 3.356427982770249e-11,4.3756465464839245e-12,3.8140612446113664e-07 | 0 | -1.2539656779608777e-07,1.54555010567492e-07,-1.1569410360290355e-11 | 6.018949227915016e-10,1.9403063600265114e-09,5.721084903598239e-07 | 0,0
2290 | 76.3333373144269 | 105.9299087524414,191.57638549804688,0.21187186241149902 | 4.370051889801552e-11,2.6327202570786135e-11,2.8605461466213455e-07 | 0 | -1.6715728179406142e-07,2.0605803285889124e-07,4.287922447665515e-12 | 6.197379831540673e-10,-3.078684196466952e-09,1.1442186860222137e-06 | 0,0
2300 | 76.66667066514492 | 105.9299087524414,191.57638549804688,0.21187186241149902 | -2.7925602802403304e-11,1.7336876378948318e-10,1.7163276311293885e-07 | 0 | 2.0993606142383214e-07,-1.543588865615675e-07,-1.0460002005177604e-12 | 1.128693249974333e-09,1.0226057334250527e-08,1.1442183449617005e-06 | 0,0
2310 | 77.00000401586294 | 105.9299087524414,191.57638549804688,0.21187186241149902 | 4.347350951450224e-11,9.454809851705548e-11,5.7210922221884175e-08 | 0 | 1.4709574669424796e-09,2.0637071429518983e-07,3.7125888301126064e-12 | 6.173602740133788e-10,-1.891298007095088e-09,1.1442183449617005e-06 | 0,0
2320 | 77.33333736658096 | 105.9299087524414,191.57638549804688,0.21187186241149902 | 1.3130547864281805e-11,3.187533223480976e-11,1.907030799941367e-08 | 0 | -1.2599883802977274e-07,5.134655012284384e-08,-8.281120472512782e-13 | 3.1544650225256987e-10,-3.7308156564108685e-09,-1.2586401680891868e-05 | 0,0
2330 | 77.66667071729898 | 105.9299087524414,191.57638549804688,0.21187186241149902 | -6.551831993606427e-11,-2.819148803290261e-10,3.623358395543619e-07 | 0 | 2.9277023827489757e-07,-2.5735835151863284e-07,-1.2373343669103143e-11 | -3.606648979470606e-09,-1.5183378998528951e-09,1.1442178902143496e-06 | 0,0
2340 | 78.000004068017 | 105.9299087524414,191.57638549804688,0.21187186241149902 | -5.510903886007945e-11,-2.4722018876488505e-10,2.6698430133365036e-07 | 0 | 2.5102733047788206e-07,-2.0585537185979774e-07,7.834391989314238e-12 | -1.745032451871964e-09,-8.158419717574361e-09,1.1442183449617005e-06 | 0,0
2350 | 78.33333741873503 | 105.9299087524414,191.57638549804688,0.21187186241149902 | 5.391581625602271e-11,9.302229993235489e-12,1.9070306223056832e-07 | 0 | -2.0898227148791193e-07,2.575624478140526e-07,4.316463853015762e-12 | 6.195637336503523e-10,-2.9463900208526184e-09,1.1442178902143496e-06 | 0,0
2360 | 78.66667076945305 | 105.9299087524414,191.57638549804688,0.21187186241149902 | 4.414684590114959e-11,-1.112113318102459e-10,7.628123199765469e-08 | 0 | -5.04396382439154e-07,2.0539037848266162e-07,4.25615966082038e-12 | 6.197168334054481e-10,-3.042988749868414e-09,1.1442184586485382e-06 | 0,0
2370 | 79.00000412017107 | 105.9299087524414,191.57638549804688,0.21187186241149902 | 6.514611072816479e-11,-3.170305129529538e-10,4.576873777750734e-07 | 0 | -1.0096067626363947e-06,3.0761918878852157e-07,4.481937824346582e-12 | 6.197379831540673e-10,-3.080792954079925e-09,1.1442178902143496e-06 | 0,0
2380 | 79.33333747088909 | 105.9299087524414,191.57638549804688,0.21187186241149902 | 7.402004009726681e-11,7.351744907291291e-11,3.2419524131910293e-07 | 0 | -3.97086807879532e-08,3.610836074585677e-07,6.13089169276132e-13 | 5.895253729626404e-10,7.95867549641116e-09,1.1442186860222137e-06 | 0,0
2390 | 79.66667082160711 | 105.9299087524414,191.57638549804688,0.21187186241149902 | -5.5108868857178805e-11,-2.4729226999475884e-10,2.6698430133365036e-07 | 0 | 2.5102497147599934e-07,-2.0585454763022426e-07,7.742100363583582e-12 | -1.7451096123721754e-09,-8.001078022346064e-09,1.1442183449617005e-06 | 0,0
2400 | 80.00000417232513 | 105.9299087524414,191.57638549804688,0.21187186241149902 | -2.4235648210524374e-11,-3.668682302393478e-10,2.0977338976990723e-07 | 0 | -4.307305445649945e-08,-5.165394156847469e-08,8.165059774134509e-12 | -1.745020683507903e-09,-8.179161348209618e-09,1.1442186860222137e-06 | 0,0
2410 | 80.33333752304316 | 105.9299087524414,191.57638549804688,0.21187186241149902 | -8.633829762239031e-11,-2.9912775034723893e-10,7.628123199765469e-08 | 0 | -1.3511647694031126e-06,-4.1535159311933967e-07,6.1882313509564746e-12 | -1.1924800036311467e-09,-8.17690537502358e-09,1.1442184586485382e-06 | 0,0
2420 | 80.66667087376118 | 105.9299087524414,191.57638549804688,0.21187186241149902 | -2.3647003799531774e-10,-1.3035933443816816e-09,4.386170644465892e-07 | 0 | -3.422276677156333e-06,-1.2448301731637912e-06,1.2020142910532106e-12 | 6.198799251677656e-10,-3.156781280821974e-09,1.1442186860222137e-06 | 0,0
2430 | 81.0000042244792 | 105.9299087524414,191.57638549804688,0.21187186241149902 | 1.2153922833435526e-11,3.521830604924503e-10,3.2419524131910293e-07 | 0 | 6.328195354399213e-07,5.2839375541680056e-08,3.865205031039487e-12 | 6.196368418365239e-10,-2.879548821610456e-09,1.1442186860222137e-06 | 0,0
2440 | 81.33333757519722 | 105.9299087524414,191.57638549804688,0.21187186241149902 | -1.7485634468128453e-11,9.373944676038803e-11,3.0512492799061874e-07 | 0 | -5.014954007620531e-10,-1.0316554721612192e-07,3.6395799568600395e-12 | 6.197378721317648e-10,-3.078064692019211e-09,1.1442186860222137e-06 | 0,0
2450 | 81.66667092591524 | 105.9299087524414,191.57638549804688,0.21187186241149902 | -7.270341013249082e-12,7.677618263368657e-11,2.0977338976990723e-07 | 0 | -4.232646944046792e-08,-5.166112515553323e-08,3.749074835301958e-12 | 6.19737927642916e-10,-3.080787180920197e-09,1.1442186860222137e-06 | 0,0
2460 | 82.00000427663326 | 105.9299087524414,191.57638549804688,0.21187186241149902 | -5.89151782914854e-11,3.3341743255199674e-10,1.1442184444376835e-07 | 0 | 5.883654239369207e-07,-3.0840161002743116e-07,3.1030588255182012e-12 | 6.196370083699776e-10,-2.8814548524991324e-09,1.1442183449617005e-06 | 0,0
2470 | 82.33333762735128 | 105.9299087524414,191.57638549804688,0.21187186241149902 | -3.872819599737287e-12,-6.54697351887279e-10,4.386170644465892e-07 | 0 | -2.2337953851092607e-06,-4.30756985636549e-09,1.1705797789418604e-11 | -1.1770265873067842e-09,-1.609781641320751e-08,1.1442186860222137e-06 | 0,0
2480 | 82.6666709780693 | 105.9299087524414,191.57638549804688,0.21187186241149902 | -3.91152055190247e-10,-1.9710497123348603e-10,3.432655262258777e-07 | 0 | -1.7399487433067407e-06,-1.9638450794445816e-06,1.9532177264469652e-10 | 1.7495512594223328e-08,-5.829499514220515e-07,1.1442178902143496e-06 | 0,0
2490 | 83.00000432878733 | 105.9299087524414,191.57638549804688,0.21187186241149902 | 1.4608951548478188e-10,-2.126745168862243e-10,2.288436888875367e-07 | 0 | -7.540467095168424e-07,7.20831963008095e-07,4.720797971285995e-12 | 6.17206230568712e-10,-1.7949740582778873e-09,1.1442186860222137e-06 | 0,0
2500 | 83.33333767950535 | 105.9299087524414,191.57638549804688,0.21187186241149902 | -7.270491934191492e-12,7.668508883451608e-11,2.0977338976990723e-07 | 0 | -4.23269419513872e-08,-5.166194227967935e-08,3.629380650183034e-12 | 6.196370638811288e-10,-2.8819702180271634e-09,1.1442186860222137e-06 | 0,0
2510 | 83.66667103022337 | 105.9299087524414,191.57638549804688,0.21187186241149902 | -1.4020508712353497e-11,-3.8383346501191795e-10,1.1442184444376835e-07 | 0 | -8.48980050704995e-08,-1.5035718503586537e-10,8.273532033087339e-12 | -1.745020461463298e-09,-8.178663968294586e-09,1.1442183449617005e-06 | 0,0
2520 | 84.00000438094139 | 105.9299087524414,191.57638549804688,0.21187186241149902 | 6.514611072816479e-11,-3.170305129529538e-10,4.576873777750734e-07 | 0 | -1.0096067626363947e-06,3.0761918878852157e-07,4.48219759918711e-12 | 6.197379831540673e-10,-3.080792954079925e-09,1.1442178902143496e-06 | 0,0
2530 | 84.33333773165941 | 105.9299087524414,191.57638549804688,0.21187186241149902 | 7.402004703616072e-11,7.351744907291291e-11,3.2419524131910293e-07 | 0 | -3.97086807879532e-08,3.610836074585677e-07,6.130565347907402e-13 | 5.895255950072453e-10,7.958674608232741e-09,1.1442186860222137e-06 | 0,0
2540 | 84.66667108237743 | 105.9299087524414,191.57638549804688,0.21187186241149902 | -3.833801678898574e-11,1.4468080899998625e-10,2.6698430133365036e-07 | 0 | 2.516855772682902e-07,-2.0586254834142892e-07,-1.678660509207841e-11 | -1.2419840711430652e-09,3.758113820140352e-09,1.1442183449617005e-06 | 0,0
2550 | 85.00000443309546 | 105.9299087524414,191.57638549804688,0.21187186241149902 | -7.270499740447134e-12,7.677434382680204e-11,2.0977338976990723e-07 | 0 | -4.232808237247809e-08,-5.166194227967935e-08,3.746828368400568e-12 | 6.197378166206136e-10,-3.0780935578178514e-09,1.1442186860222137e-06 | 0,0
2560 | 85.33333778381348 | 105.9299087524414,191.57638549804688,0.21187186241149902 | -1.790759728004243e-11,1.1081587036887441e-10,7.628123199765469e-08 | 0 | 1.680340204757158e-07,-1.0285452134439765e-07,-1.648986676372477e-11 | -1.2419162365162606e-09,3.617826704882532e-09,1.1442184586485382e-06 | 0,0
2570 | 85.6666711345315 | 105.9299087524414,191.57638549804688,0.21187186241149902 | -6.569465110795036e-11,-1.3807019416667288e-10,1.907030799941367e-08 | 0 | 5.457751512949471e-07,-2.568899901689292e-07,2.955592151229758e-12 | -2.0694095326234674e-09,-2.839558366218853e-09,-1.3158511137589812e-05 | 0,0
2580 | 86.00000448524952 | 105.9299087524414,191.57638549804688,0.21187186241149902 | 1.2830579480815896e-11,1.3996880043887217e-10,3.432655262258777e-07 | 0 | 1.2693567441601772e-07,5.1859096572570706e-08,-5.075562366230191e-13 | 1.128781845771698e-09,1.0048236909199204e-08,1.1442178902143496e-06 | 0,0
2590 | 86.33333783596754 | 105.9299087524414,191.57638549804688,0.21187186241149902 | -5.510903886007945e-11,-2.4722021652046067e-10,2.6698430133365036e-07 | 0 | 2.5102733047788206e-07,-2.0585537185979774e-07,7.834108362025916e-12 | -1.745032451871964e-09,-8.158420605752781e-09,1.1442183449617005e-06 | 0,0
2600 | 86.66667118668556 | 105.9299087524414,191.57638549804688,0.21187186241149902 | 5.391614238403619e-11,8.83687741037864e-12,1.9070306223056832e-07 | 0 | -2.0898042407679895e-07,2.575624478140526e-07,3.838398349165217e-12 | 6.17381201717393e-10,-1.9290684605266506e-09,1.1442178902143496e-06 | 0,0
2610 | 87.00000453740358 | 105.9299087524414,191.57638549804688,0.21187186241149902 | 4.414684590114959e-11,-1.112113387491398e-10,7.628123199765469e-08 | 0 | -5.04396382439154e-07,2.0539037848266162e-07,4.255721643142696e-12 | 6.197168889165994e-10,-3.0429889719130188e-09,1.1442184586485382e-06 | 0,0
2620 | 87.3333378881216 | 105.9299087524414,191.57638549804688,0.21187186241149902 | 1.3130547864281805e-11,3.187533223480976e-11,1.907030799941367e-08 | 0 | -1.2599883802977274e-07,5.134655012284384e-08,-8.281735757245667e-13 | -1.5604667558122287e-09,1.0467174682560199e-08,-1.3158511137589812e-05 | 0,0
2630 | 87.66667123883963 | 105.9299087524414,191.57638549804688,0.21187186241149902 | 7.401425305975096e-11,7.798599266362061e-11,3.2419524131910293e-07 | 0 | -3.9706947063677944e-08,3.6108343692831113e-07,3.980780982626442e-12 | 6.172070632359805e-10,-1.794980719616035e-09,1.1442186860222137e-06 | 0,0
2640 | 88.00000458955765 | 105.9299087524414,191.57638549804688,0.21187186241149902 | 4.4374347946130044e-11,-1.7995775702939198e-10,3.0512492799061874e-07 | 0 | -6.730220434292278e-07,2.0507853548679122e-07,4.2755712165165605e-12 | 6.197380941763697e-10,-3.0807913997676906e-09,1.1442186860222137e-06 | 0,0
2650 | 88.33333794027567 | 105.9299087524414,191.57638549804688,0.21187186241149902 | -2.81228963727731e-11,1.2778780811295576e-10,1.7163276311293885e-07 | 0 | 2.0985807225315511e-07,-1.5435895761584106e-07,-1.6587980988802542e-11 | -1.2419070216651562e-09,3.6007536952098462e-09,1.1442183449617005e-06 | 0,0
2660 | 88.66667129099369 | 105.9299087524414,191.57638549804688,0.21187186241149902 | -1.7712737526709432e-11,1.6178552941781277e-10,7.628123199765469e-08 | 0 | 1.6812080616546154e-07,-1.0285368290396946e-07,2.8927765131220307e-12 | 6.255571616264888e-10,-1.51390266989182e-09,1.1442184586485382e-06 | 0,0
2670 | 89.00000464171171 | 105.9299087524414,191.57638549804688,0.21187186241149902 | -1.4352856576860251e-11,-2.8069788160500764e-10,4.386170644465892e-07 | 0 | 1.6803201674520096e-07,3.626029199121916e-10,8.27022825222734e-12 | -1.745030786537427e-09,-8.163544507056031e-09,1.1442186860222137e-06 | 0,0
2680 | 89.33333799242973 | 105.95906829833984,191.5764617919922,0.21180380880832672 | 0.3817635774612427,0.0024376516230404377,7.628123199765469e-08 | 0 | 0.0008607553318142891,-0.0950094684958458,0.9782503843307495 | 4.146843433380127,0.016028575599193573,3.8903424865566194e-05 | 0,0
2690 | 89.66667134314775 | 106.24796295166016,191.57679748535156,0.2115243822336197 | 1.6215418577194214,0.009616321884095669,-1.9070306223056832e-07 | 89.7 | -0.00046887825010344386,-0.10815976560115814,-0.308485209941864 | 4.613034248352051,0.02812611684203148,1.3730621503782459e-05 | 0,0
2700 | 90.00000469386578 | 107.00656127929688,191.58120727539062,0.2114441692829132 | 2.782094717025757,0.01634056307375431,1.1442184444376835e-07 | 89.7 | -0.0001352533872704953,0.024936538189649582,-0.00035142418346367776 | 2.8518245220184326,0.01735226996243,-9.725856216391549e-06 | 0,0
2710 | 90.3333380445838 | 108.01284790039062,191.5870819091797,0.21196052432060242 | 1.7945054769515991,0.010507343336939812,7.437419640154985e-07 | 89.7 | -0.0018024671589955688,0.3478608727455139,0.005972679704427719 | -8.95576286315918,-0.05224476382136345,3.0893894290784374e-05 | 0,0
2720 | 90.66667139530182 | 108.24469757080078,191.58914184570312,0.2123105525970459 | 0.8019989728927612,0.0034491252154111862,1.907030799941367e-08 | 0 | 0.001233370858244598,-0.22783783078193665,-0.3420926630496979 | 4.483490943908691,0.06102428957819939,6.63646642351523e-05 | 0,0
2730 | 91.00000474601984 | 108.77938842773438,191.59133911132812,0.2116236835718155 | 2.21439790725708,0.010162507183849812,-2.8605461466213455e-07 | 89.7 | 0.0005219984450377524,-0.11902070790529251,0.023584408685564995 | 3.5454437732696533,0.016841867938637733,-2.0595929527189583e-05 | 0,0
2740 | 91.33333809673786 | 109.80120086669922,191.59605407714844,0.21152538061141968 | 3.26603102684021,0.01492808572947979,-1.0870074902413762e-06 | 89.7 | -2.3489328668802045e-05,0.01045156642794609,-0.0025410449597984552 | 2.620281934738159,0.011956253089010715,-2.460069299559109e-05 | 0,0
2750 | 91.66667144745588 | 110.9017562866211,191.60104370117188,0.21156035363674164 | 4.019419193267822,0.018210820853710175,-2.288436888875367e-07 | 89.7 | -8.051811892073601e-05,0.012256302870810032,-0.00529615068808198 | 2.415053606033325,0.010458323173224926,1.0297964763594791e-05 | 0,0
2760 | 92.0000047981739 | 112.36861419677734,191.60765075683594,0.21161265671253204 | 4.678493022918701,0.020770549774169922,4.1954677953981445e-07 | 89.7 | -0.00019688035536091775,0.03333646059036255,-0.011348615400493145 | 1.2552021741867065,0.003735199337825179,4.004764832643559e-06 | 0,0
2770 | 92.33333814889193 | 113.95668029785156,191.61468505859375,0.21177157759666443 | 4.762557029724121,0.020327651873230934,-1.907030799941367e-08 | 89.8 | -0.00033413933124393225,0.05740544945001602,-0.021397512406110764 | -0.31096455454826355,-0.004752985667437315,4.004764377896208e-06 | 0,0
2780 | 92.66667149960995 | 115.52228546142578,191.62124633789062,0.21188095211982727 | 4.646994113922119,0.01859252341091633,-9.916559520206647e-07 | 89.8 | -0.00023069576127454638,0.014132160693407059,-0.03596882149577141 | -0.22027014195919037,-0.006645172368735075,-4.004763013654156e-06 | 0,0
2790 | 93.00000485032797 | 117.06747436523438,191.62730407714844,0.21187709271907806 | 4.64174747467041,0.01679833047091961,8.581638439864037e-07 | 89.8 | -0.00033144705230370164,-0.00845453329384327,-0.05449721962213516 | 0.10076522082090378,-0.01344026904553175,3.833131631836295e-05 | 0,0
2800 | 93.33333820104599 | 118.62165069580078,191.63278198242188,0.21185755729675293 | 4.6800642013549805,0.014752238988876343,-1.5828354662517086e-06 | 89.8 | -0.00024911484797485173,-0.0029592604842036963,-0.07230781763792038 | 0.08985041826963425,-0.011174975894391537,-2.631702045619022e-05 | 0,0
2810 | 93.66667155176401 | 120.18504333496094,191.6375732421875,0.2118581384420395 | 4.696399211883545,0.012473220936954021,4.1954677953981445e-07 | 89.8 | 3.7853555113542825e-05,0.0015167001402005553,-0.0822157934308052 | 0.028882024809718132,-0.0019709484186023474,4.576873470796272e-05 | 0,0
2820 | 94.00000490248203 | 121.90887451171875,191.64190673828125,0.2118617594242096 | 4.706017017364502,0.009422438219189644,0.0 | 89.9 | -0.00020537589443847537,0.0004669737827498466,-0.09509319812059402 | 0.029683111235499382,-0.014513040892779827,1.3158511137589812e-05 | 0,0
2830 | 94.33333825320005 | 123.47949981689453,191.6448516845703,0.21186168491840363 | 4.717737197875977,0.006901981309056282,-3.2419524131910293e-07 | 89.9 | 9.627286635804921e-05,-0.0002236787258880213,-0.09569685161113739 | 0.03782271966338158,-0.0018025421304628253,3.032178574358113e-05 | 0,0
2840 | 94.66667160391808 | 124.89666748046875,191.6468048095703,0.2118612676858902 | 4.729126930236816,0.004790425766259432,2.6698430133365036e-07 | 89.9 | 0.00022099273337516934,-4.748498758999631e-05,-0.08844601362943649 | 0.03609180077910423,-0.007073389831930399,-3.77592041331809e-05 | 0,0
2850 | 95.0000049546361 | 126.47508239746094,191.6490936279297,0.21186134219169617 | 4.741096496582031,0.02044769562780857,3.623358395543619e-07 | 89.8 | 0.014633897691965103,-2.6015342882601544e-05,0.35897740721702576 | 0.03712176904082298,0.28357094526290894,2.6889130822382867e-05 | 0,0
2860 | 95.33333830535412 | 128.19386291503906,191.77574157714844,0.21190482378005981 | 4.433764457702637,1.3432869911193848,-3.5470773127599386e-06 | 73.1 | 0.5606942772865295,0.09597256034612656,32.133811950683594 | -3.5805413722991943,8.49002742767334,-2.1168041712371632e-05 | 0,0
2870 | 95.66667165607214 | 129.330322265625,192.3681182861328,0.21212805807590485 | 2.8368468284606934,3.4047963619232178,-7.322998044401174e-06 | 39.8 | 0.14209850132465363,0.11837748438119888,71.36573791503906 | -5.193378448486328,5.257436752319336,5.606670310953632e-05 | 0,0
2880 | 96.00000500679016 | 130.42364501953125,193.6136932373047,0.21191927790641785 | 3.20331072807312,3.748934507369995,1.1098918548668735e-05 | 40.5 | -0.4752907454967499,-0.5246465802192688,25.90596580505371 | 2.8670451641082764,-1.6974233388900757,-1.6019037502701394e-05 | 0,0
2890 | 96.33333835750818 | 131.31187438964844,194.7521209716797,0.2119450718164444 | 1.9760587215423584,4.315086364746094,-3.85220209864201e-06 | 24.6 | 0.24734659492969513,0.3761560022830963,41.838016510009766 | -6.957778453826904,2.246904134750366,1.8879594790632837e-05 | 0,0
2900 | 96.6666717082262 | 131.6203155517578,196.30615234375,0.21208076179027557 | -0.18939702212810516,4.7226362228393555,3.1466006475966424e-06 | 357.7 | -0.06761511415243149,-0.5853658318519592,54.39995574951172 | 4.869286060333252,2.331075429916382,8.98211364983581e-05 | 0,0
2910 | 97.00000505894423 | 131.86842346191406,197.72280883789062,0.211858332157135 | 1.0447430610656738,4.75606107711792,2.0214527012285544e-06 | 12.4 | 0.012746717780828476,-0.0644737035036087,0.7721608877182007 | -0.21501301229000092,0.24207113683223724,5.148983109393157e-05 | 0,0
2920 | 97.33333840966225 | 132.121826171875,199.32125854492188,0.21186237037181854 | 0.4004863202571869,4.8286824226379395,1.9070306223056832e-07 | 4.7 | 0.012756386771798134,0.1327698826789856,13.44406795501709 | -1.3429193496704102,0.026793478056788445,5.8927245845552534e-05 | 0,0
2930 | 97.66667176038027 | 132.23614501953125,200.9268341064453,0.2118741124868393 | 0.12143386900424957,4.838209629058838,-9.916559520206647e-07 | 1.6 | -0.0032018476631492376,-0.05538002774119377,10.174251556396484 | -0.36483046412467957,0.04387378320097923,-9.897488780552521e-05 | 0,0
2940 | 98.00000511109829 | 132.28744506835938,202.54006958007812,0.21186679601669312 | 0.03689076378941536,4.85270357131958,1.7163276311293885e-07 | 0.4 | 0.0008351559517905116,-0.032037872821092606,6.305812358856201 | -0.27223190665245056,0.050325389951467514,2.1168038074392825e-05 | 0,0
2950 | 98.33333846181631 | 132.30235290527344,204.15966796875,0.21186263859272003 | -0.028004562482237816,4.866384506225586,1.2014294270557002e-06 | 359.7 | 0.0003799218684434891,-0.013167401775717735,3.849851608276367 | 0.1194637343287468,0.04012584313750267,4.9773501814343035e-05 | 0,0
2960 | 98.66667181253433 | 132.2934112548828,205.9461669921875,0.21186202764511108 | -0.07110510766506195,4.877760887145996,-6.293201408880122e-07 | 359.2 | -8.95629000297049e-06,-0.001558229560032487,2.2430291175842285 | -0.19149808585643768,0.028138158842921257,-2.0595929527189583e-05 | 0,0
2970 | 99.00000516325235 | 132.2745361328125,207.4109649658203,0.21186187863349915 | -0.09264326095581055,4.886588096618652,1.7163276311293885e-07 | 358.9 | -3.904253026121296e-05,0.004740055184811354,1.4901587963104248 | -0.33896636962890625,0.02371787838637829,4.576873379846802e-06 | 0,0
2980 | 99.33333851397038 | 132.2432403564453,209.2050018310547,0.21186164021492004 | -0.10296304523944855,4.8983473777771,6.674607675449806e-07 | 358.8 | 3.7004207115387544e-05,0.002334055956453085,0.8098034262657166 | -0.1060706302523613,0.03062724880874157,1.3158511137589812e-05 | 0,0
2990 | 99.6666718646884 | 132.20999145507812,210.8396759033203,0.2118615359067917 | -0.10773555189371109,4.909082412719727,-3.814061599882734e-08 | 358.7 | 6.317864608718082e-05,-0.00320295593701303,0.43859878182411194 | 0.05144163593649864,0.03393172845244408,-2.86054591924767e-06 | 0,0
3000 | 100.00000521540642 | 132.17706298828125,212.31390380859375,0.2118614912033081 | -0.11805358529090881,4.918247222900391,5.14898317760526e-07 | 358.6 | -6.983195635257289e-05,0.00039338780334219337,0.3966608941555023 | -0.03745369240641594,0.02913951687514782,6.293201295193285e-06 | 0,0
3010 | 100.33333856612444 | 132.13311767578125,214.11932373046875,0.2118617594242096 | -0.12573941051959991,4.929187774658203,-4.958279760103323e-07 | 358.5 | 3.8589783798670396e-05,-0.0008739769109524786,0.2752663791179657 | -0.05425996705889702,0.029654501006007195,-3.37544443027582e-05 | 0,0
3020 | 100.66667191684246 | 132.09666442871094,215.5995635986328,0.21186168491840363 | -0.11793150752782822,4.938602447509766,9.535153111528416e-08 | 358.6 | 0.0001158496888820082,-0.00395172368735075,-0.06408185511827469 | 0.049329619854688644,0.03248691186308861,1.7735384972183965e-05 | 0,0
3030 | 101.00000526756048 | 132.06021118164062,217.24765014648438,0.2118614912033081 | -0.09120946377515793,4.926951885223389,5.530388875740755e-07 | 358.9 | -0.010602031834423542,-0.004968514200299978,-0.5782418251037598 | 0.1402493417263031,-0.6729411482810974,5.7210909290006384e-06 | 1,3
3040 | 101.3333386182785 | 132.03890991210938,218.6067657470703,0.21234732866287231 | -0.020139390602707863,2.3999953269958496,-2.9558975711552193e-06 | 359.5 | -0.24915163218975067,0.004680843558162451,-0.675348162651062 | 0.16663378477096558,-10.233470916748047,-0.00011098918184870854 | 1,3
3050 | 101.66667196899652 | 132.03529357910156,218.93321228027344,0.21276743710041046 | 1.654412153584417e-05,-2.7565954951569438e-05,-9.153747555501468e-07 | 0 | 0.1664230078458786,0.003590015461668372,-8.72228429216193e-06 | -0.0004681413120124489,-0.00037393535603769124,2.0023819160996936e-05 | 0,0
3060 | 102.00000531971455 | 132.03475952148438,218.968017578125,0.2120410054922104 | -0.001752859796397388,0.39939093589782715,-9.916559520206647e-07 | 0 | 0.2383890300989151,-0.0009589043911546469,-0.42017433047294617 | -0.02492646872997284,3.292750120162964,-3.718709558597766e-05 | 0,0
3070 | 102.33333867043257 | 132.03175354003906,219.305419921875,0.2115548998117447 | -0.010767331346869469,1.684305191040039,-7.246716791087238e-07 | 359.6 | 0.11020588874816895,0.0012437873519957066,-0.6503718495368958 | -0.06511489301919937,4.168013095855713,-1.4302730050985701e-05 | 0,0
3080 | 102.66667202115059 | 132.02691650390625,220.07489013671875,0.2114642709493637 | -0.008831772953271866,2.8024346828460693,7.818825906724669e-07 | 359.8 | -0.018813416361808777,-0.0004964650142937899,-0.6097196936607361 | -0.03449526056647301,2.8213117122650146,-1.659116787777748e-05 | 0,0
3090 | 103.00000537186861 | 132.02301025390625,221.28929138183594,0.21154208481311798 | 0.0010713468072935939,3.7610814571380615,-4.0047643778962083e-07 | 0.0 | -0.018420638516545296,-0.0016069673001766205,-0.7302829027175903 | 0.01470443606376648,2.499725580215454,-4.748506034957245e-05 | 0,0
3100 | 103.33333872258663 | 132.02297973632812,222.5315704345703,0.21158061921596527 | 0.012779335491359234,4.466872692108154,7.628123199765469e-08 | 0.2 | -0.012899893335998058,-0.001503022271208465,-0.7201298475265503 | 0.06443322449922562,2.1984384059906006,-1.3730620594287757e-05 | 0,0
3110 | 103.66667207330465 | 132.02728271484375,224.10716247558594,0.21168239414691925 | 0.02431677095592022,4.852945804595947,4.767576911035576e-07 | 0.3 | -0.05626023933291435,0.000272525503532961,-0.5544853806495667 | 0.10084317624568939,0.2277231067419052,7.437419299094472e-06 | 0,0
3120 | 104.00000542402267 | 132.0348663330078,225.60379028320312,0.21209128201007843 | 0.022898582741618156,3.5488264560699463,-5.911795142310439e-07 | 0.4 | -0.27298060059547424,0.005537987221032381,-0.27585452795028687 | -0.06388887017965317,-8.970973014831543,-5.377826528274454e-05 | 0,0
3130 | 104.3333387747407 | 132.03831481933594,226.18804931640625,0.21280410885810852 | 6.321296041278401e-06,0.0021196268498897552,-2.4982102786452742e-06 | 0 | -0.16466400027275085,0.0033935573883354664,-0.02424638718366623 | -0.048302847892045975,-8.58825969696045,1.7163276424980722e-05 | 0,0
3140 | 104.66667212545872 | 132.03831481933594,226.1884765625,0.21218378841876984 | -4.764042387250811e-06,-3.134775397484191e-05,9.535153822071152e-07 | 0 | 0.17716988921165466,-0.0019509104313328862,-9.157521958513826e-07 | 1.6259677067864686e-05,9.657217742642388e-05,-2.1168041712371632e-05 | 0,0
3150 | 105.00000547617674 | 132.03831481933594,226.18861389160156,0.2119928002357483 | 3.7571613376030655e-08,-1.2006710676359944e-05,1.3349215350899613e-06 | 0 | 0.06396153569221497,-0.0006931464304216206,2.433069539620192e-06 | -7.767344527565001e-07,3.273443871876225e-05,2.803335155476816e-05 | 0,0
3160 | 105.33333882689476 | 132.03831481933594,226.18865966796875,0.2119085192680359 | 1.0599843669467646e-08,-3.198051899744314e-06,3.814061599882734e-08 | 0 | 0.016500746831297874,-0.0001586137805134058,5.525974984266213e-07 | 3.9702985077383346e-07,3.3545550195412943e-06,-5.721091724808502e-07 | 0,0
3170 | 105.66667217761278 | 132.038330078125,226.18988037109375,0.21187461912631989 | 3.964651841670275e-05,0.013722752220928669,-1.907030799941367e-08 | 0 | 0.006195906549692154,0.00010379891318734735,0.005196073092520237 | 0.0015281268861144781,0.23059967160224915,-1.4302730050985701e-05 | 0,0
3180 | 106.0000055283308 | 132.0400848388672,226.36558532714844,0.21162696182727814 | 0.005973872262984514,1.1219826936721802,-1.907030799941367e-08 | 0.3 | 0.11101483553647995,-0.0027848216705024242,-0.25243687629699707 | 0.056110721081495285,6.741828441619873,-6.865310751891229e-06 | 0,0
8620 | 287.33334831893444 | 168.9569091796875,187.5828857421875,0.21176154911518097 | -2.3830931186676025,0.04478364437818527,1.2967809652764117e-06 | 271.1 | -0.005999257322400808,-0.306331604719162,0.005788113921880722 | 7.925898551940918,-0.14879575371742249,3.37544443027582e-05 | 0,0
8630 | 287.66668166965246 | 168.4723663330078,187.59190368652344,0.2121638059616089 | -1.4079625606536865,0.0261731818318367,1.220499711962475e-06 | 271.1 | 0.004237943794578314,0.2338196188211441,-0.03370927646756172 | -5.270089626312256,0.10308253765106201,4.862928108195774e-05 | 0,0
8640 | 288.0000150203705 | 167.8821258544922,187.60296630859375,0.21164874732494354 | -2.474473714828491,0.045980580151081085,-1.9070307644142304e-06 | 271.1 | 0.0022029662504792213,0.11267794668674469,0.015420698560774326 | -3.1485555171966553,0.05927636846899986,-2.6889130822382867e-05 | 0,0
8650 | 288.3333483710885 | 166.90408325195312,187.6208953857422,0.21158438920974731 | -3.100236177444458,0.05560744181275368,-1.3349215066682518e-07 | 271.0 | -0.002273949794471264,-0.10681973397731781,0.06370771676301956 | 2.6132795810699463,-0.05088239535689354,4.348029688117094e-05 | 0,0
8660 | 288.6666817218065 | 166.32034301757812,187.63124084472656,0.21242816746234894 | -0.5275929570198059,0.008919035084545612,-1.3158512501831865e-06 | 0 | -0.0019000747706741095,-0.14468914270401,0.037984687834978104 | 0.43272969126701355,-0.007937158457934856,-3.775920777115971e-05 | 0,0
8670 | 289.00001507252455 | 165.906494140625,187.63790893554688,0.21177852153778076 | -1.8725600242614746,0.03436176851391792,1.3158512501831865e-06 | 271.1 | 0.003294511931017041,0.21712923049926758,-0.12979920208454132 | -4.083852291107178,0.07199428230524063,1.8879603885579854e-05 | 0,0
8680 | 289.33334842324257 | 165.08094787597656,187.65292358398438,0.21151450276374817 | -2.9501638412475586,0.049590811133384705,-1.6781871181592578e-06 | 271.0 | -0.0012776971561834216,0.007206519600003958,0.22690442204475403 | -2.751652956008911,0.022487638518214226,-2.9177568649174646e-05 | 0,0
8690 | 289.6666817739606 | 164.07083129882812,187.66952514648438,0.21154315769672394 | -3.7298152446746826,0.054270174354314804,2.0977338976990723e-07 | 270.8 | -0.0019041646737605333,-0.014795987866818905,0.3731153905391693 | -2.5092241764068604,0.0009784473804757,1.1442186860222137e-06 | 0,0
8700 | 290.0000151246786 | 163.0195770263672,187.6841583251953,0.21212150156497955 | -2.2701475620269775,0.02545304037630558,4.767576911035576e-07 | 270.6 | -0.0004027192771900445,-0.1868220418691635,0.3070525825023651 | 2.4984524250030518,-0.03030158393085003,-2.6889130822382867e-05 | 0,0
8710 | 290.33334847539663 | 162.09478759765625,187.6942596435547,0.21185432374477386 | -2.9183027744293213,0.02503301575779915,5.7210922221884175e-08 | 270.5 | 0.0007130062440410256,0.1324733942747116,0.4177694022655487 | -2.541503667831421,0.0016440822510048747,-5.721091383747989e-06 | 0,0
8720 | 290.66668182611465 | 161.09811401367188,187.70272827148438,0.21163569390773773 | -3.6799476146698,0.022079868242144585,-8.390935590796289e-07 | 270.3 | -0.0010129401925951242,0.040340375155210495,0.5439963340759277 | -2.5005123615264893,-0.021307801827788353,-3.318233575555496e-05 | 0,0
8730 | 291.0000151768327 | 159.58389282226562,187.7108612060547,0.21160556375980377 | -4.483821868896484,0.009381372481584549,4.1954677953981445e-07 | 270.1 | -0.0021837272215634584,-0.018945496529340744,0.6782808899879456 | -1.5823172330856323,-0.06455232948064804,5.721092293242691e-06 | 0,0
8740 | 291.3333485275507 | 158.04098510742188,187.71360778808594,0.21174025535583496 | -4.671331882476807,-0.005149167031049728,-1.3349215066682518e-07 | 269.9 | -0.0009673367603681982,-0.05676065757870674,0.6311653852462769 | 0.08819102495908737,-0.08894643187522888,-9.725856216391549e-06 | 0,0
8750 | 291.6666818782687 | 156.65049743652344,187.7121124267578,0.21185511350631714 | -4.599299430847168,-0.015053898096084595,-6.102498559812375e-07 | 269.8 | 0.0003165524103678763,-0.02512240782380104,0.5135666728019714 | 0.23381708562374115,-0.058421891182661057,-4.004764832643559e-06 | 0,0
8760 | 292.00001522898674 | 154.97230529785156,187.7063751220703,0.2118762582540512 | -4.573421955108643,-0.023874696344137192,-2.6698430133365036e-07 | 269.7 | -2.6599966076901183e-05,0.00433193938806653,0.383637398481369 | -0.05179881677031517,-0.059011220932006836,-2.460069299559109e-05 | 0,0
8770 | 292.33334857970476 | 153.59591674804688,187.69927978515625,0.21186144649982452 | -4.602846622467041,-0.029558366164565086,-3.814061599882734e-08 | 269.6 | 1.3657198906003032e-05,0.004410616122186184,0.3031002879142761 | -0.10710238665342331,-0.041645538061857224,8.581638212490361e-06 | 0,0
8780 | 292.6666819304228 | 152.05677795410156,187.6896209716797,0.21185694634914398 | -4.627187252044678,-0.03275784105062485,-3.432655262258777e-07 | 269.6 | 0.0002522701397538185,-0.0006691887392662466,0.19509251415729523 | -0.04656314477324486,-0.031409669667482376,-1.4302730050985701e-05 | 0,0
8790 | 293.0000152811408 | 150.35769653320312,187.67762756347656,0.21186061203479767 | -4.639275074005127,-0.03504393994808197,0.0 | 269.6 | 0.00013823019980918616,-0.0007847012602724135,0.12090114504098892 | -0.03168582543730736,-0.005078427027910948,1.9451712432783097e-05 | 0,0
8800 | 293.3333486318588 | 148.80908203125,187.66616821289062,0.21186137199401855 | -4.6521735191345215,-0.03527798131108284,-8.96304470643372e-07 | 269.6 | 0.0005498817190527916,0.00016689348558429629,0.053953152149915695 | -0.04374503716826439,0.006777494680136442,-1.830749533837661e-05 | 0,0
8810 | 293.66668198257685 | 147.25575256347656,187.65440368652344,0.2118607610464096 | -4.667133808135986,-0.035816725343465805,-5.14898317760526e-07 | 269.6 | 5.508763206307776e-05,0.00014924198330845684,0.028935253620147705 | -0.04451751336455345,0.00045172867248766124,2.2884365534991957e-05 | 0,0
8820 | 294.00001533329487 | 145.85353088378906,187.64382934570312,0.21186049282550812 | -4.68032169342041,-0.03577803447842598,-5.530388875740755e-07 | 269.6 | 1.0360966371081304e-05,8.259019523393363e-06,0.010691125877201557 | -0.04388808831572533,-0.0027981025632470846,0.0 | 0,0
8830 | 294.3333486840129 | 144.13430786132812,187.6305694580078,0.21186049282550812 | -4.696225643157959,-0.035931508988142014,4.386170644465892e-07 | 269.6 | -4.0795450331643224e-05,-0.00010767018102342263,0.005389154423028231 | -0.04034041985869408,-6.817280518589541e-05,4.576873379846802e-06 | 0,0
8840 | 294.6666820347309 | 142.56654357910156,187.6185760498047,0.21186073124408722 | -4.70970344543457,-0.03570139408111572,2.6698430133365036e-07 | 269.6 | 4.804321361007169e-05,-3.220101280021481e-05,-0.005462959874421358 | -0.04081248864531517,-0.0012843309668824077,-3.432654466450913e-06 | 0,0
8850 | 295.00001538544893 | 140.9943389892578,187.6068572998047,0.21186092495918274 | -4.722919940948486,-0.03437114879488945,2.479139880051662e-07 | 269.6 | 0.00027807967853732407,-3.1606294214725494e-05,-0.03334580361843109 | -0.039453502744436264,0.005453489255160093,5.663880438078195e-05 | 0,0
8860 | 295.33334873616695 | 139.5756378173828,187.5967559814453,0.21186095476150513 | -4.7344183921813965,-0.03218531608581543,-1.487483928030997e-06 | 269.6 | 0.0003767309826798737,-3.2840445783222094e-05,-0.066520556807518 | -0.03859519585967064,0.010397135280072689,-4.233607614878565e-05 | 0,0
8870 | 295.666682086885 | 137.83694458007812,187.5854034423828,0.21186107397079468 | -4.74880838394165,-0.028338512405753136,-6.102498559812375e-07 | 269.7 | -8.219026312872302e-06,3.5618584661278874e-05,-0.10716083645820618 | -0.03932475671172142,0.0052565704099833965,5.721084903598239e-07 | 0,0
8880 | 296.000015437603 | 136.2517852783203,187.5764617919922,0.2118610292673111 | -4.76157808303833,-0.02302229031920433,-7.818825906724669e-07 | 269.7 | 0.0008506954764015973,-7.991728125489317e-06,-0.15742972493171692 | -0.03809451684355736,0.04088166728615761,-1.9451712432783097e-05 | 0,0
8890 | 296.333348788321 | 134.8214569091797,187.56982421875,0.2118609994649887 | -4.773181438446045,-0.01828215830028057,-7.05601394201949e-07 | 269.8 | 0.00036012413329444826,-1.9916194560209988e-06,-0.17782393097877502 | -0.03759383782744408,0.02834245376288891,5.72109183849534e-06 | 0,0
8900 | 296.66668213903904 | 133.06871032714844,187.5636749267578,0.21186107397079468 | -4.786566257476807,-0.012586125172674656,5.530388875740755e-07 | 269.8 | -0.0002760488132480532,-2.7948839488090016e-05,-0.18207821249961853 | -0.036978717893362045,0.026666129007935524,0.0 | 0,0
8910 | 297.00001548975706 | 131.47097778320312,187.55995178222656,0.21186129748821259 | -4.799349784851074,-0.006922002881765366,7.628123199765469e-08 | 269.9 | -0.00045613927068188787,5.493429125635885e-05,-0.18971946835517883 | -0.038766857236623764,0.007719886023551226,2.402858626737725e-05 | 0,0
8920 | 297.3333488404751 | 129.86898803710938,187.55813598632812,0.2118610292673111 | -4.81192684173584,-0.0013007869711145759,-3.814061599882734e-08 | 270.0 | -0.00040868722135201097,5.4288266255753115e-06,-0.19380132853984833 | -0.03692149743437767,0.0009880376746878028,-4.176396760158241e-05 | 0,0
8930 | 297.6666821911931 | 128.2628631591797,187.5579833984375,0.21186114847660065 | -4.824307441711426,0.0033287229016423225,-6.483904826382059e-07 | 270.0 | 8.200325282814447e-06,-5.278081061987905e-06,-0.17596156895160675 | -0.03756522759795189,0.01281911414116621,-8.581639121985063e-06 | 0,0
8940 | 298.0000155419111 | 126.65260314941406,187.55923461914062,0.21186114847660065 | -4.836462497711182,0.006945746950805187,1.5256246399530937e-07 | 270.1 | -7.908520638011396e-05,-4.135850031161681e-05,-0.14810657501220703 | -0.03604888543486595,0.016070090234279633,1.7735384972183965e-05 | 0,0
8950 | 298.33334889262915 | 125.03844451904297,187.5616912841797,0.21186110377311707 | -4.848288059234619,0.009855401702225208,-3.2419524131910293e-07 | 270.1 | 7.60751572670415e-05,-1.7562933862791397e-05,-0.12086253613233566 | -0.03519057855010033,0.020747974514961243,-1.9451712432783097e-05 | 0,0
8960 | 298.66668224334717 | 123.42037963867188,187.56495666503906,0.21186110377311707 | -4.85996675491333,0.011929417960345745,7.05601394201949e-07 | 270.1 | 0.00014223402831703424,-1.1303477549517993e-05,-0.09428052604198456 | -0.03444671258330345,0.014864661730825901,8.009529665287118e-06 | 0,0
8970 | 299.0000155940652 | 121.79840850830078,187.5689239501953,0.21186129748821259 | -4.871424674987793,0.013329289853572845,3.432655262258777e-07 | 270.2 | 7.385838398477063e-05,1.0020640729635488e-05,-0.06851638853549957 | -0.03536223992705345,0.010942378081381321,5.148982381797396e-06 | 0,0
8980 | 299.3333489447832 | 120.17253875732422,187.5733184814453,0.21186129748821259 | -4.882895469665527,0.013898519799113274,2.288436888875367e-07 | 270.2 | -0.00029506225837394595,-4.3878608266822994e-05,-0.03967297077178955 | -0.03255843743681908,-0.0008217058493755758,-5.148981927050045e-06 | 0,0
8990 | 299.66668229550123 | 118.54298400878906,187.57791137695312,0.21186137199401855 | -4.893861770629883,0.014403124339878559,4.0047643778962083e-07 | 270.2 | -0.0001607640879228711,-3.808137262240052e-05,-0.02410290576517582 | -0.032014843076467514,-0.002604033565148711,3.775920777115971e-05 | 0,0
9000 | 300.00001564621925 | 116.90980529785156,187.58253479003906,0.21186156570911407 | -4.904701232910156,0.014582176692783833,1.4684136431242223e-06 | 270.2 | 2.9660497602890246e-05,7.4347703957755584e-06,-0.01241854764521122 | -0.032243724912405014,0.002831266960129142,0.00010412387200631201 | 0,0
9010 | 300.3333489969373 | 115.43682098388672,187.58673095703125,0.21186137199401855 | -4.914712905883789,0.014523647725582123,3.814061599882734e-08 | 270.2 | -1.670137316978071e-05,4.9918216973310336e-05,-0.003869929350912571 | -0.03431796655058861,0.00043448989163152874,0.0 | 0,0
9020 | 300.6666823476553 | 113.79656982421875,187.59141540527344,0.21186129748821259 | -4.9261579513549805,0.014408701099455357,-2.8605461466213455e-07 | 270.2 | 3.954600288125221e-06,1.9049277398153208e-05,0.001328150276094675 | -0.03380298241972923,8.102505830720474e-07,4.576873379846802e-06 | 0,0
9030 | 301.0000156983733 | 111.9880142211914,187.5966033935547,0.21186137199401855 | -4.93801212310791,0.014265629462897778,-2.0977338976990723e-07 | 270.2 | 8.922312190406956e-06,-3.159082189085893e-05,0.0037368452176451683 | -0.03127097710967064,-0.0001700688007986173,4.0047639231488574e-06 | 0,0
9040 | 301.33334904909134 | 110.3402328491211,187.60128784179688,0.2118614912033081 | -4.948281288146973,0.0141162583604455,1.2014294270557002e-06 | 270.2 | 3.4753396903397515e-05,-1.772779069142416e-05,0.005431646015495062 | -0.03089904598891735,-0.0003399699635338038,7.952317537274212e-05 | 0,0
9050 | 301.66668239980936 | 108.85427856445312,187.6055450439453,0.2118615359067917 | -4.95766019821167,0.013772547245025635,-1.0488669204278267e-06 | 270.2 | -6.785982986912131e-05,1.0480873243068345e-05,0.010528532788157463 | -0.0313568077981472,-0.0017014144686982036,-1.3730621503782459e-05 | 0,0
9060 | 302.0000157505274 | 107.19993591308594,187.6100616455078,0.21186161041259766 | -4.967848300933838,0.013108314014971256,-2.8605461466213455e-07 | 270.2 | -8.804591925581917e-05,-1.9553185666154604e-06,0.01919395849108696 | -0.03067016415297985,-0.0029711329843848944,0.0 | 0,0
9070 | 302.3333491012454 | 105.37616729736328,187.61474609375,0.2118614912033081 | -4.979579448699951,0.011978096328675747,-4.0047643778962083e-07 | 270.1 | -3.090130849159323e-05,5.918862734688446e-05,0.031145431101322174 | -0.03275870904326439,-0.0006339512183330953,0.0 | 0,0
9080 | 302.6666824519634 | 103.88082122802734,187.61822509765625,0.21186164021492004 | -4.988821983337402,0.010699992999434471,-6.674607675449806e-07 | 270.1 | -5.621596937999129e-05,-5.548739500227384e-05,0.04206502437591553 | -0.029926298186182976,-0.0018706730334088206,-1.4874838598188944e-05 | 0,0
9090 | 303.00001580268145 | 102.21617126464844,187.6216583251953,0.2118617594242096 | -4.998490333557129,0.008937172591686249,1.163288743555313e-06 | 270.1 | -2.7883792427019216e-05,-6.945592031115666e-05,0.05391848087310791 | -0.028367040678858757,-0.00396964093670249,8.924903522711247e-05 | 0,0
9100 | 303.33334915339947 | 100.54907989501953,187.62452697753906,0.21234191954135895 | -4.995375156402588,0.007858725264668465,-0.011307595297694206 | 270.1 | -1.2479604265536182e-05,-0.0029841659124940634,0.03920790180563927 | -0.1785707324743271,-0.007548434194177389,-0.3112768828868866 | 0,0
9110 | 303.6666825041175 | 98.71522521972656,187.62716674804688,0.21198531985282898 | -4.982233047485352,0.006072751246392727,-0.008772055618464947 | 270.1 | -0.0002821031375788152,-0.004514307714998722,0.049550171941518784 | -0.3264712989330292,-0.007809209171682596,0.1310158669948578 | 0,0
