Simulation Frame | Timestamp | Position | Velocity | Heading | Angular Velocity | Acceleration | Stopped at Red Light + Light ID 
336 | 11.200000584125519 | 100.33079528808594,191.6275177001953,0.2132776528596878 | 2.0472054481506348,0.012645327486097813,2.6507726943236776e-05 | 89.6 | -0.0021220229100435972,-1.4296542406082153,-0.08080769330263138 | 3.485612630844116,0.016790682449936867,-0.0004611200711224228 | 0,0
376 | 12.533333986997604 | 103.24794006347656,191.64320373535156,0.21276366710662842 | 2.016057014465332,0.007788000162690878,1.20333634185954e-05 | 89.8 | -0.005080520175397396,-1.2312642335891724,-0.10512275993824005 | 3.5598526000976562,0.007575214374810457,-0.00023227630299516022 | 0,0
419 | 13.966667395085096 | 105.55609130859375,191.65045166015625,0.21525385975837708 | -0.002081436337903142,4.951681330567226e-05,4.7122728574322537e-05 | 0 | -0.004353391472250223,-0.8075679540634155,4.3998443288728595e-05 | 0.00818668119609356,-0.0001490185532020405,-0.00027575663989409804 | 0,0
461 | 15.366667468100786 | 105.5570297241211,191.65045166015625,0.2135370522737503 | -5.814449195895577e-06,5.183622775462027e-08,-1.4302730733106728e-06 | 0 | -2.403454163868446e-05,-0.002192434621974826,6.929852958137417e-08 | 4.905882178718457e-06,7.616883408445574e-07,-2.174014844058547e-05 | 0,0
503 | 16.766667541116476 | 106.02204895019531,191.65200805664062,0.20970024168491364 | 1.8810787200927734,-0.00015666760737076402,-3.407863914617337e-05 | 90.0 | -0.004210545215755701,-0.4093724489212036,-0.09226865321397781 | 3.3501181602478027,-0.013461395166814327,4.405235449667089e-05 | 0,0
542 | 18.06666760891676 | 109.275390625,191.64984130859375,0.21269015967845917 | 2.6802449226379395,-0.005197318736463785,-1.3349215350899613e-06 | 90.1 | -0.007691874168813229,-0.7334659099578857,-0.09878682345151901 | 2.239515542984009,-0.003923861775547266,-8.581636939197779e-05 | 0,0
584 | 19.46666768193245 | 114.87837982177734,191.63580322265625,0.21291057765483856 | 4.670288562774658,-0.014775141142308712,3.4517256608523894e-06 | 90.2 | 0.006385980173945427,0.2997190058231354,-0.03721737116575241 | -0.21393297612667084,0.0025232320185750723,-3.718709558597766e-05 | 0,0
625 | 20.833334419876337 | 121.16895294189453,191.6151885986328,0.21340957283973694 | 4.623693466186523,-0.014895661734044552,-1.6019057511584833e-06 | 90.2 | 7.056326012389036e-06,0.0014025709824636579,-0.0010816467693075538 | 0.04755019769072533,-0.00016856005822774023,1.4302733688964508e-05 | 0,0
667 | 22.233334492892027 | 127.67721557617188,191.63079833984375,0.21351633965969086 | 4.64907169342041,0.3617986738681793,-4.5139415306039155e-05 | 85.6 | 0.27630650997161865,0.01747620664536953,9.26401424407959 | 0.21985529363155365,-1.0450117588043213,1.1442279173934367e-05 | 0,0
706 | 23.53333456069231 | 131.59365844726562,195.31710815429688,0.21537593007087708 | 0.43945589661598206,4.622100830078125,-6.634560122620314e-05 | 5.4 | -0.21886692941188812,-0.4790951609611511,56.682373046875 | -4.275338172912598,0.9023522734642029,0.00346755376085639 | 0,0
749 | 24.966667968779802 | 132.308349609375,202.08084106445312,0.21349017322063446 | -0.03365202248096466,4.793404579162598,-3.2419524131910293e-07 | 359.6 | 0.022362155839800835,-0.25535234808921814,4.99825382232666 | 5.051493280916475e-05,0.06258486956357956,8.581638212490361e-06 | 0,0
790 | 26.33333470672369 | 132.27505493164062,205.90989685058594,0.21246184408664703 | -0.033883992582559586,1.9580955505371094,8.009528755792417e-06 | 359.0 | 1.1325912475585938,0.039364274591207504,0.24732445180416107 | -0.10728584229946136,2.9716763496398926,-0.0005509411566890776 | 0,0
831 | 27.700001444667578 | 132.22711181640625,208.88172912597656,0.21257220208644867 | -0.03451256453990936,2.044325113296509,5.759232863056241e-06 | 359.0 | 1.0804791450500488,0.005782568361610174,-0.019484661519527435 | -0.02466212771832943,2.9413673877716064,-0.0003793083888012916 | 0,0
870 | 29.00000151246786 | 132.1915740966797,211.02101135253906,0.2160620093345642 | -1.066468030330725e-06,-0.0027472148649394512,7.117038330761716e-05 | 0 | 1.0795729160308838,0.012126577086746693,0.00010625652794260532 | -7.527918933192268e-05,0.008008705452084541,-0.00038045260589569807 | 0,0
909 | 30.300001580268145 | 132.19154357910156,211.0226287841797,0.21351207792758942 | -0.00024299623328261077,0.01479758508503437,-8.772341288931784e-07 | 0 | 0.04290606826543808,0.0004440644115675241,0.0016052742721512914 | -0.0038312021642923355,0.23357398808002472,5.148983109393157e-05 | 0,0
950 | 31.666668318212032 | 132.1515350341797,213.41554260253906,0.21294505894184113 | -0.042611993849277496,2.5862481594085693,3.184741217410192e-05 | 359.1 | -1.8402020931243896,-0.025256291031837463,0.004936281591653824 | 0.09425840526819229,-5.349361419677734,-5.034565765527077e-05 | 0,0
990 | 33.00000172108412 | 132.09971618652344,216.7899932861328,0.21104155480861664 | -0.05029521510004997,3.8682141304016113,1.7163276311293885e-07 | 359.3 | -0.050406839698553085,-0.005460092332214117,-0.223945751786232 | -0.012370794080197811,1.9902132749557495,3.37544443027582e-05 | 0,0
1028 | 34.2666684538126 | 132.05242919921875,222.50205993652344,0.21353614330291748 | -0.0061823236756026745,4.60573673248291,-5.911795142310439e-07 | 359.9 | -0.0247492715716362,-0.03234346583485603,-0.5330678224563599 | 0.15472130477428436,-0.05199908837676048,-2.5172803361783735e-05 | 0,0
6269 | 208.9666775651276 | 104.33954620361328,191.69210815429688,0.21391639113426208 | 5.280167102813721,0.0016701046843081713,-1.220499711962475e-06 | 90.0 | -0.01648200862109661,0.029791582375764847,-0.023615071550011635 | 0.023818014189600945,-0.03315473347902298,-9.153747669188306e-06 | 0,0
6307 | 210.2333442978561 | 111.05451965332031,191.69461059570312,0.21391357481479645 | 5.310734272003174,0.0019009135430678725,-8.96304470643372e-07 | 90.0 | 0.0014064688002690673,0.02942613512277603,0.01012516301125288 | 0.02600669674575329,-0.005363443400710821,-4.004766196885612e-06 | 0,0
6348 | 211.60001103579998 | 113.395751953125,191.6924591064453,0.21410179138183594 | -0.0008642804459668696,7.383167030639015e-06,3.9876013033790514e-05 | 0 | -0.0032205418683588505,-0.32931292057037354,3.1774976378073916e-05 | 0.0050475276075303555,-4.380357131594792e-05,-0.0003364001458976418 | 1,5
6388 | 212.93334443867207 | 113.39615631103516,191.6924591064453,0.2135351449251175 | -1.3987956890559872e-06,3.5064280368146683e-09,2.288436888875367e-07 | 0 | -1.2054796343363705e-06,-0.0005195463309064507,-9.13579114580898e-08 | 0.00012796811643056571,-3.494882776067243e-06,-2.8605458282982e-05 | 1,5
6429 | 214.30001117661595 | 113.39615631103516,191.6924591064453,0.21353095769882202 | -1.4787292279550002e-08,-1.908094127145432e-08,5.721092293242691e-07 | 0 | 8.681571671331767e-06,-5.534688170882873e-06,-3.252785263363478e-10 | -4.558291664125136e-07,1.256030941476638e-07,2.2884373720444273e-06 | 1,5
6465 | 215.50001123920083 | 113.39615631103516,191.6924591064453,0.21353095769882202 | 4.024291178073014e-10,-3.906050149993234e-09,2.8605461466213455e-07 | 0 | 1.75927527834574e-06,1.505528643974685e-07,3.5447016849543544e-11 | 4.817541920942858e-09,-4.427683109042846e-08,3.4326553759456147e-06 | 1,5
6505 | 216.83334464207292 | 113.39615631103516,191.6924591064453,0.21353095769882202 | 3.9545841601373866e-10,-6.668084751026981e-09,5.530388875740755e-07 | 0 | 3.1748793389851926e-06,1.4950767024402012e-07,-4.3421641282570533e-11 | -7.435544180367515e-09,-1.6466293217831662e-08,2.8605450097529683e-06 | 1,5
6544 | 218.1333447098732 | 113.39615631103516,191.6924591064453,0.21353095769882202 | 6.36336927595238e-10,-8.881154478501685e-09,7.246716791087238e-07 | 0 | 4.2331830627517775e-06,2.398389256086375e-07,-4.9363031023874626e-11 | -7.435608129213733e-09,-1.6465307339785795e-08,2.86054591924767e-06 | 1,5
6583 | 219.43334477767348 | 113.39615631103516,191.6924591064453,0.21353095769882202 | 1.2000074267604077e-09,-9.91366455593834e-09,8.581638439864037e-07 | 0 | 4.726687166112242e-06,4.5208579990685394e-07,-6.166672034124687e-11 | -7.434945548112637e-09,-1.6330828245259e-08,2.8605477382370736e-06 | 1,5
6620 | 220.66667817533016 | 113.39615631103516,191.6924591064453,0.21353095769882202 | 2.018081923793602e-09,1.2640440916200646e-09,7.628122489222733e-07 | 0 | -3.445043432748207e-07,7.596706268486741e-07,-1.1688212897542627e-10 | 9.714225868151516e-09,1.0640837189157537e-07,2.2884357804286992e-06 | 1,5
6660 | 222.00001157820225 | 113.39615631103516,191.6924591064453,0.21353095769882202 | 4.800055908305012e-10,3.248397328903252e-09,9.535153822071152e-07 | 0 | -1.553535525999905e-06,1.834429923519565e-07,-3.880021304247805e-11 | -1.9352890845425463e-08,-1.9911603477140716e-09,2.2884373720444273e-06 | 1,5
6701 | 223.36667831614614 | 113.39615631103516,191.6924591064453,0.21353095769882202 | 1.615627215345583e-10,-1.6893704213316596e-09,1.1442184444376835e-07 | 0 | 7.009842875049799e-07,6.022067111643992e-08,4.2918439635553085e-11 | 4.8468811186808125e-09,-5.068110908723611e-08,3.432655148571939e-06 | 1,5
6739 | 224.63334504887462 | 113.39615631103516,191.6924591064453,0.21353095769882202 | 2.418444056129232e-10,-2.430155632282549e-09,1.7163276311293885e-07 | 0 | 1.0537103207752807e-06,9.033161063598527e-08,3.971692419391104e-11 | 4.815474685671006e-09,-4.507719708612967e-08,3.4326549211982638e-06 | 1,5
6779 | 225.9666784517467 | 113.76546478271484,191.6920928955078,0.2101527750492096 | 1.6441144943237305,-0.011841603554785252,-3.072226536460221e-05 | 90.4 | -0.014149040915071964,-0.6542345881462097,0.035330723971128464 | 3.862294912338257,-0.07211291790008545,4.0047593756753486e-06 | 0,0
6818 | 227.26667851954699 | 118.07845306396484,191.6580352783203,0.21136093139648438 | 4.594328880310059,-0.04084141552448273,2.8605461466213455e-06 | 90.5 | -0.0008302757050842047,0.11799600720405579,-0.09482357650995255 | 1.4616535902023315,-0.021030081436038017,-2.688912718440406e-05 | 0,0
6857 | 228.56667858734727 | 124.28273010253906,191.6035919189453,0.21353748440742493 | 4.736959457397461,-0.040060050785541534,5.721092293242691e-07 | 90.5 | 0.0045339614152908325,-0.0506717786192894,0.034587979316711426 | 0.08043765276670456,0.010158195160329342,-3.489866139716469e-05 | 0,0
6894 | 229.80001198500395 | 130.1822967529297,191.56333923339844,0.2134353518486023 | 4.809315204620361,-0.017474204301834106,2.421929139018175e-06 | 90.2 | -0.0017316661542281508,0.001309268525801599,0.27184411883354187 | 0.03324508294463158,0.010226312093436718,1.487484132667305e-05 | 0,0
6934 | 231.13334538787603 | 136.62387084960938,191.55789184570312,0.21344012022018433 | 4.850462436676025,0.011003446765244007,4.0047643778962083e-07 | 89.9 | -0.024678248912096024,0.0005661390023306012,0.1895172894001007 | 0.026636121794581413,-0.0290056299418211,2.8033349735778756e-05 | 0,0
6974 | 232.46667879074812 | 143.1161346435547,191.58116149902344,0.21343649923801422 | 4.8888349533081055,0.02262527495622635,1.926101049321005e-06 | 89.7 | -0.003531514899805188,-0.0011062604608014226,0.05546014755964279 | 0.03428935632109642,-0.003725755726918578,3.37544443027582e-05 | 0,0
7015 | 233.833345528692 | 149.83192443847656,191.61285400390625,0.21343287825584412 | 4.937145709991455,0.02340761199593544,-1.2395699968692497e-06 | 89.7 | 9.337729716207832e-05,0.0002184006734751165,-0.0010976878693327308 | 0.03265857324004173,8.320435154018924e-05,5.721084903598239e-07 | 0,0
7052 | 235.0666789263487 | 155.94520568847656,191.6408233642578,0.21343478560447693 | 4.975433826446533,0.02014966867864132,3.0512492799061874e-07 | 89.8 | -0.0025206361897289753,-0.0005216682911850512,-0.04812821000814438 | 0.032129283994436264,-0.009670983068645,3.4326558306929655e-06 | 0,0
7092 | 236.40001232922077 | 160.2347869873047,191.65614318847656,0.21186767518520355 | 3.0637691020965576,0.00813398975878954,-1.3444566320686135e-05 | 89.8 | -0.002747694728896022,-0.452833890914917,-0.07210516184568405 | 2.197100877761841,0.0017405300168320537,-1.0297952940163668e-05 | 0,0
7133 | 237.76667906716466 | 163.677001953125,191.66351318359375,0.21318687498569489 | 2.6174535751342773,0.002800640184432268,1.783073639671784e-05 | 89.9 | 0.006985987536609173,1.7049601078033447,-0.0456320159137249 | -5.34763765335083,-0.01013617217540741,-2.8605480110854842e-05 | 0,0
7174 | 239.13334580510855 | 164.1261444091797,191.66400146484375,0.21364684402942657 | -0.00012972424156032503,3.042599132641044e-07,-1.9833119040413294e-06 | 0 | -0.00016607770521659404,-0.04902184382081032,1.3349979326449102e-06 | 0.0003945413918700069,-3.892720542353345e-06,1.5446950783370994e-05 | 0,0
7211 | 240.36667920276523 | 164.12844848632812,191.66400146484375,0.2134549617767334 | 0.03373536840081215,7.527926209149882e-05,-1.5828354662517086e-06 | 0 | 0.0006848790217190981,-0.05409525707364082,0.0013998030917719007 | 0.30587026476860046,0.00027945043984800577,5.721084903598239e-07 | 0,0
7252 | 241.7333459407091 | 166.70216369628906,191.66566467285156,0.21436694264411926 | 2.1972415447235107,-0.0005490906187333167,1.2414769116730895e-05 | 90.0 | 0.008071646094322205,1.9248321056365967,-0.03081842139363289 | -6.024991989135742,-0.014236061833798885,-0.000343837687978521 | 0,0
14603 | 486.76669205352664 | 100.38341522216797,191.58181762695312,0.21100734174251556 | 3.0423638820648193,-0.0030762257520109415,-5.911795142310439e-06 | 90.1 | 0.0002606330963317305,0.18365755677223206,0.015388322062790394 | 0.5305837988853455,-0.0007371813408099115,5.0917711632791907e-05 | 0,0
14644 | 488.1333587914705 | 104.67112731933594,191.57827758789062,0.211312934756279 | 4.312501907348633,-0.0018652109429240227,2.4028588541114004e-06 | 90.0 | 0.001618378097191453,0.10036677122116089,0.03158821910619736 | 1.4722107648849487,0.002405979670584202,9.153746941592544e-05 | 0,0
14682 | 489.400025524199 | 109.87382507324219,191.5779571533203,0.21221953630447388 | 4.465546607971191,0.0020945039577782154,-1.163288743555313e-06 | 90.0 | 0.0010862306226044893,0.032437968999147415,0.041285883635282516 | 0.7910441756248474,0.004011040553450584,7.208576425909996e-05 | 0,0
14723 | 490.7666922621429 | 113.72420501708984,191.5803680419922,0.21823516488075256 | -0.004108502995222807,3.641384682850912e-05,0.00013866019435226917 | 0 | -0.003212930401787162,-1.672631025314331,0.0002588462957646698 | 0.003022919176146388,0.000229896220844239,0.00015218085900414735 | 1,5
14763 | 492.100025665015 | 113.72677612304688,191.58035278320312,0.213551327586174 | -6.587602911167778e-06,-4.9534566670672575e-08,6.293201408880122e-07 | 0 | 1.8870399799197912e-05,-0.002447413746267557,-4.323240716530563e-07 | 0.00059942074585706,2.753705246050231e-07,5.778302875114605e-05 | 1,5
14804 | 493.46669240295887 | 113.72679138183594,191.58035278320312,0.2135317623615265 | -1.2046304220802995e-07,1.744896707123189e-07,-1.0679372053346015e-06 | 0 | -7.240529521368444e-05,-4.538533175946213e-05,-4.888343507758464e-09 | -2.3216115607738175e-07,2.3068405425874516e-06,1.5446947145392187e-05 | 1,5
14843 | 494.76669247075915 | 113.72679138183594,191.58035278320312,0.21353068947792053 | -1.0883530521255125e-08,-1.1362615737198212e-08,1.0488669204278267e-06 | 0 | 5.343641078070505e-06,-4.09620042773895e-06,-6.049506728889043e-11 | -5.555574489335413e-08,-7.067133367399947e-08,5.72109183849534e-06 | 1,5
14884 | 496.13335920870304 | 113.72679138183594,191.58035278320312,0.21353068947792053 | 2.5725850338886858e-09,3.535920445330021e-09,-6.674607675449806e-07 | 0 | -1.6160735185621888e-06,9.706620858196402e-07,-3.2788563530949943e-11 | -1.212979672260417e-08,4.622160432177225e-08,5.148983291292097e-06 | 1,5
14926 | 497.53335928171873 | 113.72679138183594,191.58035278320312,0.21353068947792053 | -7.302999316394221e-10,1.4735342945826346e-09,-1.9642416191345546e-06 | 0 | -6.332470547931734e-07,-2.739321587341692e-07,-4.0486752839186124e-11 | -2.1908997283048848e-08,4.4206025506809965e-08,-5.8927245845552534e-05 | 1,5
14965 | 498.833359349519 | 113.72679138183594,191.58035278320312,0.21353068947792053 | 1.667041366060218e-10,-8.10348232960223e-10,4.386170644465892e-07 | 0 | 2.7784199119196273e-07,6.097403115745692e-08,5.956830861908458e-11 | 7.533462742514985e-09,-6.811925601368785e-08,4.576873379846802e-06 | 1,5
15006 | 500.2000260874629 | 113.72679138183594,191.58035278320312,0.21353068947792053 | 5.712197936880159e-10,-3.07120856524179e-10,-1.1823590284620877e-06 | 0 | 3.6305448247730965e-07,2.1293321594839654e-07,-4.256916347200601e-11 | 2.4314832813843168e-08,1.1914523412315248e-07,5.148983291292097e-06 | 1,5
15046 | 501.533359490335 | 113.72679138183594,191.58035278320312,0.21353068947792053 | -9.635108266792258e-10,1.5543545339724574e-09,1.4302730733106728e-06 | 0 | -8.532054494025942e-07,-3.6529297631204827e-07,5.78540618190182e-11 | 7.533699886153045e-09,-6.829143472941723e-08,4.576874744088855e-06 | 1,5
15088 | 502.9333595633507 | 113.72679138183594,191.58035278320312,0.21353068947792053 | 3.2746616529522043e-10,-3.724719699338408e-10,1.1442184444376835e-07 | 0 | 1.400079128188736e-07,1.2161011397893162e-07,3.8254469036935745e-11 | -2.3857651854086726e-08,-9.168493164679603e-08,9.725856216391549e-06 | 1,5
15126 | 504.20002629607916 | 113.72679138183594,191.58035278320312,0.21353068947792053 | 7.683700897764822e-11,2.5196061903542954e-10,-1.9642416191345546e-06 | 0 | -6.820712172839194e-08,3.0333605849364176e-08,-4.023314667533917e-11 | 2.305110102795993e-09,7.558818460040584e-09,-5.8927245845552534e-05 | 1,5
15167 | 505.56669303402305 | 113.72679138183594,191.58035278320312,0.21353068947792053 | -3.247308255627246e-10,-3.6034419892416736e-10,7.437419640154985e-07 | 0 | 2.867423063435126e-07,-1.212463587307866e-07,-7.563651788222714e-11 | -7.489333597732184e-09,1.3476044280480437e-08,4.576873379846802e-06 | 1,5
15208 | 506.93335977196693 | 113.72679138183594,191.58035278320312,0.21353068947792053 | -6.448130918101924e-10,-1.0306100417523112e-09,-8.390935590796289e-07 | 0 | 3.4556518357931054e-07,-2.4271386678265117e-07,4.8182225570458925e-11 | 7.295621884395587e-09,-5.336020336699221e-08,4.5768715608573984e-06 | 1,5
15249 | 508.3000265099108 | 113.72679138183594,191.58035278320312,0.21353068947792053 | -3.2762179080769727e-10,3.2376887837415325e-09,1.9070307644142304e-06 | 0 | -1.4059422710488434e-06,-1.2272992933048954e-07,-6.662725926531721e-11 | -1.2124369064281382e-08,4.4311832425592e-08,5.148983291292097e-06 | 1,5
15287 | 509.5666932426393 | 113.72679138183594,191.58035278320312,0.21353068947792053 | -1.4548869886610305e-09,5.975385741763262e-10,-1.9070306223056832e-07 | 0 | -2.1081251588839223e-07,-5.469544248626335e-07,-3.8130117119283824e-11 | -1.2124237613875266e-08,4.4312351121789106e-08,5.1489828365447465e-06 | 1,5
15328 | 510.9333599805832 | 113.72679138183594,191.58035278320312,0.21353068947792053 | -2.406726484771582e-10,-2.5075885812242404e-09,-1.659116833252483e-06 | 0 | 1.0519967190703028e-06,-9.021390212637925e-08,4.883071030858943e-11 | 7.295577031385392e-09,-5.335618169510781e-08,4.5768715608573984e-06 | 1,5
15369 | 512.3000267185271 | 113.72679138183594,191.58035278320312,0.21353068947792053 | -2.6896351899147186e-12,8.146770064110243e-11,1.0679372053346015e-06 | 0 | 7.55110107775181e-08,7.89797810485382e-11,-7.512519772934212e-11 | -7.489412645611537e-09,1.3386075359278493e-08,4.576873379846802e-06 | 1,5
15410 | 513.666693456471 | 113.72679138183594,191.58035278320312,0.21353068947792053 | 5.641517808463448e-10,-1.0327495525430663e-09,-5.339686026673007e-07 | 0 | 3.4744499544103746e-07,2.129501126546529e-07,5.088620497195606e-11 | 7.297352944135582e-09,-5.5896723694104367e-08,4.576873379846802e-06 | 1,5
15448 | 514.9333601891994 | 113.72679138183594,191.58035278320312,0.21353068947792053 | 8.899900816317086e-10,1.7445023203777055e-09,1.7544682577863568e-06 | 0 | -9.19828892165242e-07,3.3331247095702565e-07,6.649762684940441e-11 | 2.660453413128039e-09,-2.255543662954551e-08,5.148983291292097e-06 | 1,5
15489 | 516.3000269271433 | 113.72679138183594,191.58035278320312,0.21353068947792053 | -8.913185189918238e-10,2.6481361548036375e-09,2.8605461466213455e-07 | 0 | -1.1245156201766804e-06,-3.351179032051732e-07,-6.807270025444012e-11 | -1.1987189019180278e-08,4.5980726781635894e-08,5.148982381797396e-06 | 1,5
15531 | 517.700027000159 | 113.72679138183594,191.58035278320312,0.21353068947792053 | 4.1118017324315304e-10,1.6814255543451395e-09,-1.1823590284620877e-06 | 0 | -7.745041443740774e-07,1.5117386453766812e-07,5.363197039254253e-11 | 2.9371300058755878e-08,5.0521361316668845e-08,4.576874744088855e-06 | 1,5
15572 | 519.0666937381029 | 113.72679138183594,191.58035278320312,0.21353068947792053 | 7.952543484845975e-11,-1.9849848431618966e-09,1.544694896438159e-06 | 0 | 1.0637292007231736e-06,3.131493286900877e-08,-7.508215577045618e-11 | -7.489480147171435e-09,1.3718998381762049e-08,4.576874744088855e-06 | 1,5
15610 | 520.3333604708314 | 113.77415466308594,191.58102416992188,0.21252696216106415 | 0.4601202607154846,-0.00012255163164809346,-6.083428161218762e-06 | 0 | -0.009289797395467758,-0.6321898698806763,-0.5793268084526062 | 2.302964210510254,-0.004758551716804504,1.0297966582584195e-05 | 0,0
15651 | 521.7000272087753 | 117.27455139160156,191.58004760742188,0.211114302277565 | 4.140089988708496,-0.0007028357358649373,2.6507727852731477e-06 | 90.0 | 0.0023352738935500383,0.08223506808280945,0.0428471677005291 | 1.8795918226242065,0.0034622601233422756,3.8903424865566194e-05 | 0,0
15692 | 523.0666939467192 | 123.69789123535156,191.58189392089844,0.21363578736782074 | 4.719850540161133,0.0049524190835654736,6.293201408880122e-07 | 89.9 | 0.0013396617723628879,-0.02984803169965744,0.05341474711894989 | -0.014076231978833675,0.009284647181630135,-2.2884373720444273e-06 | 0,0
15732 | 524.4000273495913 | 129.6400909423828,192.38331604003906,0.216384619474411 | 2.727426052093506,3.4815218448638916,-0.00039843592094257474 | 38.1 | -0.10940547287464142,0.05422402173280716,67.94207763671875 | -3.743920087814331,4.42811918258667,0.0066467649303376675 | 0,0
15770 | 525.6666940823197 | 132.11428833007812,197.5599365234375,0.213892862200737 | 0.3717227578163147,4.836741924285889,-9.702971874503419e-05 | 4.4 | 0.2712104916572571,1.4986623525619507,25.804027557373047 | -2.6308374404907227,0.01409053709357977,-0.001395374070852995 | 0,0
15807 | 526.9000274799764 | 132.32333374023438,203.5231170654297,0.2135339379310608 | -0.08177487552165985,4.806482315063477,2.116804125762428e-06 | 359.0 | -0.20699633657932281,-0.35959330201148987,3.0831151008605957 | 0.42947596311569214,-1.4331434965133667,1.2014292224193923e-05 | 0,0
15845 | 528.1666942127049 | 132.26126098632812,207.241943359375,0.21354617178440094 | -0.05355442315340042,2.4783592224121094,5.034561127104098e-06 | 358.8 | -1.5332839488983154,-0.014579798094928265,0.3226414918899536 | 0.008079259656369686,-5.3658552169799805,-6.29319356448832e-06 | 0,0
15880 | 529.333360940218 | 132.20693969726562,209.99090576171875,0.21579676866531372 | -0.03674658387899399,1.864970326423645,-1.310130119236419e-05 | 358.9 | -0.08120359480381012,0.0017103152349591255,0.010033179074525833 | 0.00547047657892108,-0.16654370725154877,0.00011671027459669858 | 0,0
15916 | 530.5333610028028 | 132.18585205078125,211.071044921875,0.21428771317005157 | -1.168392259387474e-06,-0.0010314028477296233,1.302502005273709e-05 | 0 | 0.3939395844936371,0.005251779220998287,2.3437987692886963e-05 | 2.9318377983145183e-06,0.005157943349331617,-5.206192872719839e-05 | 0,0
15953 | 531.7666944004595 | 132.18585205078125,211.07150268554688,0.21353809535503387 | 0.0,0.0,0.0 | 0 | 0.0,0.0,0.0 | 0.0,0.0,0.0 | 0,0
15991 | 533.033361133188 | 132.18585205078125,211.07150268554688,0.21353809535503387 | 0.0,0.0,0.0 | 0 | 0.0,0.0,0.0 | 0.0,0.0,0.0 | 0,0
16025 | 534.1666945256293 | 132.18585205078125,211.07150268554688,0.21353809535503387 | 0.0,0.0,0.0 | 0 | 0.0,0.0,0.0 | 0.0,0.0,0.0 | 0,0
16063 | 535.4333612583578 | 132.185546875,211.10174560546875,0.21262118220329285 | -0.007333570159971714,0.3300391733646393,0.0011376391630619764 | 0 | 0.5149901509284973,0.01669401116669178,0.1803862601518631 | -0.0558043047785759,1.769698143005371,-0.004623785614967346 | 0,0
16101 | 536.7000279910862 | 132.13357543945312,213.64572143554688,0.21618136763572693 | -0.03071443922817707,1.6039074659347534,-2.9711538445553742e-05 | 358.9 | -1.2761613130569458,-0.016466613858938217,-0.06569449603557587 | 0.07794560492038727,-3.6950502395629883,-0.0004296539700590074 | 0,0
16139 | 537.9666947238147 | 132.0784149169922,216.92173767089844,0.2110559046268463 | -0.04830064997076988,3.9878947734832764,3.604288167480263e-06 | 359.3 | -0.0695866271853447,-0.03476434573531151,-0.4767657518386841 | 0.0677647739648819,1.9441150426864624,4.576874744088855e-06 | 0,0
16174 | 539.1333614513278 | 132.04286193847656,222.25564575195312,0.21358783543109894 | 0.005215710494667292,4.632822036743164,-5.14898317760526e-07 | 0.1 | -0.05194901302456856,-0.0070293075405061245,-0.6083792448043823 | 0.09665882587432861,-0.1377868503332138,-4.233607978676446e-05 | 0,0
