Simulation Frame | Timestamp | Position | Velocity | Heading | Angular Velocity | Acceleration | Stopped at Red Light + Light ID 
3880 | 129.3333400785923 | 168.48802185058594,187.68528747558594,0.2592266798019409 | -4.148342132568359,0.07015059143304825,-5.377826528274454e-05 | 271.0 | -0.08960958570241928,-2.396132230758667,0.715656042098999 | 5.739912509918213,-0.22153882682323456,-0.0007917990442365408 | 0,0
3890 | 129.66667342931032 | 167.47308349609375,187.70138549804688,0.2664937973022461 | -2.3290467262268066,0.025753306224942207,-0.00019249567412771285 | 270.6 | 0.11630675941705704,0.23751701414585114,0.487052857875824 | 1.3730190992355347,0.014118756167590618,0.002797614550217986 | 0,0
3900 | 130.00000678002834 | 166.63714599609375,187.71090698242188,0.25814953446388245 | -2.7604329586029053,0.020215975120663643,0.00022596407507080585 | 270.4 | 0.029580436646938324,2.4426960945129395,0.6421984434127808 | -2.085284948348999,0.02614348940551281,-0.0014480081154033542 | 0,0
3910 | 130.33334013074636 | 165.64495849609375,187.7186737060547,0.2554529905319214 | -2.7123358249664307,0.007231561001390219,7.971388185978867e-06 | 270.2 | -0.02501782961189747,-2.042297840118408,0.6713854074478149 | 4.7156662940979,-0.16836868226528168,0.0005211914540268481 | 0,0
3920 | 130.6666734814644 | 164.9310760498047,187.72181701660156,0.2598258852958679 | -2.116353988647461,0.001487569883465767,1.3311074326338712e-05 | 270.0 | 5.5501121096313e-05,1.2201807498931885,0.4606134295463562 | -1.5345810651779175,-0.026141386479139328,0.0009159467881545424 | 0,0
3930 | 131.0000068321824 | 164.09182739257812,187.7234649658203,0.2539318799972534 | -2.8610613346099854,-0.002810866106301546,-3.37544443027582e-05 | 269.9 | -0.006885716691613197,1.1835869550704956,0.5361940860748291 | -2.283482313156128,-0.01609124056994915,-0.0003466981870587915 | 0,0
3940 | 131.33334018290043 | 163.09780883789062,187.7228546142578,0.2555598318576813 | -2.585972785949707,-0.010184169746935368,7.567097782157362e-05 | 269.8 | 0.040064048022031784,-2.9102280139923096,0.4637080729007721 | 5.151535987854004,-0.0023931448813527822,0.00021740145166404545 | 0,0
3950 | 131.66667353361845 | 162.48287963867188,187.72119140625,0.261700838804245 | -1.6713361740112305,-0.007888682186603546,-1.106077775148151e-06 | 269.7 | 0.010660449974238873,1.1370571851730347,0.23700611293315887 | -0.9050809741020203,0.00432369252666831,0.0017655289266258478 | 0,0
3960 | 132.00000688433647 | 161.79885864257812,187.71847534179688,0.25487667322158813 | -2.2731592655181885,-0.01443332526832819,4.901069132756675e-06 | 269.6 | -0.03183290362358093,0.646941602230072,0.333495557308197 | 1.0410116910934448,-0.05137829855084419,-0.0005646718200296164 | 0,0
3970 | 132.3333402350545 | 161.4432830810547,187.71676635742188,0.26619139313697815 | -0.006414481904357672,-0.0002538245462346822,-0.0004898208426311612 | 0 | 0.019869642332196236,-1.4604837894439697,-0.0014359208289533854 | 0.24359451234340668,0.008301961235702038,0.0008879141532815993 | 0,0
3980 | 132.66667358577251 | 161.4403839111328,187.7167205810547,0.2607418894767761 | 0.008097323589026928,0.00019218788656871766,0.00024547299835830927 | 0 | -0.020178867504000664,1.753833293914795,0.0005515168886631727 | -0.017315641045570374,-0.0006697293138131499,-0.0007014054572209716 | 0,0
3990 | 133.00000693649054 | 161.4384765625,187.7166748046875,0.2571176588535309 | 0.0021152959670871496,2.285400296386797e-05,5.568529559241142e-06 | 0 | -0.005093660671263933,0.4426027834415436,-1.3430668332148343e-05 | -0.012195346876978874,-0.00014116690726950765,-0.0004061975050717592 | 0,0
4000 | 133.33334028720856 | 161.4381561279297,187.71665954589844,0.25653141736984253 | 0.00010965950787067413,3.1331055652117357e-06,-6.6173965933558065e-06 | 0 | -0.0007249497575685382,0.02279338799417019,-1.6832682376843877e-06 | 0.0001958896464202553,5.756664450018434e-06,-1.7163269149023108e-05 | 0,0
4010 | 133.66667363792658 | 161.43809509277344,187.71665954589844,0.25647059082984924 | 1.0553487300057895e-05,4.238520716626226e-07,-1.1251480600549257e-06 | 0 | -8.892508049029857e-05,0.002177583985030651,-6.722037824147264e-07 | -0.001287700142711401,-3.2885625842027366e-05,0.00011842660023830831 | 0,0
4020 | 134.0000069886446 | 161.43807983398438,187.71665954589844,0.2564556300640106 | 1.4298257156042382e-05,5.106559797241061e-07,-2.0977338408556534e-06 | 0 | -0.000117467250674963,0.002971758134663105,-1.426471527565809e-07 | -5.0318045396124944e-05,5.822459570481442e-06,-8.009529665287118e-06 | 0,0
4030 | 134.33334033936262 | 161.43807983398438,187.71665954589844,0.25645214319229126 | 4.193816039332887e-06,3.206280041467835e-07,-2.002382188948104e-06 | 0 | -7.052372529869899e-05,0.0008715156582184136,-3.117795088769526e-08 | -1.0062280125566758e-05,1.5249053149091196e-06,-1.0870075129787438e-05 | 0,0
4040 | 134.66667369008064 | 161.43807983398438,187.71665954589844,0.2564508318901062 | 1.144534621744242e-06,1.9962583053256822e-07,-7.818825906724669e-07 | 0 | -3.990856566815637e-05,0.00023784807126503438,1.1537531818817115e-08 | -2.2458218609244796e-06,1.6263149973383406e-06,-1.2014293133688625e-05 | 0,0
4050 | 135.00000704079866 | 161.43807983398438,187.71665954589844,0.25644975900650024 | 2.1289109497502068e-07,2.5393383396021818e-08,1.3349215066682518e-07 | 0 | -5.856453299202258e-06,4.436706876731478e-05,2.439882074156685e-09 | -1.1926847491849912e-06,2.8285111852710543e-07,1.4874838598188944e-05 | 0,0
4060 | 135.33334039151669 | 161.43807983398438,187.71665954589844,0.25644975900650024 | 1.3197965387234945e-08,-6.1813372198571415e-09,-9.535153111528416e-08 | 0 | 1.2900922001790605e-06,2.7225753456150414e-06,-1.4215679744467025e-09 | -5.073427018942311e-06,-2.5458359687036136e-06,1.7163276424980722e-05 | 0,0
4070 | 135.6666737422347 | 161.43807983398438,187.71665954589844,0.25644975900650024 | -4.9836497595379115e-08,2.0407716760928452e-07,-1.7735386563799693e-06 | 0 | -4.7382778575411066e-05,-1.0370823474659119e-05,1.6604879693460362e-09 | -4.558207820082316e-06,1.1715182154148351e-05,-1.830749533837661e-05 | 0,0
4080 | 136.00000709295273 | 161.43807983398438,187.71665954589844,0.25644975900650024 | 7.68809158557815e-08,-4.3601520616221023e-08,-9.7258566711389e-07 | 0 | 9.292400136473589e-06,1.5964023987180553e-05,-2.386859820902032e-09 | 2.598695800770656e-06,-8.434516530542169e-06,2.0023819160996936e-05 | 0,0
4090 | 136.33334044367075 | 161.43807983398438,187.71665954589844,0.25644975900650024 | -3.211725996266068e-08,-4.249773866149553e-08,-9.535153822071152e-07 | 0 | 9.981277798942756e-06,-6.664905413344968e-06,4.390015573285666e-10 | -1.645366438651763e-07,1.0477111800355488e-07,-5.148983291292097e-06 | 0,0
4100 | 136.66667379438877 | 161.43807983398438,187.71665954589844,0.25644975900650024 | -2.656448216953322e-08,-3.792604985619619e-08,-1.907030799941367e-08 | 0 | 8.843632713251282e-06,-5.508214144356316e-06,1.0711687786768564e-10 | -2.951939279682847e-07,-3.419642951030255e-07,0.0 | 0,0
4110 | 137.0000071451068 | 161.43807983398438,187.71665954589844,0.25644975900650024 | -4.026093625153493e-10,6.100794980312685e-09,1.907030799941367e-08 | 0 | -1.2737890529024298e-06,-8.288912312082175e-08,5.562927896107794e-10 | 1.8142868611903396e-06,2.3398508801619755e-06,6.865310751891229e-06 | 0,0
4120 | 137.3333404958248 | 161.43807983398438,187.71665954589844,0.25644975900650024 | -7.613498276271002e-09,8.873001178244522e-08,1.7163276311293885e-07 | 0 | -1.3937232324678916e-05,-1.6693154520908138e-06,2.0058106287024202e-08 | -4.8738222346855764e-08,4.815810257241537e-07,0.0 | 0,0
4130 | 137.66667384654284 | 161.43807983398438,187.71665954589844,0.25644975900650024 | -2.6113973206065566e-09,9.851160776008783e-09,-1.907030799941367e-08 | 0 | -2.3886623239377514e-06,-5.427231144494726e-07,-8.778821419808125e-12 | -3.8830208382023557e-08,-5.445702200290725e-08,0.0 | 0,0
4140 | 138.00000719726086 | 161.43807983398438,187.71665954589844,0.25644975900650024 | -2.474553895126519e-09,4.652926932635637e-09,-1.907030799941367e-08 | 0 | -1.1459934512458858e-06,-5.137466132509871e-07,-1.1536193875172351e-11 | -3.8830268778156096e-08,-5.444551121058794e-08,0.0 | 0,0
4150 | 138.33334054797888 | 161.43807983398438,187.71665954589844,0.25644975900650024 | -7.533659029945738e-09,5.6235234247026256e-09,-1.907030799941367e-08 | 0 | -1.3573077239925624e-06,-1.5647989357603365e-06,5.092139904183668e-11 | 7.951585168086694e-09,8.669910300795891e-08,-5.721092293242691e-07 | 0,0
4160 | 138.6666738986969 | 161.43807983398438,187.71665954589844,0.25644975900650024 | -1.9597716782726593e-09,7.441121607776324e-10,0.0 | 0 | -1.552869690613079e-07,-4.0428108150081243e-07,1.9602594547585284e-10 | 5.079897960058588e-07,-7.756525519653223e-07,1.1442184586485382e-06 | 0,0
4170 | 139.00000724941492 | 161.43807983398438,187.71665954589844,0.25644975900650024 | -1.5461420588280816e-08,1.705754471004184e-08,-1.907030799941367e-08 | 0 | -4.055778390466003e-06,-3.2127309168572538e-06,1.1107967323731316e-10 | -6.039203270802318e-08,-3.374515245013754e-07,-5.721092293242691e-07 | 0,0
4180 | 139.33334060013294 | 161.43807983398438,187.71665954589844,0.25644975900650024 | -9.765269481931682e-09,2.4923055619296974e-08,5.7210922221884175e-08 | 0 | -5.967300239717588e-06,-2.0304255485825706e-06,7.28205620803557e-11 | 7.748947261632111e-09,6.084929538019423e-08,-5.721092293242691e-07 | 0,0
4190 | 139.66667395085096 | 161.43807983398438,187.71665954589844,0.25644975900650024 | -7.85474618680837e-09,2.225489836860106e-08,0.0 | 0 | -2.132067038473906e-06,-1.5080146340551437e-06,1.4265284953296486e-08 | 4.838369349613458e-08,5.611027518170886e-07,5.721092293242691e-07 | 0,0
4200 | 140.00000730156898 | 161.43807983398438,187.71665954589844,0.25644975900650024 | 5.417734705304156e-09,2.3927473336016192e-08,0.0 | 0 | -5.566478193941293e-06,1.122284402299556e-06,2.500819828998857e-10 | 5.4140922856049656e-08,2.3362318302133644e-07,0.0 | 0,0
4210 | 140.333340652287 | 161.43807983398438,187.71665954589844,0.25644975900650024 | -6.510781913604546e-10,-9.716154547589895e-10,-1.907030799941367e-08 | 0 | 2.0289300550757616e-07,-1.3434468826289958e-07,-4.062147146433048e-11 | 3.771669909724551e-08,-1.915777602334856e-06,-2.2884369172970764e-06 | 0,0
4220 | 140.66667400300503 | 161.43807983398438,187.71665954589844,0.25644975900650024 | 6.853942835505222e-08,-9.64076605214359e-08,-3.0512492799061874e-07 | 0 | 1.951569902303163e-05,1.411845278198598e-05,-1.5275098519396124e-08 | 2.3684347070229705e-06,-3.5145649235346355e-06,-9.725856216391549e-06 | 0,0
4230 | 141.00000735372305 | 161.43807983398438,187.71665954589844,0.25644975900650024 | -1.2462078036179491e-09,2.6124434171492794e-08,0.0 | 0 | -3.055366278204019e-06,-1.3555421674027457e-07,1.417298545192125e-08 | 4.838479483737501e-08,5.584529390034731e-07,5.721092293242691e-07 | 0,0
4240 | 141.33334070444107 | 161.43807983398438,187.71665954589844,0.25644975900650024 | -4.361515149042816e-09,5.454875662280756e-08,2.0977338976990723e-07 | 0 | -1.2761827747453935e-05,-9.101252658183512e-07,4.881791082489428e-10 | -6.554143450188121e-09,-1.0263661209819475e-07,1.1442186860222137e-06 | 0,0
4250 | 141.6666740551591 | 161.43807983398438,187.71665954589844,0.25644975900650024 | 9.364446107440472e-09,-7.2189467736905044e-09,-7.628123199765469e-08 | 0 | 1.7783961538953008e-06,1.942603375937324e-06,-8.145417673688371e-11 | 1.0920036430661639e-07,-8.555275599064771e-09,-5.721092293242691e-07 | 0,0
4260 | 142.0000074058771 | 161.43807983398438,187.71665954589844,0.25644975900650024 | 2.607367877160982e-09,2.1789587911769104e-09,0.0 | 0 | -4.5505680645874236e-07,5.379617959988536e-07,1.4133359413359692e-11 | 1.4467747178059653e-06,-3.6210951748216758e-06,-5.721091383747989e-06 | 0,0
4270 | 142.33334075659513 | 161.43807983398438,187.71665954589844,0.25644975900650024 | 2.8053376510683847e-08,-8.00651012156095e-09,-1.5256246399530937e-07 | 0 | 1.6062693930507521e-06,5.82185839448357e-06,-8.18415502035208e-10 | 2.5127999379037647e-06,-3.338521764817415e-06,-9.725856216391549e-06 | 0,0
4280 | 142.66667410731316 | 161.43807983398438,187.71665954589844,0.25644975900650024 | -1.1067954552856918e-08,2.8145638708565457e-08,7.628123199765469e-08 | 0 | -6.397317065420793e-06,-2.300478172401199e-06,4.38423630733098e-10 | -3.5254597463563186e-08,-4.5068287590765976e-07,1.1442184586485382e-06 | 0,0
4290 | 143.00000745803118 | 161.43807983398438,187.71665954589844,0.25644975900650024 | -6.427846255263603e-09,-4.899801808733173e-08,-2.288436888875367e-07 | 0 | 1.057892859535059e-05,-1.3295961025505676e-06,-3.1176430881352246e-10 | -2.4522207695554243e-06,-8.58672137837857e-06,-2.4600694814580493e-05 | 0,0
4300 | 143.3333408087492 | 161.43807983398438,187.71665954589844,0.25644975900650024 | -4.738828440764564e-09,-4.213503856931311e-08,-1.7163276311293885e-07 | 0 | 9.740810128278099e-06,-9.80629124569532e-07,-5.328465446652331e-10 | -4.764961403225243e-08,-1.0228777114207332e-07,-1.7163274605991319e-06 | 0,0
4310 | 143.66667415946722 | 161.43807983398438,187.71665954589844,0.25644975900650024 | -4.026093902709249e-10,6.100794980312685e-09,1.907030799941367e-08 | 0 | -1.2737889392155921e-06,-8.288912312082175e-08,5.562921789881159e-10 | 1.5931851748973713e-07,3.6637347875512205e-06,1.4302730050985701e-05 | 0,0
4320 | 144.00000751018524 | 161.43807983398438,187.71665954589844,0.25644975900650024 | -1.023863394067348e-08,7.79623903213178e-08,2.6698430133365036e-07 | 0 | -1.8535316485213116e-05,-2.132010649802396e-06,2.411858768258668e-10 | -5.335569142062013e-08,-1.761362113938958e-07,5.721093430111068e-07 | 0,0
4330 | 144.33334086090326 | 161.43807983398438,187.71665954589844,0.25644975900650024 | -6.380660000360194e-09,8.11153899604733e-09,-3.814061599882734e-08 | 0 | -1.8632122191775125e-06,-1.3232224773673806e-06,2.028912038376518e-10 | -9.965623348762165e-08,-2.8596522838597593e-07,0.0 | 0,0
4340 | 144.66667421162128 | 161.43807983398438,187.71665954589844,0.25644975900650024 | 7.127264467499117e-08,-1.0312351861330171e-07,-3.432655262258777e-07 | 0 | 2.112469337589573e-05,1.4686971553601325e-05,-1.5321765189924008e-08 | 2.368202103752992e-06,-3.533986955517321e-06,-9.725856216391549e-06 | 0,0
4350 | 145.0000075623393 | 161.43807983398438,187.71665954589844,0.25644975900650024 | -1.3994212455514798e-09,4.2614900053195015e-08,1.1442184444376835e-07 | 0 | -6.988650966377463e-06,-1.6905558197777282e-07,1.4182420571273724e-08 | 5.804163372147286e-09,6.049154990250827e-07,1.1442183449617005e-06 | 0,0
4360 | 145.33334091305733 | 161.43807983398438,187.71665954589844,0.25644975900650024 | 2.607367877160982e-09,2.1789587911769104e-09,0.0 | 0 | -4.5505680645874236e-07,5.379617959988536e-07,1.4132632564223258e-11 | 2.689579105208395e-06,6.0433144426497165e-06,1.7163276424980722e-05 | 0,0
4370 | 145.66667426377535 | 161.43807983398438,187.71665954589844,0.25644975900650024 | 3.2938089589151787e-08,4.124542130057307e-08,1.3349215066682518e-07 | 0 | -1.1830781659227796e-05,6.711551577609498e-06,-1.4042465856789477e-08 | 2.4190351268771337e-06,8.123651241476182e-06,2.288436735398136e-05 | 0,0
4380 | 146.00000761449337 | 161.43807983398438,187.71665954589844,0.25644975900650024 | -4.927154151346258e-08,1.391009760709494e-07,3.2419524131910293e-07 | 0 | -2.9859824280720204e-05,-1.0121415471076034e-05,1.4636115430732843e-08 | -2.34502408602566e-06,3.2778179956949316e-06,8.581638212490361e-06 | 0,0
4390 | 146.3333409652114 | 161.43807983398438,187.71665954589844,0.25644975900650024 | 1.1238173058814027e-08,3.664803216452128e-08,1.9070306223056832e-07 | 0 | -8.614806574769318e-06,2.3296684048546012e-06,1.3598006054493794e-10 | 6.972086197265526e-08,2.2053382053854875e-07,1.1442178902143496e-06 | 0,0
4400 | 146.6666743159294 | 161.43807983398438,187.71665954589844,0.25644975900650024 | -4.3630836721320065e-09,-3.4816398652992575e-08,-1.7163276311293885e-07 | 0 | 8.271333172160666e-06,-9.022987796925008e-07,3.2428910251569576e-11 | -6.98797251175165e-08,-1.5607477621415455e-07,-1.1442183449617005e-06 | 0,0
4410 | 147.00000766664743 | 161.43807983398438,187.71665954589844,0.25644975900650024 | -5.078522602453006e-10,-8.046513677584244e-09,-1.907030799941367e-08 | 0 | 1.6800787534521078e-06,-1.0499351077442043e-07,-6.640248906286672e-10 | -2.163849785574712e-06,-6.128345830802573e-06,-9.153747669188306e-06 | 0,0
4420 | 147.33334101736546 | 161.43807983398438,187.71665954589844,0.25644975900650024 | -8.55748112371657e-08,2.6082370041535796e-08,-1.1442184444376835e-07 | 0 | -3.882074906869093e-06,-1.7648839275352657e-05,1.5036048850447514e-08 | -4.855560746364063e-06,-5.128374596097274e-06,-1.4874838598188944e-05 | 0,0
4430 | 147.66667436808348 | 161.43807983398438,187.71665954589844,0.25644975900650024 | 6.201141822259615e-09,2.178601121727297e-08,1.907030799941367e-08 | 0 | -5.047351351095131e-06,1.2848626056438661e-06,1.434702634472984e-10 | 6.983901101875745e-08,1.1980111480625055e-07,1.1442184586485382e-06 | 0,0
4440 | 148.0000077188015 | 161.43807983398438,187.71665954589844,0.25644975900650024 | 6.582079326022949e-09,2.1249283221891346e-08,5.7210922221884175e-08 | 0 | -5.120555670146132e-06,1.3655197790285456e-06,-1.6809066638590053e-10 | -2.325383796630831e-08,-6.523303852645768e-08,-1.1442182312748628e-06 | 0,0
4450 | 148.33334106951952 | 161.43807983398438,187.71665954589844,0.25644975900650024 | -1.4941085035857782e-09,-3.854505692402199e-08,-1.9070306223056832e-07 | 0 | 9.09579193830723e-06,-3.0829934871690057e-07,-2.609864269143003e-10 | 1.6189526164112067e-08,-2.679345527667465e-07,-1.7163272332254564e-06 | 0,0
4460 | 148.66667442023754 | 161.43807983398438,187.71665954589844,0.25644975900650024 | 2.607368099205587e-09,2.1789590132215153e-09,0.0 | 0 | -4.5505680645874236e-07,5.379617959988536e-07,1.4136067316705692e-11 | 3.374092898411618e-07,3.4683284866332542e-06,1.7735384972183965e-05 | 0,0
4470 | 149.00000777095556 | 161.43807983398438,187.71665954589844,0.25644975900650024 | 2.5123339852939353e-08,5.104233480324183e-08,1.907030799941367e-08 | 0 | -4.997598352929344e-06,5.134737421030877e-06,1.961970674813074e-08 | 3.0944363516027806e-08,7.086847517712158e-07,-5.721092293242691e-07 | 0,0
4480 | 149.33334112167358 | 161.43807983398438,187.71665954589844,0.25644975900650024 | -8.376963478440302e-08,1.3477583493681777e-08,-5.7210922221884175e-08 | 0 | -7.011535672063474e-06,-1.7193236999446526e-05,-4.6812465015477756e-09 | -2.438286173855886e-06,2.601622327347286e-06,9.153747669188306e-06 | 0,0
4490 | 149.6666744723916 | 161.43807983398438,187.71665954589844,0.25644975900650024 | 2.5293928729297477e-08,1.7780898531327693e-08,-1.907030799941367e-08 | 0 | -4.55799954579561e-06,5.245884949545143e-06,-7.83195619469268e-10 | 2.5125279989879346e-06,-3.343556954860105e-06,-9.725856216391549e-06 | 0,0
4500 | 150.00000782310963 | 161.43807983398438,187.71665954589844,0.25644975900650024 | -1.8826449288411595e-09,-6.586116541029696e-08,-1.7163276311293885e-07 | 0 | 8.375356628675945e-06,-3.067708860271523e-07,-2.0303286163425582e-08 | 4.533433184406022e-09,-1.0874176723518758e-06,-1.1442183449617005e-06 | 0,0
4510 | 150.33334117382765 | 161.43807983398438,187.71665954589844,0.25644975900650024 | 2.607367877160982e-09,2.1789587911769104e-09,0.0 | 0 | -4.5505680645874236e-07,5.379617959988536e-07,1.4132538889155555e-11 | 2.834537326634745e-06,1.916268956847489e-07,8.581638212490361e-06 | 0,0
4520 | 150.66667452454567 | 161.43807983398438,187.71665954589844,0.25644975900650024 | 3.114487512334563e-08,8.192693745634472e-10,-1.1442184444376835e-07 | 0 | -6.878698286527651e-07,6.464651050919201e-06,-1.2260044091050304e-09 | 2.41927682509413e-06,-3.6305868889030535e-06,-1.0297964763594791e-05 | 0,0
4530 | 151.0000078752637 | 161.43807983398438,187.71665954589844,0.25644975900650024 | 2.5009869730752143e-08,1.8608758978189144e-08,-3.814061599882734e-08 | 0 | -4.299023657949874e-06,5.192521712160669e-06,-6.41741798590445e-11 | 6.941289854012211e-08,2.1563920427070116e-07,1.1442184586485382e-06 | 0,0
4540 | 151.3333412259817 | 161.43807983398438,187.71665954589844,0.25644975900650024 | 1.4095103750833005e-08,3.3616178285456044e-08,1.3349215066682518e-07 | 0 | -7.768892828607932e-06,2.9237598937470466e-06,-1.650827252674958e-10 | 5.825723548014139e-08,-5.543018346543249e-07,1.1442184586485382e-06 | 0,0
4550 | 151.66667457669973 | 161.43807983398438,187.71665954589844,0.25644975900650024 | 8.406769502755651e-09,2.0849503457043284e-08,9.535153111528416e-08 | 0 | -4.838716904487228e-06,1.7431353853680776e-06,1.7224208170851796e-10 | 6.972172883479288e-08,2.2057170667721948e-07,1.1442182312748628e-06 | 0,0
4560 | 152.00000792741776 | 161.43807983398438,187.71665954589844,0.25644975900650024 | -5.078521492229982e-10,-8.046513677584244e-09,-1.907030799941367e-08 | 0 | 1.6800788671389455e-06,-1.0499351077442043e-07,-6.640521466039218e-10 | -9.122425126406597e-07,-1.6571449350522016e-06,-5.1489828365447465e-06 | 0,0
4570 | 152.33334127813578 | 161.43807983398438,187.71665954589844,0.25644975900650024 | -1.4360753475273214e-08,-1.025704747803502e-07,-5.339686026673007e-07 | 0 | 2.3994285584194586e-05,-2.9778398129565176e-06,-4.978426559887339e-10 | 2.3734189653623616e-06,-3.6199649002810474e-06,-1.0870074220292736e-05 | 0,0
4580 | 152.6666746288538 | 161.43807983398438,187.71665954589844,0.25644975900650024 | -1.8997120321273542e-08,-7.626451292708225e-08,-3.8140612446113664e-07 | 0 | 1.095109837478958e-05,-3.858618583763018e-06,-1.9831079001164653e-08 | -3.49452164982722e-08,-8.539354325876047e-07,-5.721084903598239e-07 | 0,0
4590 | 153.00000797957182 | 161.43807983398438,187.71665954589844,0.25644975900650024 | -2.917454011708287e-08,-1.9674537554692506e-08,-7.628123199765469e-08 | 0 | 4.435576101968763e-06,-6.054402547306381e-06,5.082716469928528e-10 | -1.9829533925985743e-07,5.46854153071763e-07,-1.1442184586485382e-06 | 0,0
4600 | 153.33334133028984 | 161.43807983398438,187.71665954589844,0.25644975900650024 | 1.60498636603279e-09,-2.894257100649611e-08,-1.5256246399530937e-07 | 0 | 6.824765478086192e-06,3.3453704872954404e-07,-3.158339145770128e-10 | 6.244715677894419e-08,-1.4056061559131194e-07,-1.1442184586485382e-06 | 0,0
4610 | 153.66667468100786 | 161.43807983398438,187.71665954589844,0.25644975900650024 | 2.607368099205587e-09,2.1789590132215153e-09,0.0 | 0 | -4.5505680645874236e-07,5.379617959988536e-07,1.413589557908157e-11 | 2.5833994641288882e-06,-1.047259843289794e-06,6.293201295193285e-06 | 0,0
4620 | 154.00000803172588 | 161.43807983398438,187.71665954589844,0.25644975900650024 | 3.329981623778622e-08,2.724775072238117e-08,1.907030799941367e-08 | 0 | -6.474309429904679e-06,6.913171091582626e-06,-1.0570365693851613e-09 | 9.725297189788762e-08,-8.112742762023117e-07,-5.721092293242691e-07 | 0,0
4630 | 154.3333413824439 | 161.43807983398438,187.71665954589844,0.25644975900650024 | -5.0235428261657944e-08,-2.5791709390432516e-07,-7.818825906724669e-07 | 0 | 5.282432903186418e-05,-1.0336416380596347e-05,-1.978073527197921e-08 | 3.718028196431078e-08,-1.1887331311299931e-05,-3.318233575555496e-05 | 0,0
4640 | 154.66667473316193 | 161.43807983398438,187.71665954589844,0.25644975900650024 | 1.5373997186429733e-08,-1.1894807805390428e-08,-7.628123199765469e-08 | 0 | 6.460322055090728e-08,3.0672435968881473e-06,-1.404926752712754e-08 | 7.183741246308273e-08,-8.918721050577005e-07,5.721089451071748e-07 | 0,0
4650 | 155.00000808387995 | 161.43807983398438,187.71665954589844,0.25644975900650024 | 1.5562687138981346e-08,1.1898840135415867e-08,0.0 | 0 | -2.76625314654666e-06,3.2282573556585703e-06,-1.7901864712843718e-10 | 1.554601993802862e-07,1.1620202400308699e-07,0.0 | 0,0
4660 | 155.33334143459797 | 161.43807983398438,187.71665954589844,0.25644975900650024 | 2.607367877160982e-09,2.1789587911769104e-09,0.0 | 0 | -4.5505680645874236e-07,5.379617959988536e-07,1.4132635166308471e-11 | 1.3312659348230227e-06,-5.103417151985923e-06,-9.153747669188306e-06 | 0,0
4670 | 155.666674785316 | 161.43807983398438,187.71665954589844,0.25644975900650024 | 3.165371609270551e-08,3.461589415110211e-08,-7.628123199765469e-08 | 0 | -1.5197339280348388e-06,6.487425707746297e-06,1.882346900572429e-08 | 2.4311568722623633e-06,-2.7908247375307838e-06,-1.0297964763594791e-05 | 0,0
4680 | 156.000008136034 | 161.43807983398438,187.71665954589844,0.25644975900650024 | 2.688167022313337e-08,1.269867411224368e-08,0.0 | 0 | -5.8212799558532424e-06,5.4552056099055335e-06,-1.4202462317314257e-08 | 1.104681075503322e-07,-9.239224141310842e-07,0.0 | 0,0
4690 | 156.33334148675203 | 161.43807983398438,187.71665954589844,0.25644975900650024 | 1.2883276667707833e-08,-1.9285216978914832e-08,-1.5256246399530937e-07 | 0 | 4.684629857365508e-06,2.6749164590000873e-06,-1.3914848440155225e-10 | 1.5568475930649583e-07,1.3656590169830451e-07,0.0 | 0,0
4700 | 156.66667483747005 | 161.43807983398438,187.71665954589844,0.25644975900650024 | 6.9778089972771795e-09,2.258866871329701e-08,1.1442184444376835e-07 | 0 | -5.254745246929815e-06,1.4460974853136577e-06,1.9216570001923117e-10 | 6.972227595269942e-08,2.205548099709631e-07,1.1442183449617005e-06 | 0,0
4710 | 157.00000818818808 | 161.43807983398438,187.71665954589844,0.25644975900650024 | -1.9597716782726593e-09,7.441122162887837e-10,0.0 | 0 | -1.552869690613079e-07,-4.0428108150081243e-07,1.96026223031609e-10 | -9.91385491033725e-07,-1.17089484774624e-06,-4.004764377896208e-06 | 0,0
4720 | 157.3333415389061 | 161.43807983398438,187.71665954589844,0.25644975900650024 | -1.546039918309816e-08,1.6868227703525918e-08,1.907030799941367e-08 | 0 | -4.0614149838802405e-06,-3.212717274436727e-06,1.4865601805080786e-10 | -3.809925530617875e-08,-1.0085995683084548e-07,-5.721092293242691e-07 | 0,0
4730 | 157.66667488962412 | 161.43807983398438,187.71665954589844,0.25644975900650024 | -1.1315146153378919e-08,2.0100300091030476e-08,1.907030799941367e-08 | 0 | -4.832496415474452e-06,-2.3518739453720627e-06,1.1654553710993554e-10 | -7.750544028795048e-08,-1.5328909697132076e-08,-5.721092293242691e-07 | 0,0
4740 | 158.00000824034214 | 161.43807983398438,187.71665954589844,0.25644975900650024 | -5.553570048277834e-09,4.628823191410447e-08,7.628123199765469e-08 | 0 | -7.876104064052925e-06,-1.032497607411642e-06,1.4233815015529672e-08 | 4.838886269453724e-08,5.565933633988607e-07,5.721092293242691e-07 | 0,0
4750 | 158.33334159106016 | 161.43807983398438,187.71665954589844,0.25644975900650024 | -1.1691099643940106e-08,4.051323720943856e-09,0.0 | 0 | -9.443479598303384e-07,-2.4261676117021125e-06,3.395992931309877e-10 | -1.1677162348178172e-07,3.9533112783374236e-08,0.0 | 0,0
4760 | 158.66667494177818 | 161.43807983398438,187.71665954589844,0.25644975900650024 | -6.510781913604546e-10,-9.716154547589895e-10,-1.907030799941367e-08 | 0 | 2.0289300550757616e-07,-1.3434468826289958e-07,-4.062151656714086e-11 | 5.227297492638172e-07,-7.217603297249298e-07,0.0 | 0,0
4770 | 159.0000082924962 | 161.43807983398438,187.71665954589844,0.25644975900650024 | -1.1702557145554238e-08,1.8992214023683118e-08,1.907030799941367e-08 | 0 | -4.575022103381343e-06,-2.432295559628983e-06,1.1780852682274912e-10 | -3.853256203001365e-08,-5.8384014067769385e-08,0.0 | 0,0
4780 | 159.33334164321423 | 161.4374237060547,187.71665954589844,0.25638797879219055 | -0.0181764904409647,7.29993189452216e-05,-9.344450404569216e-07 | 0 | 0.005465622525662184,0.07564116269350052,-0.000512377533596009 | -0.2660589814186096,-0.0017219872679561377,-3.4326562854403164e-06 | 0,0
4790 | 159.66667499393225 | 161.3092498779297,187.71595764160156,0.25287625193595886 | -0.8448355197906494,-0.005462632514536381,-6.195942842168733e-05 | 0 | -0.017829302698373795,1.2317287921905518,0.11093829572200775 | -3.0530545711517334,-0.01604129932820797,-0.00011556602839846164 | 0,0
4800 | 160.00000834465027 | 160.82717895507812,187.71327209472656,0.24968433380126953 | -1.9707131385803223,-0.013936973176896572,-7.45458310120739e-05 | 269.6 | -0.020051728934049606,0.36109063029289246,0.1142885610461235 | -3.093491554260254,-0.040501855313777924,0.0004033369477838278 | 0,0
4810 | 160.3333416953683 | 160.00738525390625,187.70822143554688,0.2499927133321762 | -2.860203742980957,-0.022684916853904724,4.3137035390827805e-05 | 269.5 | -0.028637908399105072,-0.3289889991283417,0.276909202337265 | -2.3791120052337646,-0.07022810727357864,0.00022483897919300944 | 0,0
4820 | 160.6666750460863 | 159.01475524902344,187.70127868652344,0.2548477351665497 | -2.592261791229248,-0.021297845989465714,0.00016240273544099182 | 269.5 | 0.04152030497789383,-3.3364970684051514,0.17750395834445953 | 5.1536173820495605,0.036178916692733765,-2.74616450042231e-05 | 0,0
4830 | 161.00000839680433 | 158.3529510498047,187.69622802734375,0.26045551896095276 | -1.9452712535858154,-0.016169503331184387,1.599998722667806e-05 | 269.5 | -0.005452722776681185,1.2887053489685059,0.09742424637079239 | -1.4244674444198608,0.00610034866258502,0.0012454816605895758 | 0,0
4840 | 161.33334174752235 | 157.5639190673828,187.68988037109375,0.2539520263671875 | -2.7286152839660645,-0.023577377200126648,-3.3849795727292076e-05 | 269.5 | -0.017352983355522156,1.3026466369628906,0.11383648961782455 | -2.353083848953247,-0.03183574974536896,-0.0005400711088441312 | 0,0
4850 | 161.66667509824038 | 156.5182647705078,187.68128967285156,0.25166723132133484 | -3.4864330291748047,-0.030221909284591675,-3.072226536460221e-05 | 269.5 | -0.002304725581780076,0.19925403594970703,0.09318387508392334 | -2.2105977535247803,-0.016331633552908897,0.0003564240469131619 | 0,0
4860 | 162.0000084489584 | 155.23049926757812,187.67041015625,0.25157344341278076 | -4.1933794021606445,-0.036191392689943314,6.979732461331878e-06 | 269.5 | 0.01150638796389103,-0.07380325347185135,0.05503294616937637 | -2.00976824760437,-0.0029651818331331015,8.524426084477454e-05 | 0,0
4870 | 162.33334179967642 | 153.7420196533203,187.65768432617188,0.2526955008506775 | -4.645635604858398,-0.040010273456573486,3.478423968772404e-05 | 269.5 | 0.010619030334055424,-0.5573362708091736,0.02284817211329937 | -0.7251977324485779,0.001893862965516746,-6.064361150492914e-05 | 0,0
4880 | 162.66667515039444 | 152.1791229248047,187.64447021484375,0.2550547420978546 | -4.701803684234619,-0.04006292670965195,2.3380196580546908e-05 | 269.5 | 0.006647458299994469,-0.5776744484901428,0.0007934689638204873 | 0.09538649767637253,0.0028333065565675497,-5.4922471463214606e-05 | 0,0
4890 | 163.00000850111246 | 150.62103271484375,187.63121032714844,0.2563503682613373 | -4.657686710357666,-0.03961356729269028,-6.865310524517554e-07 | 269.5 | 0.0013930285349488258,-0.1592516005039215,-0.0014407377457246184 | 0.10306834429502487,0.002308711176738143,-4.2908184695988894e-05 | 0,0
4900 | 163.33334185183048 | 149.07150268554688,187.6181182861328,0.2564685046672821 | -4.647006511688232,-0.03835555166006088,-9.535153111528416e-08 | 269.5 | 0.0062040286138653755,0.035581983625888824,-0.02783936634659767 | -0.015206336043775082,0.004651173483580351,-2.174014844058547e-05 | 0,0
4910 | 163.6666752025485 | 147.5203094482422,187.60549926757812,0.2563130557537079 | -4.660201549530029,-0.03604261949658394,2.0977338408556534e-06 | 269.6 | 0.01146537996828556,0.03452346473932266,-0.0654117539525032 | -0.04863738641142845,0.01737791858613491,5.835513729834929e-05 | 0,0
4920 | 164.00000855326653 | 145.9642791748047,187.59384155273438,0.25625288486480713 | -4.6743550300598145,-0.03189890459179878,9.153747555501468e-07 | 269.6 | 0.014415992423892021,0.003248570952564478,-0.11940837651491165 | -0.036592479795217514,0.023561304435133934,-2.3456477720174007e-05 | 0,0
4930 | 164.33334190398455 | 144.40423583984375,187.58358764648438,0.25626182556152344 | -4.684869289398193,-0.026691218838095665,-1.3921323898102855e-06 | 269.7 | 0.002059141406789422,-0.004665886051952839,-0.16534890234470367 | -0.028195379301905632,0.007637366186827421,-0.00010469598055351526 | 0,0
4940 | 164.66667525470257 | 142.84107971191406,187.5751953125,0.25627630949020386 | -4.693633079528809,-0.020250406116247177,-1.3349215066682518e-07 | 269.8 | -0.0033037590328603983,-0.002532491460442543,-0.2063794732093811 | -0.02586364559829235,0.005536581855267286,1.887960206659045e-05 | 0,0
4950 | 165.0000086054206 | 141.2750244140625,187.5720977783203,0.2562818229198456 | -4.70169734954834,0.04400714859366417,-2.7270539249002468e-06 | 270.5 | 0.8281643390655518,-0.002380531746894121,-1.6572068929672241 | -0.005993842612951994,0.9241403937339783,-9.897488780552521e-05 | 0,0
4960 | 165.3333419561386 | 139.71707153320312,187.66290283203125,0.2565627694129944 | -4.619906425476074,0.7319848537445068,-0.0004416492593009025 | 279.0 | 2.4263861179351807,-0.1980234682559967,-16.468544006347656 | 0.28437134623527527,2.0736961364746094,-0.0011156137334182858 | 0,0
4970 | 165.66667530685663 | 138.2168731689453,188.00656127929688,0.25707557797431946 | -4.313380718231201,1.766329288482666,-0.0005131247453391552 | 292.3 | 1.4612622261047363,-0.4289263188838959,-29.340503692626953 | 1.1608599424362183,3.0931553840637207,-0.0010509639978408813 | 0,0
4980 | 166.00000865757465 | 136.80674743652344,188.624755859375,0.2571353018283844 | -3.9734578132629395,2.535625696182251,0.00014626925985794514 | 302.5 | 0.0044426461681723595,-0.035054102540016174,-30.36824607849121 | 1.4354323148727417,2.4958488941192627,-0.0009010715875774622 | 0,0
4990 | 166.33334200829268 | 135.54754638671875,189.51280212402344,0.25754672288894653 | -3.3347086906433105,3.3458645343780518,-0.00013864113134332 | 315.1 | -0.7068808674812317,0.4621475040912628,-34.41755294799805 | 0.047965046018362045,0.679893434047699,0.0034812844824045897 | 0,0
5000 | 166.6666753590107 | 134.44314575195312,190.61488342285156,0.25727182626724243 | -2.8630874156951904,3.8087377548217773,0.0002419640659354627 | 323.1 | -0.5289414525032043,0.533574104309082,-28.796619415283203 | 1.3847063779830933,1.164343237876892,-0.00046684054541401565 | 0,0
5010 | 167.00000870972872 | 133.54373168945312,191.89117431640625,0.25736501812934875 | -2.158579111099243,4.243996620178223,5.435037746792659e-05 | 333.0 | -0.43630173802375793,0.7016007304191589,-28.94918441772461 | 1.5771602392196655,0.9748649001121521,0.002965241903439164 | 0,0
5020 | 167.33334206044674 | 132.86160278320312,193.30133056640625,0.25728508830070496 | -1.4456018209457397,4.541623592376709,-2.393323666183278e-05 | 342.3 | -0.07911773025989532,0.2187596559524536,-28.455726623535156 | 1.8766413927078247,0.7193183302879333,0.0013066973770037293 | 0,0
5030 | 167.66667541116476 | 132.41192626953125,194.80618286132812,0.2572364807128906 | -0.6566686630249023,4.721261024475098,-0.00010517274495214224 | 352.1 | 0.389260858297348,-1.4811631441116333,-29.21087074279785 | 4.660972595214844,0.375881165266037,-0.003099115565419197 | 0,0
5040 | 168.00000876188278 | 132.1658477783203,196.3708953857422,0.2568133473396301 | -0.3234913647174835,4.803285598754883,0.0003785455774050206 | 356.1 | -0.1874285787343979,1.4946088790893555,-19.522388458251953 | 0.594824492931366,0.13330934941768646,-0.0009422646835446358 | 0,0
5050 | 168.3333421126008 | 132.0397186279297,197.96571350097656,0.2565850019454956 | -0.09235662966966629,4.818608283996582,0.00012227881234139204 | 358.9 | 0.007378236390650272,0.11451572179794312,-12.78824520111084 | 1.8605912923812866,-0.028481481596827507,-0.0015773046761751175 | 0,0
5060 | 168.66667546331882 | 131.98397827148438,199.56968688964844,0.256449818611145 | -0.0017138514667749405,4.822676181793213,6.8462404669844545e-06 | 360.0 | 0.007932477630674839,0.502430260181427,-7.675570487976074 | 0.20467625558376312,0.020356176421046257,3.0321791200549342e-05 | 0,0
5070 | 169.00000881403685 | 131.97096252441406,201.17787170410156,0.25633928179740906 | 0.051817163825035095,4.830806732177734,6.140639015939087e-06 | 0.6 | 0.017661942169070244,0.13373443484306335,-4.230490684509277 | 0.5781897902488708,0.0168228130787611,1.0297966582584195e-05 | 0,0
5080 | 169.33334216475487 | 131.98367309570312,202.789794921875,0.2562848925590515 | 0.10008285194635391,4.841223239898682,-2.6698430133365036e-07 | 1.2 | 0.009943023324012756,-0.03700898587703705,-2.7619378566741943 | 0.4478003680706024,0.026178358122706413,7.437420208589174e-06 | 0,0
5090 | 169.6666755154729 | 132.0111846923828,204.40589904785156,0.2562570571899414 | 0.1075984537601471,4.854307174682617,2.0786635559488786e-06 | 1.3 | 0.007088472135365009,0.20239946246147156,-1.3149653673171997 | -0.04020809754729271,0.04035472497344017,4.348030051914975e-05 | 0,0
5100 | 170.0000088661909 | 132.0449676513672,206.0261993408203,0.2562524974346161 | 0.11331333965063095,4.866556644439697,-1.926101049321005e-06 | 1.3 | 0.0007619989919476211,0.07185853272676468,-0.6306201815605164 | -0.049055587500333786,0.036635395139455795,-3.6614987038774416e-05 | 0,0
5110 | 170.33334221690893 | 132.08152770996094,207.65042114257812,0.25625666975975037 | 0.11636461317539215,4.877867698669434,2.059593271042104e-06 | 1.4 | -0.0011940113035961986,0.01905326545238495,-0.33153626322746277 | -0.03424666449427605,0.03335952386260033,0.00013330145156942308 | 0,0
5120 | 170.66667556762695 | 132.1207733154297,209.2782745361328,0.25626057386398315 | 0.12456782162189484,4.888586521148682,1.5256246399530937e-07 | 1.5 | -0.0007971709710545838,-0.004665947984904051,-0.29047051072120667 | 0.02725459448993206,0.03154277428984642,4.6340843255165964e-05 | 0,0
5130 | 171.00000891834497 | 132.1613006591797,210.90975952148438,0.25626131892204285 | 0.12156510353088379,4.899603843688965,-1.0870074902413762e-06 | 1.4 | 0.0010836474830284715,0.03206257149577141,-0.03113562986254692 | 0.01192778255790472,0.03345965966582298,-4.176396760158241e-05 | 0,0
5140 | 171.333342269063 | 132.19810485839844,212.5450897216797,0.25625962018966675 | 0.09547679871320724,4.911548137664795,-8.772341288931784e-07 | 1.1 | 0.0025476401206105947,0.08607615530490875,0.5330224633216858 | -0.07891661673784256,0.03592013940215111,-1.3730619684793055e-05 | 0,0
5150 | 171.66667561978102 | 132.22613525390625,214.18429565429688,0.2562595307826996 | 0.056313395500183105,4.9233784675598145,-1.220499711962475e-06 | 0.7 | 0.0011761125642806292,0.10057555139064789,1.0354863405227661 | -0.19798165559768677,0.03477573022246361,4.348029688117094e-05 | 0,0
5160 | 172.00000897049904 | 132.24273681640625,215.82733154296875,0.256261944770813 | 0.0212045069783926,4.9345622062683105,-1.5637651813449338e-06 | 0.2 | -0.0009898135904222727,-0.037658147513866425,1.1569117307662964 | -0.06901546567678452,0.0325012169778347,-3.432654466450913e-06 | 0,0
5170 | 172.33334232121706 | 132.24786376953125,217.46746826171875,0.2566353976726532 | -0.014880301430821419,4.792638301849365,6.674607675449806e-07 | 359.8 | -0.7772119045257568,0.023712050169706345,1.1987189054489136 | -0.11743184924125671,-2.624101400375366,-3.7187099223956466e-05 | 1,3
5180 | 172.66667567193508 | 132.24339294433594,218.7445068359375,0.264845073223114 | -0.02444850653409958,2.836313009262085,-0.0003142596106044948 | 359.5 | -2.3417255878448486,-0.1364452987909317,0.629144012928009 | -0.0442059300839901,-6.875509738922119,-0.0012254585744813085 | 1,3
5190 | 173.0000090226531 | 132.24002075195312,219.236328125,0.2718227207660675 | -0.001146848313510418,0.012381419539451599,-0.0005266074440442026 | 0 | -2.249863386154175,-0.11480944603681564,-0.02515844628214836 | 0.06558514386415482,-7.905018329620361,0.00045425546704791486 | 1,3
5200 | 173.33334237337112 | 132.239990234375,219.24093627929688,0.26327621936798096 | 0.00015872267249505967,-0.012202688492834568,0.0005900352844037116 | 0 | 2.709127426147461,0.036516908556222916,4.7087531129363924e-05 | -0.0004699126002378762,0.023412441834807396,-0.0019343021558597684 | 1,3
5210 | 173.66667572408915 | 132.2399139404297,219.2439727783203,0.2575776278972626 | 5.527162647922523e-05,-0.0034199473448097706,1.500833150203107e-05 | 0 | 0.7187217473983765,0.012455129995942116,-3.798371835728176e-05 | -0.00022902205819264054,0.018940040841698647,-0.0006773772183805704 | 1,3
5220 | 174.00000907480717 | 132.23988342285156,219.2445068359375,0.25651827454566956 | 4.348923539509997e-06,-6.437134288717061e-05,-7.456490038748598e-06 | 0 | 0.013287421315908432,0.0009102371986955404,-4.006881681561936e-06 | -0.00031626445706933737,0.012735256925225258,0.0004862928471993655 | 1,3
5230 | 174.3333424255252 | 132.23988342285156,219.24456787109375,0.2564668357372284 | 4.005489245173521e-06,-4.0164050005842e-05,-8.10488018032629e-06 | 0 | 0.008348455652594566,0.0009579631732776761,-6.279405511122604e-07 | -1.6421203326899558e-05,0.00016695549129508436,1.830749897635542e-05 | 1,3
5240 | 174.6666757762432 | 132.23988342285156,219.24456787109375,0.2564559578895569 | 1.2846285244449973e-06,-1.0757279596873559e-05,-2.2502961201098515e-06 | 0 | 0.0022353529930114746,0.00030906745814718306,-1.8539857649102487e-07 | -6.099798611103324e-06,2.5090592316701077e-05,7.437424301315332e-06 | 1,3
5250 | 175.00000912696123 | 132.23988342285156,219.24456787109375,0.25645166635513306 | 4.893911409453722e-07,-2.876865664802608e-06,-1.8688900809138431e-06 | 0 | 0.0005976961110718548,0.0001128947624238208,-4.0422548863716656e-08 | 4.925571829517139e-06,1.922414639921044e-06,-1.2014292224193923e-05 | 1,3
5260 | 175.33334247767925 | 132.23988342285156,219.24456787109375,0.2564505338668823 | 2.6439456846105713e-08,-6.23826679202466e-07,-8.009528755792417e-07 | 0 | 0.00012954136764165014,8.542426257918123e-06,-2.1182669840413837e-08 | 2.2273075046541635e-06,-1.681305434431124e-06,-8.009527846297715e-06 | 1,3
5270 | 175.66667582839727 | 132.23988342285156,219.24456787109375,0.25644949078559875 | 1.4845491946857692e-08,-3.731021891439923e-08,-9.535153111528416e-08 | 0 | 7.697436558373738e-06,3.100788489973638e-06,-1.2371598190341615e-09 | 1.9311448795633623e-06,1.0535162800806575e-05,5.949936166871339e-05 | 1,3
5280 | 176.0000091791153 | 132.23988342285156,219.24456787109375,0.25644949078559875 | -3.9170316767922486e-08,-1.2490271217302507e-07,-1.4684136431242223e-06 | 0 | 2.5932473363354802e-05,-9.244266038876958e-06,-2.7537223612483785e-09 | -1.595729486325581e-06,3.3161609280796256e-07,0.0 | 1,3
5290 | 176.33334252983332 | 132.23988342285156,219.24456787109375,0.25644949078559875 | 1.8318262107186456e-07,1.2983256247878217e-08,-1.2395699968692497e-06 | 0 | -2.683607362996554e-06,3.564314101822674e-05,2.4137877474572633e-08 | 6.557192136824597e-06,1.0408363095848472e-06,0.0 | 1,3
5300 | 176.66667588055134 | 132.23988342285156,219.24456787109375,0.25644949078559875 | -3.422956140752831e-08,1.6098482547022286e-08,-1.163288743555313e-06 | 0 | -3.30371813106467e-06,-4.530115347733954e-06,-9.074264895048145e-09 | -4.375297066872008e-06,1.0622179615893401e-06,-1.6019057511584833e-05 | 1,3
5310 | 177.00000923126936 | 132.23988342285156,219.24456787109375,0.25644949078559875 | 1.731015331074559e-08,1.5880042836258212e-09,-4.767576911035576e-07 | 0 | -3.312401588573266e-07,4.0278864616993815e-06,3.160839368021584e-10 | 1.6900168020583806e-07,1.5840841527392513e-08,-4.576873379846802e-06 | 1,3
5320 | 177.33334258198738 | 132.23988342285156,219.24456787109375,0.25644949078559875 | -4.638686768032585e-09,-5.317868922993796e-10,-5.7210922221884175e-08 | 0 | 1.0963753993564751e-07,-9.68491235653346e-07,-4.3662762294616186e-10 | -1.7156088460978935e-06,-3.41862929076342e-08,5.3778261644765735e-05 | 1,3
5330 | 177.6666759327054 | 132.23988342285156,219.24456787109375,0.25644949078559875 | -6.327477564127548e-08,-6.343105596329224e-09,-1.5828354662517086e-06 | 0 | 1.3212064686740632e-06,-1.4250616914068814e-05,-6.671085905907148e-10 | -5.692609192919917e-06,-1.8422275260832066e-08,1.144218367699068e-05 | 1,3
5340 | 178.00000928342342 | 132.23988342285156,219.24456787109375,0.25644949078559875 | 4.646374662797825e-08,4.531379715899675e-09,-1.2395699968692497e-06 | 0 | -8.743510306885582e-07,7.460531833203277e-06,1.3748568505889125e-08 | 4.3063874954896164e-07,-4.4492406203744395e-08,-4.576874744088855e-06 | 1,3
5350 | 178.33334263414145 | 132.23988342285156,219.24456787109375,0.25644949078559875 | 2.9236790766162812e-08,4.460471103584496e-09,-8.581638439864037e-07 | 0 | -9.295270047005033e-07,6.87967985868454e-06,3.711826679353436e-10 | 1.6898454191505152e-07,1.5839848543919288e-08,-4.576873379846802e-06 | 1,3
5360 | 178.66667598485947 | 132.23988342285156,219.24456787109375,0.25644949078559875 | 4.0575947046761485e-09,1.091328361013666e-08,-4.576873777750734e-07 | 0 | -2.264850991195999e-06,9.461861623094592e-07,3.6252337243247723e-10 | 3.95913879458476e-08,1.0900227920274119e-07,-4.576873379846802e-06 | 1,3
5370 | 179.0000093355775 | 132.23988342285156,219.24456787109375,0.25644949078559875 | 3.173125540101296e-09,2.676489307962271e-10,-9.535153111528416e-08 | 0 | -5.51677743487744e-08,6.625062383136537e-07,2.921817510159741e-10 | -1.1731436444506471e-07,-8.450541599813732e-07,5.320615309756249e-05 | 1,3
5380 | 179.3333426862955 | 132.23988342285156,219.24456787109375,0.25644949078559875 | -2.1261250537918386e-08,4.1491006186333834e-08,-1.4684136431242223e-06 | 0 | -8.610635632066987e-06,-5.349634648155188e-06,1.3524393827069048e-09 | 2.5545818971295375e-06,2.4420437512162607e-06,-1.144218367699068e-05 | 1,3
5390 | 179.66667603701353 | 132.23988342285156,219.24456787109375,0.25644949078559875 | 3.373499168901617e-08,-1.901971635742683e-10,-1.2395699968692497e-06 | 0 | 3.9095002790645594e-08,7.493064003938343e-06,5.856538032311676e-10 | 4.242621344019426e-06,1.2075188351445831e-06,-1.6019057511584833e-05 | 1,3
5400 | 180.00000938773155 | 132.23988342285156,219.24456787109375,0.25644949078559875 | -3.292469585858271e-08,-2.7833677584965244e-09,-8.200231604860164e-07 | 0 | 5.809473577755853e-07,-7.698649824305903e-06,-4.4008904853676256e-10 | -1.7559121090471308e-07,-3.1182562310050344e-08,-4.5768715608573984e-06 | 1,3
5410 | 180.33334273844957 | 132.23988342285156,219.24456787109375,0.25644949078559875 | 1.5155908528186046e-08,3.1404761013931193e-09,-4.767576911035576e-07 | 0 | -6.53466599942476e-07,3.51288213096268e-06,3.4190117403909426e-10 | 1.662737787455626e-07,1.5833007793730758e-08,-4.576873379846802e-06 | 1,3
5420 | 180.6666760891676 | 132.23988342285156,219.24456787109375,0.25644949078559875 | 3.173125540101296e-09,2.676489307962271e-10,-9.535153111528416e-08 | 0 | -5.51677743487744e-08,6.625061814702349e-07,2.921822506163352e-10 | -9.538210861137486e-07,-8.780743598890695e-08,5.320615309756249e-05 | 1,3
5430 | 181.00000943988562 | 132.23988342285156,219.24456787109375,0.25644949078559875 | 2.4172251755771867e-08,-7.359592379962976e-10,-1.620976036065258e-06 | 0 | 1.502267110708999e-07,5.740445885749068e-06,-2.033122697975287e-10 | -3.4894816280939267e-07,5.885729681409657e-09,-4.5768715608573984e-06 | 1,3
5440 | 181.33334279060364 | 132.23988342285156,219.24456787109375,0.25644949078559875 | 4.485092830464055e-08,4.519328911101184e-09,-1.2586402817760245e-06 | 0 | -9.885616236715578e-07,8.679872735228855e-06,3.798889203210365e-09 | 4.373284355096985e-06,1.223995013788226e-06,-1.6591166058788076e-05 | 1,3
5450 | 181.66667614132166 | 132.23988342285156,219.24456787109375,0.25644949078559875 | 2.750125460693198e-08,3.1610221107314374e-09,-8.96304470643372e-07 | 0 | -6.593515422537166e-07,6.463912086474011e-06,3.44168887833618e-10 | 1.6539462421860662e-07,1.5830469379807255e-08,-4.576874744088855e-06 | 1,3
5460 | 182.00000949203968 | 132.23988342285156,219.24456787109375,0.25644949078559875 | 4.722869650919392e-09,-1.5521555152275823e-09,-4.767576911035576e-07 | 0 | 3.2101962688102503e-07,1.1373742836440215e-06,-7.67776467403003e-11 | -1.3393285591689619e-08,-3.1147816770271675e-08,-4.576873379846802e-06 | 1,3
5470 | 182.3333428427577 | 132.23988342285156,219.24456787109375,0.25644949078559875 | -1.3372948615142377e-07,-3.996587594201628e-08,2.8605461466213455e-07 | 0 | 8.243006050179247e-06,-2.7920003049075603e-05,-1.4250609581267781e-08 | -4.088850801053923e-06,-1.1525179388627294e-06,6.407623004633933e-05 | 1,3
5480 | 182.66667619347572 | 132.23988342285156,219.24456787109375,0.25644949078559875 | -1.0488404456054923e-07,-3.968036210721948e-08,-1.2777105666827993e-06 | 0 | 8.175023140211124e-06,-2.0801966456929222e-05,-1.496886170571088e-08 | -4.317898401495768e-06,-1.3399572935668402e-06,6.865308932901826e-06 | 1,3
5490 | 183.00000954419374 | 132.23988342285156,219.24456787109375,0.25644949078559875 | -9.704391601417228e-08,-3.705194018266411e-08,-8.96304470643372e-07 | 0 | 7.632939741597511e-06,-1.9168264770996757e-05,-1.4211448906564783e-08 | -3.965654286730569e-06,-1.1911629371752497e-06,6.865307113912422e-06 | 1,3
5500 | 183.33334289491177 | 132.23988342285156,219.24456787109375,0.25644949078559875 | -3.1199590466712834e-08,-4.077385096223907e-09,-8.200231604860164e-07 | 0 | 8.495399583807739e-07,-7.286591880983906e-06,-4.6341971926544545e-10 | -1.7560053322540625e-07,-3.118212887898153e-08,-4.5768715608573984e-06 | 1,3
5510 | 183.6666762456298 | 132.23988342285156,219.24456787109375,0.25644949078559875 | 1.3012106059306916e-08,4.692983779364113e-09,-4.767576911035576e-07 | 0 | -9.75694206317712e-07,2.9975426514283754e-06,3.56860291317318e-10 | 1.4533576120356884e-07,1.586300335532087e-08,-4.576873379846802e-06 | 1,3
5520 | 184.0000095963478 | 132.23988342285156,219.24456787109375,0.25644949078559875 | 3.173125540101296e-09,2.676489307962271e-10,-9.535153111528416e-08 | 0 | -5.51677743487744e-08,6.625062383136537e-07,2.921824449053645e-10 | -1.6631051948934328e-06,-4.3238539859657976e-08,5.263404455035925e-05 | 1,3
5530 | 184.33334294706583 | 132.23988342285156,219.24456787109375,0.25644949078559875 | -1.1820338841062039e-07,-3.722054131571895e-08,-1.3158512501831865e-06 | 0 | 7.669609658478294e-06,-2.406942985544447e-05,-1.4586817975725808e-08 | -4.173096840531798e-06,-1.1993856787739787e-06,6.865308932901826e-06 | 1,3
5540 | 184.66667629778385 | 132.23988342285156,219.24456787109375,0.25644949078559875 | 4.291971666958716e-09,-1.293511742161968e-09,-1.2395699968692497e-06 | 0 | 2.6734559810392966e-07,1.0344326710765017e-06,-7.213463160127276e-11 | -1.3396403097942766e-08,-3.114794111525043e-08,-4.576874744088855e-06 | 1,3
5550 | 185.00000964850187 | 132.23988342285156,219.24456787109375,0.25644949078559875 | 5.90301851843833e-09,-2.451152392168865e-09,-8.581638439864037e-07 | 0 | 5.094163384455896e-07,1.2752082056977088e-06,1.7881823799470453e-10 | 9.720157123638273e-09,2.2680849198764008e-08,-5.148983291292097e-06 | 1,3
5560 | 185.3333429992199 | 132.23988342285156,219.24456787109375,0.25644949078559875 | 1.731015508710243e-08,1.5880043946481237e-09,-4.767576911035576e-07 | 0 | -3.312401588573266e-07,4.0278864616993815e-06,3.1613461848323254e-10 | 1.6900173704925692e-07,1.5840841527392513e-08,-4.576873379846802e-06 | 1,3
5570 | 185.66667634993792 | 132.23988342285156,219.24456787109375,0.25644949078559875 | 3.173125540101296e-09,2.676489307962271e-10,-9.535153111528416e-08 | 0 | -5.51677743487744e-08,6.625062383136537e-07,2.9218166774924725e-10 | -9.865057108982e-07,-1.1835629010192861e-07,5.3778261644765735e-05 | 1,3
5580 | 186.00000970065594 | 132.23988342285156,219.24423217773438,0.25647860765457153 | 0.0001389386598020792,-0.018599575385451317,-1.8116792261935188e-06 | 0 | -0.16077367961406708,-0.0038330291863530874,-0.00034748835605569184 | 0.004167305305600166,-0.5579873323440552,-9.15374948817771e-06 | 0,0
5590 | 186.33334305137396 | 132.2396697998047,219.26730346679688,0.2554089426994324 | -0.0028379501309245825,0.32467982172966003,-5.358755970519269e-06 | 0 | 1.2941361665725708,0.03300309553742409,-0.07279188930988312 | -0.03541674092411995,3.370547294616699,-7.265785825438797e-05 | 0,0
5600 | 186.66667640209198 | 132.23805236816406,219.5461883544922,0.251087486743927 | -0.013832083903253078,1.3954617977142334,-0.00011215247650397941 | 359.4 | 1.3050724267959595,0.030756637454032898,0.43453460931777954 | -0.041967906057834625,3.8815174102783203,-0.0004891532007604837 | 0,0
5610 | 187.00000975281 | 132.2323760986328,220.2060089111328,0.24934257566928864 | -0.023449696600437164,2.4437544345855713,-5.339686140359845e-06 | 359.5 | -0.1290014088153839,-0.06374721974134445,0.2677871882915497 | 0.08420805633068085,2.6662299633026123,0.0005824071122333407 | 0,0
5620 | 187.33334310352802 | 132.22296142578125,221.16212463378906,0.2505176067352295 | -0.03712894022464752,3.240568161010742,4.809531310456805e-05 | 359.3 | -0.3245512843132019,-0.012559243477880955,0.33478641510009766 | -0.028034670278429985,2.2612593173980713,-1.1442169807196478e-06 | 0,0
5630 | 187.66667645424604 | 132.2098846435547,222.36976623535156,0.25134703516960144 | -0.04854573309421539,3.965141773223877,1.842191704781726e-05 | 359.3 | -0.15275000035762787,0.0010479323100298643,0.30147936940193176 | -0.033879537135362625,2.100820302963257,-7.723475573584437e-05 | 0,0
5640 | 188.00000980496407 | 132.19334411621094,223.80780029296875,0.2518656849861145 | -0.05538434907793999,4.610691547393799,1.0278895388182718e-05 | 359.3 | -0.19418683648109436,-0.026154061779379845,0.14360304176807404 | -0.018325185403227806,1.6585062742233276,4.119184086448513e-05 | 0,0
5650 | 188.3333431556821 | 132.1741943359375,225.40826416015625,0.2535110414028168 | -0.06032406538724899,4.910109043121338,3.865551479975693e-05 | 359.3 | -0.6471181511878967,-0.010379020124673843,0.08630355447530746 | -0.014733820222318172,0.30200955271720886,0.00014073890633881092 | 0,0
