Simulation Frame | Timestamp | Position | Velocity | Heading | Angular Velocity | Acceleration | Stopped at Red Light + Light ID 
1170 | 39.0000020340085 | 136.31971740722656,226.40054321289062,0.2944168448448181 | 0.013485291972756386,-5.1914567947387695,1.2014294270557002e-06 | 179.9 | 0.23713362216949463,0.05767209455370903,-3.0639190673828125 | -0.4655223786830902,-0.0013160704402253032,-1.9451710613793693e-05 | 0,0
1180 | 39.333335384726524 | 136.3265380859375,224.6584930419922,0.29442736506462097 | -0.04476502165198326,-5.194594383239746,2.631702500366373e-06 | 180.5 | 0.22485917806625366,-0.13168425858020782,-1.4278044700622559 | -0.05300838127732277,-0.01677989773452282,7.380208990070969e-05 | 0,0
1190 | 39.666668735444546 | 136.31378173828125,222.91424560546875,0.2944096028804779 | -0.0781092643737793,-5.2018561363220215,8.772341288931784e-07 | 180.9 | 0.22220906615257263,-0.07957036793231964,-0.3220248222351074 | 0.056078728288412094,-0.029339788481593132,-4.634084689314477e-05 | 0,0
1200 | 40.00000208616257 | 136.290283203125,221.16720581054688,0.2943987548351288 | -0.09353458136320114,-5.210358619689941,-3.8140612446113664e-07 | 181.0 | 0.2252703309059143,-0.049786150455474854,0.4334311783313751 | 0.027252135798335075,-0.02655029110610485,4.748506034957245e-05 | 0,0
1210 | 40.33333543688059 | 136.2599334716797,219.41744995117188,0.29439833760261536 | -0.10547983646392822,-5.218094825744629,-4.767576911035576e-07 | 181.2 | 0.2272769659757614,0.01534024067223072,0.8184194564819336 | -0.09350984543561935,-0.02151489071547985,1.659116787777748e-05 | 0,0
1220 | 40.66666878759861 | 136.22557067871094,217.66514587402344,0.2943979501724243 | -0.11168733984231949,-5.22601318359375,-3.623358395543619e-07 | 181.2 | 0.22566033899784088,-0.01773795299232006,1.0651419162750244 | -0.0039719040505588055,-0.024662015959620476,2.4028584448387846e-05 | 0,0
1230 | 41.00000213831663 | 136.18795776367188,215.91018676757812,0.2943982481956482 | -0.1207556203007698,-5.233686923980713,1.3921323898102855e-06 | 181.3 | 0.2261447012424469,-0.0040151579305529594,1.115841269493103 | -0.031660567969083786,-0.02215862087905407,6.235989712877199e-05 | 0,0
1240 | 41.33333548903465 | 136.1475067138672,214.15283203125,0.29439887404441833 | -0.12579041719436646,-5.24116325378418,-9.535153111528416e-08 | 181.4 | 0.22546200454235077,0.0010765501065179706,1.2284965515136719 | -0.04592097923159599,-0.02177238278090954,1.3730619684793055e-05 | 0,0
1250 | 41.666668839752674 | 136.10696411132812,212.3928985595703,0.2943982481956482 | -0.11760204285383224,-5.249074459075928,1.1823590284620877e-06 | 181.3 | 0.22405710816383362,-0.03349816054105759,1.5212651491165161 | 0.06282425671815872,-0.02497672848403454,4.691295180236921e-05 | 0,0
1260 | 42.000002190470695 | 136.07716369628906,210.73995971679688,0.29736730456352234 | -0.05348614230751991,-3.75129771232605,-0.003995057661086321 | 180.8 | 3.9599924087524414,-0.10593020170927048,-3.5699331760406494 | 0.38219496607780457,14.415385246276855,0.0778408870100975 | 1,6
1270 | 42.33333554118872 | 136.08531188964844,210.28713989257812,0.3077417016029358 | 0.0005932542844675481,0.004238198511302471,0.000752094725612551 | 0 | -1.549102783203125,0.1081707775592804,0.0005575768882408738 | -0.03935615345835686,0.11482229828834534,0.00553687009960413 | 1,6
1280 | 42.66666889190674 | 136.0850830078125,210.2825469970703,0.29828330874443054 | -4.977279604645446e-05,0.00580525491386652,0.00052614975720644 | 0 | -1.8812122344970703,0.04124722629785538,0.0005972242215648293 | 0.0011423666728660464,-0.019858570769429207,-0.003198661608621478 | 1,6
1290 | 43.00000224262476 | 136.08502197265625,210.28091430664062,0.29475292563438416 | 2.2503454601974227e-05,0.0012932440731674433,2.8128702979302034e-05 | 0 | -0.4007086753845215,0.007692652754485607,0.00010000401380239055 | -0.00015781594265718013,-0.007408791687339544,-0.0004828601377084851 | 1,6
1300 | 43.33333559334278 | 136.08502197265625,210.2806396484375,0.2942299246788025 | 3.0575747587135993e-06,0.0002593093377072364,-3.318233666504966e-06 | 0 | -0.07974555343389511,0.0006459943833760917,-1.895495915960055e-05 | 2.7177609354112064e-06,-0.0005587943596765399,-4.576881565299118e-06 | 1,6
1310 | 43.6666689440608 | 136.08502197265625,210.280517578125,0.2940851151943207 | 4.5214076749289234e-07,6.346798181766644e-05,-2.212155550296302e-06 | 0 | -0.019475772976875305,3.518736775731668e-05,-4.5770798351441044e-06 | 8.647112736070994e-06,5.0162630941485986e-05,5.148990112502361e-06 | 1,6
1320 | 44.000002294778824 | 136.08502197265625,210.28050231933594,0.294039785861969 | 1.0226776758770484e-08,1.1164462193846703e-05,-4.0047643778962083e-07 | 0 | -0.0034196539781987667,-2.9736984288319945e-05,-7.668347166145395e-07 | 1.3196647159929853e-05,0.00010874296276597306,5.721101956623897e-07 | 1,6
1330 | 44.333335645496845 | 136.08502197265625,210.28048706054688,0.2940267026424408 | 6.383984008095922e-09,7.154252216423629e-06,-9.153747555501468e-07 | 0 | -0.0021950840018689632,-5.792023785033962e-06,-5.240146947471658e-07 | -6.697844582959078e-06,-3.0201656045392156e-05,2.8033349735778756e-05 | 1,6
1340 | 44.66666899621487 | 136.08502197265625,210.28048706054688,0.2940244674682617 | -9.500875819412613e-08,2.200451262979186e-06,-1.8116792261935188e-06 | 0 | -0.0006748418090865016,-3.03456745314179e-05,-1.5521973750765028e-07 | -1.1523542525537778e-05,-5.720198259950848e-06,-2.3456475901184604e-05 | 1,6
1350 | 45.00000234693289 | 136.08502197265625,210.28048706054688,0.2940233647823334 | -2.554546441047023e-08,5.575685690928367e-07,-1.220499711962475e-06 | 0 | -0.00017142877914011478,-9.356531336379703e-06,-4.255890928561712e-08 | -1.183769882118213e-06,-4.317404545872705e-06,-1.201429586217273e-05 | 1,6
1360 | 45.33333569765091 | 136.08502197265625,210.28048706054688,0.2940223217010498 | -1.2436966301265784e-07,1.7213346836797427e-07,-2.6698430133365036e-07 | 0 | -5.270978363114409e-05,-3.728819501702674e-05,-4.282858512283383e-09 | -2.3760489966662135e-06,3.4174857432844874e-07,-1.0297964763594791e-05 | 1,6
1370 | 45.66666904836893 | 136.08502197265625,210.28048706054688,0.2940223217010498 | -1.6635345900795073e-07,2.458893977319576e-09,-5.911795142310439e-07 | 0 | -8.072898367572634e-07,-5.111177597427741e-05,7.546073099717887e-09 | -6.737302555848146e-06,-1.102419901144458e-06,-1.0870073310798034e-05 | 1,6
1380 | 46.00000239908695 | 136.08502197265625,210.28048706054688,0.2940223217010498 | 9.666427658316934e-09,-4.763270222696292e-09,-1.5828354662517086e-06 | 0 | 1.4525622873406974e-06,2.4533724172215443e-06,5.535357727737278e-10 | 4.5852225412090775e-06,-9.609773314878112e-07,-1.601905569259543e-05 | 1,6
1390 | 46.333335749804974 | 136.08502197265625,210.28048706054688,0.2940223217010498 | -6.242266437084254e-08,5.983242790108534e-09,-1.220499711962475e-06 | 0 | -1.5183610457825125e-06,-1.3560987099481281e-05,8.179044996836637e-09 | -2.2279409677139483e-06,-8.744552246753301e-07,0.0 | 1,6
1400 | 46.666669100522995 | 136.08502197265625,210.28048706054688,0.2940223217010498 | 5.113627565833667e-08,2.487514549898151e-08,-1.1251480600549257e-06 | 0 | -7.578243639727589e-06,1.4621975424233824e-05,-4.474157933032075e-09 | 1.9776289263973013e-06,8.374499316232686e-07,-9.153746759693604e-06 | 1,6
1410 | 47.000002451241016 | 136.08502197265625,210.28048706054688,0.2940223217010498 | -1.3039287871663419e-08,6.700962895678231e-09,-5.721092293242691e-07 | 0 | -2.101014160871273e-06,-5.473622422869084e-06,-1.9057166955604998e-10 | 1.9015684529222199e-06,9.205328410644142e-07,-9.153747669188306e-06 | 1,6
1420 | 47.33333580195904 | 136.08502197265625,210.28048706054688,0.2940223217010498 | -2.2400974131198126e-10,2.1423858242997085e-09,-2.288436888875367e-07 | 0 | -6.549779527631472e-07,-8.039373255996907e-08,-1.2912081126525976e-10 | -4.126857966468833e-09,4.269473663498502e-08,-4.576873379846802e-06 | 1,6
1430 | 47.66666915267706 | 136.08502197265625,210.28048706054688,0.2940223217010498 | 8.154620090294884e-09,6.9444054950906775e-09,-1.7544682577863568e-06 | 0 | -2.1154157821001718e-06,2.750554131125682e-06,-4.5209574972560063e-10 | 2.5983085834013764e-06,8.841084309096914e-07,-9.153746759693604e-06 | 1,6
1440 | 48.00000250339508 | 136.08502197265625,210.28048706054688,0.2940223217010498 | -1.911663716214207e-08,-3.0496005720692665e-09,-1.3921323898102855e-06 | 0 | 9.332661079497484e-07,-5.865291313966736e-06,1.638104790702144e-10 | -4.6276986722659785e-06,1.1326387721055653e-06,6.865308932901826e-06 | 1,6
1450 | 48.3333358541131 | 136.08502197265625,210.28048706054688,0.2940223217010498 | -9.539786738343992e-10,-9.492297614599465e-09,-1.0107263506142772e-06 | 0 | 2.9275722681632033e-06,9.43451112789262e-08,9.51004275329126e-10 | -2.709032287384616e-07,6.978785194178272e-08,-4.576874744088855e-06 | 1,6
1460 | 48.66666920483112 | 136.08502197265625,210.28048706054688,0.2940223217010498 | -2.932067699745744e-09,1.1840348701497305e-09,-6.293201408880122e-07 | 0 | -3.759159881155938e-07,-1.2267972806512262e-06,-1.4760841160477156e-10 | 8.04215787297835e-08,-2.6325567503704406e-08,-5.148982381797396e-06 | 1,6
1470 | 49.000002555549145 | 136.08502197265625,210.28048706054688,0.2940223217010498 | -7.177779703937404e-09,-3.428071160271884e-10,-2.479139880051662e-07 | 0 | 8.903004555804728e-08,-2.623702357595903e-06,6.847758471373311e-11 | -1.0191621413468965e-07,-1.1396075194625155e-08,-4.576873379846802e-06 | 1,6
1480 | 49.333335906267166 | 136.08502197265625,210.28048706054688,0.2940223217010498 | 1.531915749808377e-08,-1.2204262489490247e-08,-1.792608941286744e-06 | 0 | 3.786341267186799e-06,6.0562356338778045e-06,6.851814671193779e-10 | -2.467477997925016e-06,-8.833594620227814e-07,0.0 | 1,6
1490 | 49.66666925698519 | 136.08502197265625,210.28048706054688,0.2940223217010498 | -3.3872282756419736e-08,3.037686102658199e-09,-1.3158512501831865e-06 | 0 | -1.0077676506625721e-06,-1.2421304745657835e-05,-4.071857295784298e-10 | -1.8402031400910346e-06,-9.03708837540762e-07,0.0 | 1,6
1500 | 50.00000260770321 | 136.08502197265625,210.28048706054688,0.2940223217010498 | 5.195715857553296e-09,-9.394929278983e-09,-1.0107263506142772e-06 | 0 | 2.8473093607317423e-06,6.628878281844663e-07,8.094797609992099e-10 | 4.578214884531917e-06,-1.1688565564327291e-06,-1.6019059330574237e-05 | 1,6
1510 | 50.33333595842123 | 136.08502197265625,210.28048706054688,0.2940223217010498 | -4.047779711413568e-08,6.422956388973944e-09,-5.530388875740755e-07 | 0 | -2.0110621790081495e-06,-1.3641231817018706e-05,-2.4149712785082045e-10 | -4.7849634938756935e-06,1.1749567647711956e-06,6.865310751891229e-06 | 1,6
1520 | 50.66666930913925 | 136.08502197265625,210.28048706054688,0.2940223217010498 | 1.1496476659544896e-08,-5.8028120086817125e-09,-2.288436888875367e-07 | 0 | 1.7900281363836257e-06,4.013745183328865e-06,1.2647037583857212e-10 | 2.1508614622689493e-07,-1.1514190134676028e-07,-4.576873379846802e-06 | 1,6
1530 | 51.00000265985727 | 136.08502197265625,210.28048706054688,0.2940223217010498 | -1.0911240622135665e-07,1.5498025973670337e-08,-1.3921323898102855e-06 | 0 | -4.532241291599348e-06,-3.072078470722772e-05,7.57991980293582e-09 | -4.760649972013198e-06,1.1439742593211122e-06,6.865308932901826e-06 | 1,6
1540 | 51.333336010575294 | 136.08502197265625,210.28048706054688,0.2940223217010498 | 3.6051874818809893e-09,8.406449758524559e-09,-1.3730621049035108e-06 | 0 | -2.57238639278512e-06,1.2407972462824546e-06,-6.576484912201863e-10 | 2.4234106277276624e-08,3.92848376051802e-09,-4.5768715608573984e-06 | 1,6
1550 | 51.666669361293316 | 136.08502197265625,210.28048706054688,0.2940223217010498 | 6.842087341141223e-09,6.567249855038426e-09,-9.916559520206647e-07 | 0 | -2.048442411251017e-06,-1.3725201597480918e-06,-3.0901043945874562e-09 | 3.475805954167299e-07,1.523705073225301e-08,-4.5768715608573984e-06 | 1,6
1560 | 52.00000271201134 | 136.08502197265625,210.28048706054688,0.2940223217010498 | 7.941721946735925e-09,4.4953383238066635e-09,-6.102498559812375e-07 | 0 | -1.3662154287885642e-06,2.749910208876827e-06,-4.828372701659589e-10 | 1.551299249058502e-07,1.907102387121995e-08,-4.576873834594153e-06 | 1,6
1570 | 52.33333606272936 | 136.08502197265625,210.28048706054688,0.2940223217010498 | 5.066738584247332e-09,-3.893667610554985e-10,-2.479139880051662e-07 | 0 | 1.264101001652307e-07,1.7666068288235692e-06,-7.959125719603222e-11 | 9.486148400128513e-08,-7.52879891763314e-09,-4.576873379846802e-06 | 1,6
1580 | 52.66666941344738 | 136.08502197265625,210.28048706054688,0.2940223217010498 | -2.2823820611250767e-09,7.875918583977182e-09,-1.7735386563799693e-06 | 0 | -2.41659131461347e-06,-7.813777642695641e-07,-4.782773621592185e-10 | -1.0105692638262553e-07,1.7078111369528415e-08,-4.576878382067662e-06 | 1,6
1590 | 53.0000027641654 | 136.08502197265625,210.28048706054688,0.2940223217010498 | -1.4281617666256352e-08,-5.656211055082849e-09,-1.3921323898102855e-06 | 0 | 1.6939196711973636e-06,-5.467422852234449e-06,3.710215745744705e-10 | 2.6727631663447937e-08,-2.4576166879342054e-08,-4.5768715608573984e-06 | 1,6
1600 | 53.33333611488342 | 136.08502197265625,210.28048706054688,0.2940223217010498 | -8.20723577987792e-09,-4.573752043768309e-09,-1.0107263506142772e-06 | 0 | 1.3777464573649922e-06,-3.1583272175339516e-06,2.6978916323194824e-10 | 2.5528697378263132e-08,-2.4542366361401946e-08,-4.576874744088855e-06 | 1,6
1610 | 53.666669465601444 | 136.08502197265625,210.28048706054688,0.2940223217010498 | 1.2028924523121987e-08,-9.028800818100535e-09,-6.293201408880122e-07 | 0 | 2.800805077640689e-06,4.653571977542015e-06,6.349819559048342e-10 | -1.8236397281157224e-08,-6.557808518437014e-08,-4.576873379846802e-06 | 1,6
1620 | 54.000002816319466 | 136.08502197265625,210.28048706054688,0.2940223217010498 | -6.946490049841714e-09,2.344138660959061e-09,-2.288436888875367e-07 | 0 | -7.264872010637191e-07,-2.4239648155344184e-06,-3.8914986684457364e-12 | -1.2999774412492116e-07,4.640770967512253e-08,-4.576873379846802e-06 | 1,6
1630 | 54.33333616703749 | 136.08502197265625,210.28048706054688,0.2940223217010498 | 1.132050186924971e-08,5.7353779503444e-09,-1.735397972879582e-06 | 0 | -1.7332696415905957e-06,4.181631084065884e-06,-4.958494170814731e-10 | 2.418041589180575e-08,3.930602066049005e-09,-4.576874744088855e-06 | 1,6
1640 | 54.66666951775551 | 136.08502197265625,210.28048706054688,0.2940223217010498 | 6.643557526331278e-08,-3.25638538356543e-08,-1.7735386563799693e-06 | 0 | 1.0112347808899358e-05,2.406188468739856e-05,2.5957089810901834e-09 | 3.717150093507371e-06,-1.1649208317976445e-06,-1.659116787777748e-05 | 1,6
1650 | 55.00000286847353 | 136.08502197265625,210.28048706054688,0.2940223217010498 | -7.626542952721138e-09,-2.8660169792971146e-09,-1.0107263506142772e-06 | 0 | 8.465548830827174e-07,-3.1374063382827444e-06,6.571099220309407e-11 | 1.0392766114364349e-07,-5.035396455355112e-08,-4.576874744088855e-06 | 1,6
1660 | 55.33333621919155 | 136.08502197265625,210.28048706054688,0.2940223217010498 | 1.543925343128194e-08,1.9076431545528294e-09,-6.102498559812375e-07 | 0 | -5.511876111086167e-07,5.6923963711597025e-06,-2.969532397756325e-10 | 8.280850494202241e-08,-2.5236677192452817e-09,-4.576873834594153e-06 | 1,6
1670 | 55.66666956990957 | 136.08502197265625,210.28048706054688,0.2940223217010498 | 1.1148046041853377e-08,-2.4701920509073716e-09,-2.288436888875367e-07 | 0 | 7.711676062172046e-07,3.888697847287403e-06,-7.440526667013003e-11 | 2.0866707473032875e-07,-4.8727457624409e-08,-4.576873379846802e-06 | 1,6
1680 | 56.000002920627594 | 136.08502197265625,210.28048706054688,0.2940223217010498 | 3.103989243413707e-08,-1.2212178823745035e-08,-1.7735386563799693e-06 | 0 | 3.8075233987910906e-06,1.1504200301715173e-05,4.720419055637137e-10 | 3.972539843744016e-07,-1.1351777118306927e-07,-4.576878382067662e-06 | 1,6
1690 | 56.333336271345615 | 136.08502197265625,210.28048706054688,0.2940223217010498 | -3.6956466775706076e-09,1.2406327520864124e-08,-1.353991819996736e-06 | 0 | -3.821210157184396e-06,-1.6592607607890386e-06,-1.0196319344402127e-09 | 8.856246580535299e-08,3.0271916529045484e-08,-4.5768715608573984e-06 | 1,6
1700 | 56.66666962206364 | 136.08502197265625,210.28048706054688,0.2940223217010498 | -2.7949218051048774e-08,1.3423207434470896e-08,-1.0107263506142772e-06 | 0 | -3.7227327993605286e-06,-1.0546657449594932e-06,7.841501670213802e-09 | -6.92808441726811e-07,9.310498683134938e-08,-4.576874744088855e-06 | 1,6
1710 | 57.00000297278166 | 136.08502197265625,210.28048706054688,0.2940223217010498 | -5.609185338428802e-10,5.69968738872717e-09,-6.102498559812375e-07 | 0 | -1.7466990129832993e-06,-2.152774811747804e-07,-3.8367789501059235e-10 | -4.042264745152124e-09,4.268741093937933e-08,-4.576873834594153e-06 | 1,6
1720 | 57.33333632349968 | 136.08502197265625,210.28048706054688,0.2940223217010498 | -2.2400974131198126e-10,2.1423858242997085e-09,-2.288436888875367e-07 | 0 | -6.549779527631472e-07,-8.039373255996907e-08,-1.2911967328665952e-10 | -4.126857966468833e-09,4.269473663498502e-08,-4.576873379846802e-06 | 1,6
1730 | 57.6666696742177 | 136.08502197265625,210.28048706054688,0.2940223217010498 | 2.849390945414143e-08,6.5516516656316526e-09,-1.7544682577863568e-06 | 0 | -1.9937795059377095e-06,6.74649754728307e-06,-3.2464531063425284e-09 | 3.9415635910700075e-07,-2.3745657884433058e-08,-4.576874744088855e-06 | 1,6
1740 | 58.00000302493572 | 136.08502197265625,210.28048706054688,0.2940223217010498 | 2.161970691361148e-08,8.102824189393232e-09,-1.3730621049035108e-06 | 0 | -2.4809694423311157e-06,4.24736344939447e-06,-3.2578328923449362e-09 | 3.4599594300743775e-07,1.528417215013178e-08,-4.5768715608573984e-06 | 1,6
1750 | 58.333336375653744 | 136.08502197265625,210.28048706054688,0.2940223217010498 | -1.7483174019616854e-07,4.7384933310468114e-08,-5.911795142310439e-07 | 0 | -1.3996514098835178e-05,-4.80533235531766e-05,1.1708123359710498e-08 | -9.762133231561165e-06,2.4106209366436815e-06,1.8879603885579854e-05 | 1,6
1760 | 58.666669726371765 | 136.08502197265625,210.28048706054688,0.2940223217010498 | -3.5264524633760175e-09,4.368096995222004e-09,-6.102498559812375e-07 | 0 | -1.3460121408570558e-06,-1.3395102769209188e-06,-2.7845367678303035e-10 | 3.3498535056963874e-09,4.256144592318378e-08,-4.576873834594153e-06 | 1,6
1770 | 59.00000307708979 | 136.08502197265625,210.28048706054688,0.2940223217010498 | -4.674439946228404e-09,4.648901263948346e-09,-2.288436888875367e-07 | 0 | -1.4274219211074524e-06,-1.6344450841643265e-06,-1.943167293738668e-10 | -8.738124535057068e-08,9.245377441402525e-08,-4.576873379846802e-06 | 1,6
1780 | 59.33333642780781 | 136.08502197265625,210.28048706054688,0.2940223217010498 | -5.586653983868928e-08,-1.8369179954902393e-08,-1.5828354662517086e-06 | 0 | 5.555333700613119e-06,-1.674919985816814e-05,3.777144375050057e-09 | -1.8533943375587114e-06,-8.88892770944949e-07,0.0 | 1,6
1790 | 59.66666977852583 | 136.08502197265625,210.28048706054688,0.2940223217010498 | -7.110181776681657e-09,-8.072040813544845e-09,-1.353991819996736e-06 | 0 | 2.467228569003055e-06,-2.3142779355111998e-06,6.686831643953894e-10 | 1.0300687591779933e-07,-5.3218133899690656e-08,-4.5768715608573984e-06 | 0,0
1800 | 60.00000312924385 | 136.08409118652344,210.2473602294922,0.2931005656719208 | -0.011996066197752953,-0.48972609639167786,-5.015490842197323e-06 | 0 | -1.6259139776229858,-0.005672082304954529,0.23055841028690338 | -0.19296438992023468,-7.59852933883667,-0.00019852188415825367 | 0,0
1810 | 60.33333647996187 | 136.0719757080078,209.8151092529297,0.2893390655517578 | -0.03981999680399895,-1.8469327688217163,-2.9215709218988195e-05 | 181.2 | -0.12275282293558121,-0.015054885298013687,0.8084461092948914 | -0.032483894377946854,-3.1108222007751465,0.0003140878980048001 | 0,0
1820 | 60.66666983067989 | 136.05369567871094,209.029541015625,0.2897507846355438 | -0.044083140790462494,-2.802795886993408,1.5961848475853913e-05 | 180.9 | 0.15650418400764465,-0.016729069873690605,1.2311135530471802 | -0.017331203445792198,-2.739722490310669,-4.004704805993242e-06 | 0,0
1830 | 61.000003181397915 | 136.03668212890625,208.0169219970703,0.2919204533100128 | -0.031017396599054337,-3.0729243755340576,4.195467408862896e-05 | 180.6 | 0.8117024898529053,0.022982221096754074,1.1728663444519043 | 0.026137007400393486,0.049681659787893295,-3.8331487303366885e-05 | 0,0
1840 | 61.333336532115936 | 136.02671813964844,206.98562622070312,0.2931354343891144 | -0.0038891425356268883,-3.3254776000976562,-5.988076281937538e-06 | 180.1 | -0.7806728482246399,-0.08376482874155045,1.4132574796676636 | 0.2535227835178375,-4.169504165649414,-0.000278045074082911 | 0,0
1850 | 61.66666988283396 | 136.02297973632812,205.67724609375,0.290410578250885 | 0.020707985386252403,-4.392037391662598,-3.0131084713502787e-05 | 179.7 | -0.27686840295791626,-0.06692051142454147,1.582762598991394 | 0.2872243821620941,-2.7602288722991943,7.952313899295405e-05 | 0,0
1860 | 62.00000323355198 | 136.02781677246094,204.07557678222656,0.29138433933258057 | 0.04562363028526306,-5.104540824890137,0.0067856344394385815 | 179.5 | 0.3515828847885132,-0.046865519136190414,1.3322499990463257 | 0.20638881623744965,-1.4690064191818237,-0.14633294939994812 | 0,0
1870 | 62.33333658427 | 136.03720092773438,202.33883666992188,0.29352083802223206 | 0.03616175428032875,-5.177340984344482,-0.0009973198175430298 | 179.6 | 0.747103214263916,-0.03369054198265076,3.2384426593780518 | 0.02502579055726528,0.6514834761619568,0.0027650045230984688 | 0,0
1880 | 62.66666993498802 | 136.0488739013672,200.64358520507812,0.2947423458099365 | 0.041878532618284225,-5.035242080688477,-0.00024503437452949584 | 179.5 | 0.07758249342441559,-0.001678374712355435,3.0716323852539062 | 0.023355109617114067,0.18867014348506927,0.0012065783375874162 | 0,0
1890 | 63.00000328570604 | 136.0639190673828,198.9666748046875,0.2945098876953125 | 0.07197018712759018,-5.0421552658081055,-4.52538370154798e-05 | 179.2 | -0.09590106457471848,-0.1620529443025589,3.5179638862609863 | 0.30567076802253723,-0.13588427007198334,0.0001882240321720019 | 0,0
1900 | 63.333336636424065 | 136.1470184326172,197.28236389160156,0.2943761348724365 | 0.6381582617759705,-5.033504962921143,-7.614773494424298e-05 | 172.8 | -0.005799087230116129,0.566301703453064,15.60434341430664 | -0.7032071948051453,-0.30688759684562683,-3.833126902463846e-05 | 0,0
1910 | 63.666669987142086 | 136.5769500732422,195.681640625,0.2943793535232544 | 2.476271629333496,-4.4278459548950195,0.0003219258796889335 | 150.8 | 0.5382529497146606,-1.0545915365219116,43.37724304199219 | 5.612561225891113,3.1435630321502686,0.015823969617486 | 0,0
1920 | 64.00000333786011 | 137.40806579589844,194.21820068359375,0.295622318983078 | 3.4054741859436035,-3.8417885303497314,0.001360876252874732 | 138.4 | 1.5317175388336182,-1.8431631326675415,43.43911361694336 | 5.083372116088867,5.571934700012207,-0.056296687573194504 | 0,0
1930 | 64.33333668857813 | 138.61180114746094,193.1917266845703,0.29725372791290283 | 4.565838813781738,-1.7676832675933838,0.00017251000099349767 | 111.2 | -1.5939186811447144,1.6794705390930176,60.81942367553711 | 1.360573649406433,-0.57408207654953,0.010328860022127628 | 0,0
1940 | 64.66667003929615 | 140.0133514404297,192.2992401123047,0.2949111759662628 | 4.676596164703369,-1.85520339012146,-0.008413056842982769 | 111.6 | 4.256407737731934,-2.469370126724243,37.26617431640625 | 2.6148316860198975,9.70584774017334,0.10280431807041168 | 0,0
1950 | 65.00000339001417 | 141.50662231445312,191.9977264404297,0.29604285955429077 | 4.926941871643066,-0.20415566861629486,0.0011366666294634342 | 92.4 | -5.380602836608887,0.2456788420677185,38.596744537353516 | 1.7438219785690308,-3.6145405769348145,0.008282997645437717 | 0,0
1960 | 65.3333367407322 | 143.18092346191406,191.6874237060547,0.2940446138381958 | 5.225503921508789,-0.5346662402153015,-0.0009588741231709719 | 95.8 | 1.7661712169647217,-0.5455754995346069,19.07086753845215 | 0.3886413276195526,3.0533549785614014,-0.011431314051151276 | 0,0
1970 | 65.66667009145021 | 144.88206481933594,191.5455780029297,0.29473379254341125 | 5.132932186126709,-0.18202702701091766,-0.00043295318027958274 | 92.0 | -1.0527184009552002,-0.06419955939054489,13.606861114501953 | -0.09697436541318893,-0.2890911400318146,0.002642572857439518 | 0,0
1980 | 66.00000344216824 | 146.5797882080078,191.46987915039062,0.2944800853729248 | 5.1504669189453125,-0.09333603829145432,-9.19570229598321e-05 | 91.0 | -0.15971440076828003,-0.30589210987091064,7.910709381103516 | 0.13193605840206146,0.251512736082077,0.0004553990438580513 | 0,0
1990 | 66.33333679288626 | 148.29208374023438,191.43653869628906,0.2942773103713989 | 5.192880630493164,0.0012207312975078821,-1.8364706193096936e-05 | 90.0 | 0.002412797650322318,-0.24873095750808716,5.889811038970947 | 0.09900569170713425,0.239064022898674,-5.0917711632791907e-05 | 0,0
2000 | 66.66667014360428 | 150.0149383544922,191.4325408935547,0.29430025815963745 | 5.2103729248046875,0.05436623468995094,-1.4493433582174475e-06 | 89.4 | -0.002699091797694564,-0.21127842366695404,4.347615718841553 | 0.021114347502589226,0.16594234108924866,6.35041287750937e-05 | 0,0
2010 | 67.0000034943223 | 151.7406463623047,191.4471435546875,0.2943595051765442 | 5.213351726531982,0.08145005255937576,-1.220499711962475e-06 | 89.1 | -0.07561696320772171,-0.22075605392456055,3.172361135482788 | 0.007553100120276213,-0.03745525702834129,5.492247510119341e-05 | 0,0
2020 | 67.33333684504032 | 153.46726989746094,191.47311401367188,0.2943722605705261 | 5.2171735763549805,0.09939215332269669,-3.0131084258755436e-06 | 88.9 | -0.05254453048110008,-0.23253241181373596,2.4607245922088623 | 0.018525121733546257,0.00471487594768405,-0.0001155660575022921 | 0,0
2030 | 67.66667019575834 | 155.19586181640625,191.50601196289062,0.29436150193214417 | 5.224747180938721,0.11173241585493088,-1.9833119040413294e-06 | 88.8 | -0.06951378285884857,-0.23485404253005981,2.0717804431915283 | 0.028696058318018913,-0.08302397280931473,-2.6317022275179625e-05 | 0,0
2040 | 68.00000354647636 | 156.92726135253906,191.54345703125,0.2943539023399353 | 5.233456134796143,0.12338142842054367,-1.2014294270557002e-06 | 88.6 | -0.007964708842337132,-0.23104503750801086,1.9170538187026978 | 0.026478765532374382,0.00442430330440402,-3.604288212954998e-05 | 0,0
2050 | 68.33333689719439 | 158.66151428222656,191.5850372314453,0.2943536043167114 | 5.2415771484375,0.1357250064611435,-1.5065542129377718e-06 | 88.5 | 0.00361292390152812,-0.2289300262928009,1.886112928390503 | 0.02357482723891735,0.02951502613723278,5.721084903598239e-07 | 0,0
2060 | 68.6666702479124 | 160.39842224121094,191.6298065185547,0.2943553030490875 | 5.24940824508667,0.13961844146251678,-1.6019057511584833e-06 | 88.5 | -0.011473766528069973,-0.2287810891866684,1.6911484003067017 | 0.023388860747218132,-0.010945199988782406,-0.00011671027459669858 | 0,0
2070 | 69.00000359863043 | 162.137939453125,191.6742401123047,0.2943568825721741 | 5.257469177246094,0.12853601574897766,-2.116804125762428e-06 | 88.6 | -0.027787795290350914,-0.22922249138355255,1.318952202796936 | 0.025277135893702507,-0.06798102706670761,-9.49701206991449e-05 | 0,0
2080 | 69.33333694934845 | 163.88021850585938,191.7138671875,0.294357031583786 | 5.265958786010742,0.10335756838321686,-1.3349215350899613e-06 | 88.9 | -0.008607770316302776,-0.22845058143138885,0.8995286226272583 | 0.025162694975733757,-0.08034109324216843,-3.089389792876318e-05 | 0,0
2090 | 69.66667030006647 | 165.625244140625,191.74514770507812,0.2943577170372009 | 5.2743120193481445,0.06945622712373734,-2.5935619305528235e-06 | 89.2 | -0.05311713367700577,-0.22870659828186035,0.5599990487098694 | 0.02589225582778454,-0.20203447341918945,-7.437424301315332e-06 | 0,0
2100 | 70.00000365078449 | 167.3729705810547,191.7664794921875,0.29435911774635315 | 5.2820868492126465,0.04015451297163963,8.581638439864037e-07 | 89.6 | 0.026035383343696594,-0.2265993356704712,0.5116901993751526 | 0.02220153622329235,-0.04118240997195244,-1.7735384972183965e-05 | 0,0
2110 | 70.33333700150251 | 169.12327575683594,191.7786407470703,0.2943597733974457 | 5.289390563964844,0.016392864286899567,-6.293201408880122e-07 | 89.8 | -0.008341776207089424,-0.22688710689544678,0.6460020542144775 | 0.021228788420557976,-0.13144610822200775,1.1442185495980084e-05 | 0,0
10280 | 342.666684538126 | 167.57508850097656,187.5932159423828,0.2943769097328186 | -5.265817165374756,0.1249060109257698,-7.437419640154985e-07 | 271.4 | -0.0006051036762073636,0.00018841530254576355,-2.8875181674957275 | -0.021829603239893913,0.023368297144770622,0.0 | 0,0
10290 | 343.000017888844 | 166.5214385986328,187.61782836914062,0.29437679052352905 | -5.270231246948242,0.12652696669101715,5.7210922221884175e-08 | 271.4 | -0.015515293926000595,0.0005913457134738564,-2.766251564025879 | -0.022702215239405632,-0.003330856328830123,7.322998135350645e-05 | 0,0
10300 | 343.33335123956203 | 164.7633819580078,187.65907287597656,0.29437610507011414 | -5.277963638305664,0.12007328122854233,-2.135874410669203e-06 | 271.3 | -0.014388419687747955,0.001041544834151864,-2.454435110092163 | -0.023818014189600945,-0.036186572164297104,-9.153746759693604e-06 | 0,0
10310 | 343.66668459028006 | 163.00274658203125,187.69720458984375,0.2943757176399231 | -5.285843849182129,0.10269778966903687,3.2419524131910293e-07 | 271.1 | 0.020703941583633423,0.00039408280281350017,-2.1256401538848877 | -0.022902486845850945,0.0037112829741090536,3.833131631836295e-05 | 0,0
10320 | 344.0000179409981 | 161.23956298828125,187.72848510742188,0.2943762242794037 | -5.293557643890381,0.07221648097038269,-9.916559520206647e-07 | 270.8 | -0.024835621938109398,0.0012984267668798566,-1.7460318803787231 | -0.02334594540297985,-0.10744034498929977,5.721119009649556e-07 | 0,0
10330 | 344.3333512917161 | 159.47390747070312,187.75062561035156,0.2943773865699768 | -5.300768852233887,0.043451856821775436,-5.530388875740755e-07 | 270.5 | 0.011965830810368061,0.0008544570882804692,-1.6373909711837769 | -0.02085685543715954,-0.07485105842351913,-1.4302729141491e-05 | 0,0
10340 | 344.6666846424341 | 157.70590209960938,187.7634735107422,0.2943779230117798 | -5.30772066116333,0.014136938378214836,-9.916559520206647e-07 | 270.2 | -0.034684814512729645,0.0014308695681393147,-1.584529995918274 | -0.020070074126124382,-0.16032953560352325,-7.837895827833563e-05 | 0,0
10350 | 345.00001799315214 | 155.935546875,187.7680206298828,0.29437732696533203 | -5.31468391418457,-0.005778165999799967,-1.4302730733106728e-06 | 269.9 | 0.0010978146456182003,0.0015066678170114756,-1.7363808155059814 | -0.020756719633936882,-0.08701150119304657,-2.7461241188575514e-05 | 1,7
10360 | 345.33335134387016 | 154.5619659423828,187.76690673828125,0.3033447265625 | -1.8793070316314697,-0.014410300180315971,-0.0008421447710134089 | 269.6 | 0.0987260490655899,-4.902591705322266,0.5370497703552246 | 16.564727783203125,0.10314109921455383,0.026585344225168228 | 1,7
10370 | 345.6666846945882 | 154.466064453125,187.76583862304688,0.30419254302978516 | 0.009148221462965012,0.0002631355600897223,0.0012754220515489578 | 0 | -0.021724920719861984,3.214066982269287,0.0006818220135755837 | 0.005092061590403318,-0.0002626425412017852,-2.288608629896771e-05 | 1,7
10380 | 346.0000180453062 | 154.46231079101562,187.7657928466797,0.2963366210460663 | 0.003605102188885212,2.6790214633365395e-06,0.0002559807326178998 | 0 | -0.00823959894478321,1.1400972604751587,0.00016467658861074597 | -0.016515100374817848,-0.00024004909209907055,-0.0022775663528591394 | 1,7
10390 | 346.3333513960242 | 154.46139526367188,187.76577758789062,0.29436907172203064 | 0.0006527972873300314,5.6399549066554755e-06,4.2145379666180816e-06 | 0 | -0.0014672824181616306,0.2012500762939453,-2.8546595785883255e-05 | -0.0040783630684018135,-2.7696391043718904e-05,-0.0001762096508173272 | 1,7
10400 | 346.66668474674225 | 154.46124267578125,187.76577758789062,0.2941301167011261 | 0.00014929815370123833,1.2416161325745634e-06,-1.544694896438159e-06 | 0 | -0.00032155413646250963,0.04586257413029671,-6.889429187140195e-06 | -0.0004940371727570891,-1.7462049072491936e-05,2.2312258806778118e-05 | 1,7
10410 | 347.00001809746027 | 154.461181640625,187.76577758789062,0.29405611753463745 | 4.099291982129216e-05,3.90236010616718e-07,-1.5065542129377718e-06 | 0 | -9.861801663646474e-05,0.012577854096889496,-1.914694166771369e-06 | -6.831370410509408e-05,-6.205581030371832e-06,2.8033355192746967e-05 | 1,7
10420 | 347.3333514481783 | 154.461181640625,187.76577758789062,0.2940322458744049 | 9.784460416994989e-06,1.8925383926671202e-07,-1.2777105666827993e-06 | 0 | -5.742780558648519e-05,0.002999719465151429,-4.6133715159157873e-07 | 1.8743974578683265e-05,1.0582026334304828e-05,-9.725855306896847e-06 | 1,7
10430 | 347.6666847988963 | 154.46116638183594,187.76577758789062,0.2940257489681244 | 1.4564583352694171e-06,2.972238348775136e-07,5.7210922221884175e-08 | 0 | -9.699626389192417e-05,0.0004452645080164075,-5.989911500137168e-08 | 4.3693748011719435e-05,8.916714250517543e-06,1.7163275742859696e-06 | 1,7
10440 | 348.00001814961433 | 154.46116638183594,187.76577758789062,0.29402339458465576 | 1.1489212283777306e-06,-4.593950109210709e-09,-1.620976036065258e-06 | 0 | 2.8498409392341273e-06,0.00035251304507255554,-5.437165739863303e-08 | -7.777737664582673e-06,-8.721782762677321e-08,-3.890342122758739e-05 | 1,7
10450 | 348.33335150033236 | 154.46116638183594,187.76577758789062,0.2940223217010498 | 4.1034442688214767e-07,-1.3531159481772193e-07,-8.581638439864037e-07 | 0 | 4.236868699081242e-05,0.00012583623174577951,-2.5868143183060965e-08 | 1.890812086458027e-06,-3.7889419672865188e-06,5.72109183849534e-06 | 1,7
10460 | 348.6666848510504 | 154.46116638183594,187.76577758789062,0.2940223217010498 | 8.550926366979184e-08,-2.4519559715940886e-08,-1.620976036065258e-06 | 0 | 7.104409633029718e-06,2.613772448967211e-05,-3.94160570849067e-09 | -3.9421263409167295e-07,-1.0587621545710135e-05,-2.8033347916789353e-05 | 1,7
10470 | 349.0000182017684 | 154.46116638183594,187.76577758789062,0.2940223217010498 | 5.0791534533800586e-08,-6.952872499965679e-09,-2.6698430133365036e-07 | 0 | 2.5884289698296925e-06,1.5552939657936804e-05,-2.468796056476208e-09 | 4.347061235421279e-07,-5.7284612609009855e-08,-2.2884369172970764e-06 | 1,7
10480 | 349.3333515524864 | 154.46116638183594,187.76577758789062,0.2940223217010498 | 1.6105111688702323e-09,-1.1946472255885965e-08,3.814061599882734e-08 | 0 | 4.003582944278605e-06,4.943951807945268e-07,-3.949678084591568e-10 | 4.8315332179527104e-08,-3.5839414636029687e-07,1.1442184586485382e-06 | 1,7
10490 | 349.66668490320444 | 154.46116638183594,187.76577758789062,0.2940223217010498 | 1.7311268862840734e-08,8.001361351261949e-09,4.1954677953981445e-07 | 0 | -2.773261030597496e-06,5.302419140207348e-06,-6.766016635850747e-10 | 4.6966960098870913e-08,1.4691454452986363e-07,1.1442195955169154e-06 | 1,7
10500 | 350.00001825392246 | 154.46116638183594,187.76577758789062,0.2940223217010498 | -1.7321033496386917e-09,-1.96461247270463e-09,3.2419524131910293e-07 | 0 | 6.256806273086113e-07,-5.29254123193823e-07,1.5890996851730677e-11 | -2.8215964675837313e-08,-6.954955722449085e-08,1.1442186860222137e-06 | 1,7
10510 | 350.3333516046405 | 154.46116638183594,187.76577758789062,0.2940223217010498 | 6.191996915205777e-10,3.8476302144374586e-09,2.288436888875367e-07 | 0 | -1.5776810187162482e-06,1.8852995253837435e-07,-9.966967529084769e-11 | -2.84316818977004e-08,-9.68222479968972e-08,1.1442186860222137e-06 | 1,7
10520 | 350.6666849553585 | 154.46116638183594,187.76577758789062,0.2940223217010498 | -7.886466479867238e-10,-1.1954977008343803e-09,1.3349215066682518e-07 | 0 | 3.339439729188598e-07,-2.4040889456955483e-07,-2.8317488978690797e-11 | -2.8215600522685236e-08,-6.960831910873821e-08,1.1442184586485382e-06 | 1,7
10530 | 351.0000183060765 | 154.46116638183594,187.76577758789062,0.2940223217010498 | 1.5698392585861143e-09,5.514360523761752e-09,3.814061599882734e-08 | 0 | -1.8470071836418356e-06,4.773705768457148e-07,7.139953905888063e-11 | 4.7095173982825145e-08,1.6543080505471153e-07,1.1442184586485382e-06 | 1,7
10540 | 351.33335165679455 | 154.46116638183594,187.76577758789062,0.2940223217010498 | 9.281354018675358e-10,6.7909295964341254e-09,4.1954677953981445e-07 | 0 | -2.6553507268545218e-06,2.819407143306307e-07,-1.2778278435376933e-10 | 9.138391376950494e-09,1.4532654191157235e-08,1.1442195955169154e-06 | 1,7
10550 | 351.66668500751257 | 154.46116638183594,187.76577758789062,0.2940223217010498 | -4.78902084655175e-10,1.644119840271685e-09,3.2419524131910293e-07 | 0 | -7.464379905286478e-07,-1.4699780592764e-07,-4.138589124180747e-11 | -2.821565203703358e-08,-6.96106852160483e-08,1.1442186860222137e-06 | 1,7
10560 | 352.0000183582306 | 154.46116638183594,187.76577758789062,0.2940223217010498 | -6.258285001337072e-10,1.0292944274681304e-09,2.288436888875367e-07 | 0 | -1.8648930222298077e-07,-1.936902123134132e-07,1.9026789865872473e-10 | 9.615853890920789e-09,6.277382169628254e-08,1.1442186860222137e-06 | 1,7
10570 | 352.3333517089486 | 154.46116638183594,187.76577758789062,0.2940223217010498 | -7.886465924755726e-10,-1.1954977008343803e-09,1.3349215066682518e-07 | 0 | 3.3394400134056923e-07,-2.404088661478454e-07,-2.8316210487489002e-11 | -2.8215600522685236e-08,-6.960831910873821e-08,1.1442184586485382e-06 | 1,7
10580 | 352.66668505966663 | 154.46116638183594,187.76577758789062,0.2940223217010498 | 1.5698392585861143e-09,5.514360079672542e-09,3.814061599882734e-08 | 0 | -1.8470071836418356e-06,4.773705768457148e-07,7.138498819836414e-11 | 4.7095173982825145e-08,1.654307908438568e-07,1.1442184586485382e-06 | 1,7
10590 | 353.00001841038465 | 154.46116638183594,187.76577758789062,0.2940223217010498 | 9.281354018675358e-10,6.7909291523449156e-09,4.1954677953981445e-07 | 0 | -2.6553507268545218e-06,2.819407143306307e-07,-1.2780827784997228e-10 | 9.138391376950494e-09,1.4532680836509826e-08,1.1442195955169154e-06 | 1,7
10600 | 353.3333517611027 | 154.46116638183594,187.76577758789062,0.2940223217010498 | -4.78902084655175e-10,1.6441199512939875e-09,3.2419524131910293e-07 | 0 | -7.464381042154855e-07,-1.4699780592764e-07,-4.1393624639063376e-11 | -2.821565203703358e-08,-6.96106852160483e-08,1.1442186860222137e-06 | 1,7
10610 | 353.6666851118207 | 154.46116638183594,187.76577758789062,0.2940223217010498 | -6.258285001337072e-10,1.0292948715573402e-09,2.288436888875367e-07 | 0 | -1.8648934485554491e-07,-1.936902123134132e-07,1.9027532327520191e-10 | 9.61585122638553e-09,6.277383590713725e-08,1.1442186860222137e-06 | 1,7
10620 | 354.0000184625387 | 154.46116638183594,187.76577758789062,0.2940223217010498 | -7.886465924755726e-10,-1.1954977008343803e-09,1.3349215066682518e-07 | 0 | 3.339439729188598e-07,-2.4040889456955483e-07,-2.8311811228753925e-11 | -2.8215598746328396e-08,-6.960831200331086e-08,1.1442184586485382e-06 | 1,7
10630 | 354.33335181325674 | 154.46116638183594,187.76577758789062,0.2940223217010498 | 1.5698392585861143e-09,5.514360079672542e-09,3.814061599882734e-08 | 0 | -1.8470071836418356e-06,4.773705768457148e-07,7.138197671840985e-11 | 4.7095173982825145e-08,1.654307908438568e-07,1.1442184586485382e-06 | 1,7
10640 | 354.66668516397476 | 154.46116638183594,187.76577758789062,0.2940223217010498 | 9.281354018675358e-10,6.7909291523449156e-09,4.1954677953981445e-07 | 0 | -2.6553507268545218e-06,2.819407143306307e-07,-1.278114836189559e-10 | 9.138393153307334e-09,1.4532680836509826e-08,1.1442195955169154e-06 | 1,7
10650 | 355.0000185146928 | 154.46116638183594,187.76577758789062,0.2940223217010498 | 7.89844967208353e-10,-2.6183817336544735e-09,3.2419524131910293e-07 | 0 | 8.282296448669513e-07,2.438279125271947e-07,-8.469319690007637e-11 | 9.84675807558233e-09,-1.9748571844502294e-07,1.1442186860222137e-06 | 1,7
10660 | 355.3333518654108 | 154.46116638183594,187.76577758789062,0.2940223217010498 | 1.9010120144713483e-09,-8.077656765692609e-09,2.288436888875367e-07 | 0 | 2.9487321171473013e-06,5.879589366486471e-07,-1.5044754331228205e-10 | -2.87921402275515e-08,-3.850389163062573e-08,1.1442186860222137e-06 | 1,7
10670 | 355.6666852161288 | 154.46116638183594,187.76577758789062,0.2940223217010498 | 4.716447787878053e-10,3.3213989336644545e-09,1.3349215066682518e-07 | 0 | -1.0155387144550332e-06,1.4184590213517367e-07,1.2454971776154622e-10 | 4.718527790714688e-08,1.741805277788444e-07,1.1442184586485382e-06 | 1,7
10680 | 356.00001856684685 | 154.46116638183594,187.76577758789062,0.2940223217010498 | -9.435326964180035e-10,-2.610146099257804e-09,3.814061599882734e-08 | 0 | 8.741684496271773e-07,-2.871040578611428e-07,-2.418799535663929e-11 | -2.830597978231708e-08,-7.830437454003913e-08,1.1442184586485382e-06 | 1,7
10690 | 356.33335191756487 | 154.46116638183594,187.76577758789062,0.2940223217010498 | -1.5691852262023076e-09,2.6097210503728263e-10,4.1954677953981445e-07 | 0 | 1.0494586177856036e-07,-4.825052428714116e-07,2.344883731630887e-10 | 9.615507501337106e-09,6.283115538963102e-08,1.1442195955169154e-06 | 1,7
10700 | 356.6666852682829 | 154.46116638183594,187.76577758789062,0.2940223217010498 | -4.797934827216466e-10,1.7616309522239249e-09,3.2419524131910293e-07 | 0 | -7.435485827045341e-07,-1.4698328243412107e-07,-6.259107815376197e-11 | 9.111772669712082e-09,1.8060374529227374e-08,1.1442186860222137e-06 | 1,7
10710 | 357.0000186190009 | 154.46116638183594,187.76577758789062,0.2940223217010498 | -6.345367009608083e-10,3.2867078503251435e-10,2.288436888875367e-07 | 0 | -2.0371447817524313e-07,-1.9368910386674543e-07,-5.005261136115102e-11 | 9.357705721413367e-09,4.1408188877767316e-08,1.1442186860222137e-06 | 1,7
10720 | 357.33335196971893 | 154.46116638183594,187.76577758789062,0.2940223217010498 | -7.88646703497875e-10,-1.1934118138157146e-09,1.3349215066682518e-07 | 0 | 3.339331158258574e-07,-2.404032670710876e-07,-2.967609491477674e-11 | -2.8189855783011808e-08,-7.301777316115476e-08,1.1442184586485382e-06 | 1,7
10730 | 357.66668532043695 | 154.46116638183594,187.76577758789062,0.2940223217010498 | -9.43532585395701e-10,-2.610146099257804e-09,3.814061599882734e-08 | 0 | 8.741684496271773e-07,-2.871040578611428e-07,-2.417966521450765e-11 | -2.8305976229603402e-08,-7.830437454003913e-08,1.1442184586485382e-06 | 1,7
10740 | 358.000018671155 | 154.46116638183594,187.76577758789062,0.2940223217010498 | 2.203448312698697e-09,3.4518594649313172e-09,4.1954677953981445e-07 | 0 | -1.0580822618067032e-06,6.727981372023351e-07,3.6757871052506275e-11 | 4.693830035762403e-08,1.5089570126747276e-07,1.1442195955169154e-06 | 1,7
10750 | 358.333352021873 | 154.46116638183594,187.76577758789062,0.2940223217010498 | 2.048574199164932e-09,2.0325574556778747e-09,3.2419524131910293e-07 | 0 | -5.179808226785099e-07,6.260926284085144e-07,4.3092654444798484e-11 | 4.694291177997911e-08,1.5045240786548675e-07,1.1442186860222137e-06 | 1,7
10760 | 358.666685372591 | 154.46116638183594,187.76577758789062,0.2940223217010498 | -1.886864664513155e-09,-3.3833957857609676e-09,2.288436888875367e-07 | 0 | 1.165483354270691e-06,-5.759262080573535e-07,2.2433903693053203e-11 | -2.8215874081638503e-08,-6.955630738048058e-08,1.1442186860222137e-06 | 1,7
10770 | 359.00001872330904 | 154.46116638183594,187.76577758789062,0.2940223217010498 | -7.88646703497875e-10,-1.1934118138157146e-09,1.3349215066682518e-07 | 0 | 3.339331158258574e-07,-2.404032670710876e-07,-2.967610879256455e-11 | -2.8189855783011808e-08,-7.301777316115476e-08,1.1442184586485382e-06 | 1,7
10780 | 359.33335207402706 | 154.46116638183594,187.76577758789062,0.2940223217010498 | -9.43532585395701e-10,-2.610146099257804e-09,3.814061599882734e-08 | 0 | 8.741684496271773e-07,-2.871040578611428e-07,-2.417966521450765e-11 | -2.8305976229603402e-08,-7.830437454003913e-08,1.1442184586485382e-06 | 1,7
10790 | 359.6666854247451 | 154.46116638183594,187.76577758789062,0.2940223217010498 | 2.203448312698697e-09,3.4518594649313172e-09,4.1954677953981445e-07 | 0 | -1.0580821481198655e-06,6.727981372023351e-07,3.6763109917403725e-11 | 4.693830391033771e-08,1.5089570126747276e-07,1.1442195955169154e-06 | 1,7
10800 | 360.0000187754631 | 154.46116638183594,187.76577758789062,0.2940223217010498 | 2.048574421209537e-09,2.0324610883193373e-09,3.2419524131910293e-07 | 0 | -5.179564368518186e-07,6.260926852519333e-07,4.3124250698189925e-11 | 4.694241440006408e-08,1.5050383694870106e-07,1.1442186860222137e-06 | 1,7
10810 | 360.3333521261811 | 154.46116638183594,187.76577758789062,0.2940223217010498 | -1.88686444246855e-09,-3.3833957857609676e-09,2.288436888875367e-07 | 0 | 1.165483354270691e-06,-5.759262080573535e-07,2.2430972010378802e-11 | -2.8215866976211146e-08,-6.955630738048058e-08,1.1442186860222137e-06 | 1,7
10820 | 360.66668547689915 | 154.46116638183594,187.76577758789062,0.2940223217010498 | -7.88646703497875e-10,-1.1934120358603195e-09,1.3349215066682518e-07 | 0 | 3.339332010909857e-07,-2.404032670710876e-07,-2.967383977425797e-11 | -2.8189855783011808e-08,-7.301777316115476e-08,1.1442184586485382e-06 | 1,7
10830 | 361.00001882761717 | 154.46116638183594,187.76577758789062,0.2940223217010498 | 3.087961553127627e-10,1.1016741963132404e-09,3.814061599882734e-08 | 0 | -4.950251764057612e-07,9.513264842553326e-08,-9.64730517694079e-11 | 9.263883882226764e-09,3.305022389099577e-08,1.1442184586485382e-06 | 1,7
10840 | 361.3333521783352 | 154.46116638183594,187.76577758789062,0.2940223217010498 | -1.5771622896565418e-09,-5.420797144495282e-10,4.1954677953981445e-07 | 0 | 8.524913397423006e-08,-4.825220685233944e-07,7.963934199606282e-12 | -2.8189708345394138e-08,-7.301787263713777e-08,1.1442195955169154e-06 | 1,7
10850 | 361.6666855290532 | 154.46116638183594,187.76577758789062,0.2940223217010498 | 7.882191010999406e-10,-2.48423592807967e-09,3.432655262258777e-07 | 0 | 8.314635238093615e-07,2.438181923025695e-07,-1.0977626446750932e-10 | -2.8458067902192852e-08,-9.334431894103545e-08,1.1442178902143496e-06 | 1,7
10860 | 362.00001887977123 | 154.46116638183594,187.76577758789062,0.2940223217010498 | -6.339087033069291e-10,2.3955110117768186e-10,2.288436888875367e-07 | 0 | -2.0590204030668247e-07,-1.936989946216272e-07,-4.22122718723994e-11 | -2.843571600408268e-08,-9.63651274332733e-08,1.1442186860222137e-06 | 1,7
10870 | 362.33335223048925 | 154.46116638183594,187.76577758789062,0.2940223217010498 | -7.887545616647174e-10,-1.1818845901956365e-09,1.3349215066682518e-07 | 0 | 3.3421503076169756e-07,-2.404015901902312e-07,-3.4504114843070255e-11 | -2.8457767697886993e-08,-9.334542738770324e-08,1.1442184586485382e-06 | 1,7
10880 | 362.6666855812073 | 154.46116638183594,187.76577758789062,0.2940223217010498 | -9.435326964180035e-10,-2.610146099257804e-09,3.814061599882734e-08 | 0 | 8.741684496271773e-07,-2.871040578611428e-07,-2.418731014086628e-11 | -2.830597978231708e-08,-7.830437454003913e-08,1.1442184586485382e-06 | 1,7
10890 | 363.0000189319253 | 154.46116638183594,187.76577758789062,0.2940223217010498 | 9.424735436525111e-10,-9.737246564611723e-10,4.1954677953981445e-07 | 0 | 2.935508121026942e-07,2.9054194783384446e-07,-1.2532101745232893e-10 | 9.357387753539115e-09,4.140975207178599e-08,1.1442195955169154e-06 | 1,7
10900 | 363.3333522826433 | 154.46116638183594,187.76577758789062,0.2940223217010498 | -4.70973315902512e-10,2.45073783489147e-09,3.2419524131910293e-07 | 0 | -7.266093007274321e-07,-1.4698478878472088e-07,1.8256238187852603e-10 | 9.637925124650337e-09,5.975389427703703e-08,1.1442186860222137e-06 | 1,7
10910 | 363.66668563336134 | 154.46116638183594,187.76577758789062,0.2940223217010498 | 1.893788681428532e-09,5.993392448999657e-10,2.288436888875367e-07 | 0 | 2.1861401577893957e-08,5.793731929770729e-07,5.582399820180939e-11 | 4.7185061191612476e-08,1.7418881270714337e-07,1.1442186860222137e-06 | 1,7
10920 | 364.00001898407936 | 154.46116638183594,187.76577758789062,0.2940223217010498 | 4.716447787878053e-10,3.3213989336644545e-09,1.3349215066682518e-07 | 0 | -1.0155387144550332e-06,1.4184590213517367e-07,1.2455028675084634e-10 | 4.718528501257424e-08,1.7418055620055384e-07,1.1442184586485382e-06 | 1,7
10930 | 364.3333523347974 | 154.46116638183594,187.76577758789062,0.2940223217010498 | 3.087961553127627e-10,1.101673863246333e-09,3.814061599882734e-08 | 0 | -4.950250627189234e-07,9.513264842553326e-08,-9.646906190541316e-11 | 9.263883882226764e-09,3.305021323285473e-08,1.1442184586485382e-06 | 1,7
10940 | 364.6666856855154 | 154.46116638183594,187.76577758789062,0.2940223217010498 | -1.5691905552728258e-09,2.609547855580985e-10,4.1954677953981445e-07 | 0 | 1.0495236324459256e-07,-4.825068344871397e-07,2.3448176733609216e-10 | 9.615514606764464e-09,6.283114828420366e-08,1.1442195955169154e-06 | 1,7
10950 | 365.0000190362334 | 154.46116638183594,187.76577758789062,0.2940223217010498 | 7.883975694511491e-10,-2.4959461164542063e-09,3.2419524131910293e-07 | 0 | 8.312380259667407e-07,2.438382011860085e-07,-1.0491605501039558e-10 | -2.8190701328867362e-08,-7.295818704733392e-08,1.1442186860222137e-06 | 1,7
10960 | 365.33335238695145 | 154.46116638183594,187.76577758789062,0.2940223217010498 | -6.258285556448584e-10,1.0292942054235255e-09,2.288436888875367e-07 | 0 | -1.8648931643383548e-07,-1.936902123134132e-07,1.9026975828229098e-10 | 9.61584945002869e-09,6.277380748542782e-08,1.1442186860222137e-06 | 1,7
10970 | 365.66668573766947 | 154.46116638183594,187.76577758789062,0.2940223217010498 | 1.7397311369293789e-09,-9.245931242851668e-10,1.5256246399530937e-07 | 0 | 5.595204015662603e-07,5.326700716068444e-07,7.736953439030358e-11 | 9.61543822342037e-09,6.278273900761633e-08,1.1442184586485382e-06 | 1,7
10980 | 366.0000190883875 | 154.46116638183594,187.76577758789062,0.2940223217010498 | -9.435326964180035e-10,-2.610146099257804e-09,3.814061599882734e-08 | 0 | 8.74168563314015e-07,-2.871040578611428e-07,-2.4186045527452293e-11 | -2.830597978231708e-08,-7.830437454003913e-08,1.1442184586485382e-06 | 1,7
10990 | 366.3333524391055 | 154.46116638183594,187.76577758789062,0.2940223217010498 | -1.577133534880204e-09,-5.437372219141423e-10,4.1954677953981445e-07 | 0 | 8.518819072378392e-08,-4.825183737011685e-07,9.130006646540512e-12 | -2.8211724512061664e-08,-7.000543433832718e-08,1.1442195955169154e-06 | 1,7
11000 | 366.66668578982353 | 154.46116638183594,187.76577758789062,0.2940223217010498 | 7.732808837701555e-10,5.371328715142454e-09,3.2419524131910293e-07 | 0 | -2.1152407043700805e-06,2.3524050618561887e-07,-1.212544648021563e-10 | 9.138327428104276e-09,1.4540088244530125e-08,1.1442186860222137e-06 | 1,7
11010 | 367.00001914054155 | 154.46116638183594,187.76577758789062,0.2940223217010498 | -6.258285001337072e-10,1.029294316445828e-09,2.288436888875367e-07 | 0 | -1.8648931643383548e-07,-1.936902123134132e-07,1.9028174869095693e-10 | 9.61585122638553e-09,6.277382169628254e-08,1.1442186860222137e-06 | 1,7
11020 | 367.3333524912596 | 154.46116638183594,187.76577758789062,0.2940223217010498 | -7.886466479867238e-10,-1.1954974787897754e-09,1.3349215066682518e-07 | 0 | 3.339439729188598e-07,-2.4040889456955483e-07,-2.8311268260305944e-11 | -2.8215600522685236e-08,-6.960831200331086e-08,1.1442184586485382e-06 | 1,7
11030 | 367.6666858419776 | 154.46116638183594,187.76577758789062,0.2940223217010498 | -9.435326964180035e-10,-2.610146099257804e-09,3.814061599882734e-08 | 0 | 8.741684496271773e-07,-2.871040578611428e-07,-2.418447733743001e-11 | -2.830597978231708e-08,-7.830437454003913e-08,1.1442184586485382e-06 | 1,7
11040 | 368.0000191926956 | 154.46116638183594,187.76577758789062,0.2940223217010498 | 9.514002918820097e-10,-2.885633398896914e-10,4.1954677953981445e-07 | 0 | 3.1043711601341784e-07,2.905586313772801e-07,1.221552026198225e-10 | 9.085516339268906e-09,8.986416588641077e-08,1.1442195955169154e-06 | 1,7
11050 | 368.33335254341364 | 154.46116638183594,187.76577758789062,0.2940223217010498 | 2.0485995122498935e-09,2.030415391374163e-09,3.2419524131910293e-07 | 0 | -5.179801974009024e-07,6.260943905544991e-07,4.449764168246162e-11 | 4.690122068495839e-08,1.5399933772641816e-07,1.1442186860222137e-06 | 0,0
11060 | 368.66668589413166 | 154.4481201171875,187.76551818847656,0.2938258945941925 | -0.06140066310763359,-0.0023461354430764914,1.2395699968692497e-06 | 0 | -0.045125916600227356,-0.01946091465651989,-1.0912176370620728 | -0.09693726152181625,0.00011169583740411326,5.3778261644765735e-05 | 0,0
11070 | 369.0000192448497 | 154.11349487304688,187.76181030273438,0.2895004153251648 | -1.637148141860962,-0.025022126734256744,-4.914418241241947e-05 | 269.1 | -0.015601185150444508,0.3928762972354889,0.4536856412887573 | -3.296813726425171,-0.06851612776517868,0.0002059592807199806 | 0,0
11080 | 369.3333525955677 | 153.391845703125,187.75282287597656,0.28963103890419006 | -2.6195874214172363,-0.04256108030676842,1.4035746062290855e-05 | 269.1 | -0.029392139986157417,-0.1654345691204071,0.5910515189170837 | -2.781858205795288,-0.14307740330696106,1.7163281881948933e-05 | 0,0
11090 | 369.6666859462857 | 152.40138244628906,187.739013671875,0.29128608107566833 | -3.0762038230895996,-0.049022018909454346,4.489150160225108e-05 | 269.1 | 0.02537688799202442,-0.9042760133743286,0.4131852090358734 | 0.049753185361623764,0.0011590494541451335,0.0001189986796816811 | 0,0
11100 | 370.00001929700375 | 151.38052368164062,187.72386169433594,0.29346156120300293 | -3.05946683883667,-0.049406997859478,2.6698430701799225e-06 | 269.1 | 0.00900170486420393,-0.29173052310943604,0.2620866298675537 | 0.04994630441069603,0.0015832855133339763,-0.0001430272968718782 | 0,0
11110 | 370.33335264772177 | 150.1455535888672,187.70481872558594,0.2906663119792938 | -4.205872058868408,-0.06743710488080978,-3.590938649722375e-05 | 269.1 | -0.01000407338142395,0.4668525159358978,0.1903955042362213 | -2.88651442527771,-0.07022447139024734,1.0870061487366911e-05 | 0,0
11120 | 370.6666859984398 | 148.59263610839844,187.6806182861328,0.29042261838912964 | -5.0077643394470215,-0.07909746468067169,7.589982487843372e-06 | 269.1 | 0.0043706432916224,-0.22360944747924805,0.07795116305351257 | -1.8069218397140503,-0.03739200159907341,9.897489508148283e-05 | 0,0
11130 | 371.0000193491578 | 146.859375,187.65374755859375,0.29287195205688477 | -5.265275001525879,-0.08167162537574768,-0.0011644520564004779 | 269.1 | 0.0049161952920258045,-0.747059166431427,0.18176978826522827 | -0.2838849723339081,-0.0076096500270068645,0.00044739103759638965 | 0,0
11140 | 371.33335269987583 | 145.12576293945312,187.62722778320312,0.29470065236091614 | -5.059085369110107,-0.07654038071632385,-0.00033519876888021827 | 269.1 | 0.0061299726366996765,-0.5603839755058289,1.6656277179718018 | 0.5381726622581482,0.006957873236387968,0.0016276511596515775 | 0,0
11150 | 371.66668605059385 | 143.44081115722656,187.6023406982422,0.29472750425338745 | -5.017343997955322,-0.07020901888608932,-6.342784035950899e-05 | 269.2 | 0.006906026042997837,-0.10031034052371979,1.370607852935791 | -0.13930319249629974,0.019844992086291313,0.0003529913956299424 | 0,0
11160 | 372.0000194013119 | 141.74325561523438,187.58673095703125,0.29427340626716614 | -5.091826438903809,0.04382416605949402,-1.2185925697849598e-05 | 270.5 | 0.5802370309829712,-0.1658765822649002,-1.3253008127212524 | -0.19947050511837006,1.1719187498092651,0.0001327293721260503 | 0,0
11170 | 372.3333527520299 | 140.03692626953125,187.6862030029297,0.29453200101852417 | -5.0053019523620605,0.9337016940116882,-9.260541264666244e-05 | 280.6 | 2.9128308296203613,-0.6455195546150208,-19.45671844482422 | 1.4901922941207886,6.075195789337158,-0.0009960420429706573 | 0,0
11180 | 372.6666861027479 | 138.39122009277344,188.095703125,0.2949075996875763 | -4.731070518493652,2.1083221435546875,0.00018595457368064672 | 294.0 | -0.24627141654491425,-0.08141946792602539,-35.86201095581055 | 1.1134957075119019,2.5110695362091064,-0.005184453446418047 | 0,0
11190 | 373.00001945346594 | 136.8664093017578,188.841796875,0.2951611876487732 | -4.240410804748535,2.9059534072875977,0.00028224053676240146 | 304.4 | 1.1131130456924438,-0.9081864953041077,-29.376338958740234 | 3.9201161861419678,3.982722520828247,-0.004326862283051014 | 0,0
11200 | 373.33335280418396 | 135.517578125,189.8646240234375,0.29542624950408936 | -3.5412607192993164,3.70862078666687,8.705595246283337e-05 | 316.3 | -0.422653466463089,0.08085070550441742,-35.55706787109375 | 2.526740789413452,1.6506742238998413,-0.0018233120208606124 | 0,0
11210 | 373.666686154902 | 134.37289428710938,191.11505126953125,0.2951752841472626 | -2.7764172554016113,4.359936237335205,0.00023866488481871784 | 327.5 | 0.6351313591003418,-0.9368904829025269,-36.863075256347656 | 4.057516574859619,2.1488711833953857,-0.01131345983594656 | 0,0
11220 | 374.00001950562 | 133.48019409179688,192.55001831054688,0.29525241255760193 | -1.9823658466339111,4.775156021118164,0.0006477801944129169 | 337.5 | -0.22062860429286957,0.5199320912361145,-32.69694137573242 | 1.5569828748703003,0.9361552596092224,-0.01156861986964941 | 0,0
11230 | 374.333352856338 | 132.84310913085938,194.127685546875,0.29505011439323425 | -1.2641513347625732,5.050876617431641,0.0017945731524378061 | 345.9 | 0.04840710386633873,0.7124061584472656,-28.741273880004883 | 1.049580454826355,1.3514612913131714,-0.027672341093420982 | 0,0
11240 | 374.66668620705605 | 132.45321655273438,195.80337524414062,0.29498347640037537 | -0.7299981713294983,5.11575174331665,7.33444030629471e-05 | 351.9 | 0.10126235336065292,-0.6342261433601379,-22.82672882080078 | 3.7420480251312256,0.2749156653881073,-0.00012643619265872985 | 0,0
11250 | 375.00001955777407 | 132.19996643066406,197.498046875,0.29477381706237793 | -0.40918830037117004,5.138725280761719,-1.8574479327071458e-05 | 355.4 | 0.01654328778386116,0.3580908179283142,-17.438739776611328 | 0.5130072832107544,0.12140750139951706,0.00010183542326558381 | 0,0
11260 | 375.3333529084921 | 132.0518341064453,199.21395874023438,0.29446253180503845 | -0.2203865349292755,5.182651042938232,2.8605461466213455e-06 | 357.6 | 0.03726063296198845,-0.029569001868367195,-12.282607078552246 | 0.9406399130821228,0.11448382586240768,-0.00015904635074548423 | 0,0
11270 | 375.6666862592101 | 131.97560119628906,200.94390869140625,0.2943972051143646 | -0.07962244749069214,5.202667236328125,4.977350272383774e-06 | 359.1 | -0.005079998169094324,-0.0345085933804512,-9.064962387084961 | 0.8312643766403198,0.04158496484160423,2.0023824617965147e-05 | 0,0
11280 | 376.00001960992813 | 131.94287109375,202.6787109375,0.2944071888923645 | -0.006433903239667416,5.207408905029297,1.353991819996736e-06 | 359.9 | -0.009837733581662178,0.13450412452220917,-6.592810153961182 | 0.13364005088806152,0.011758803389966488,-1.659116787777748e-05 | 0,0
11290 | 376.33335296064615 | 131.94024658203125,204.41525268554688,0.2944030165672302 | 0.06507621705532074,5.211737632751465,6.102498559812375e-07 | 0.7 | 0.00041114285704679787,-0.07585019618272781,-5.581728935241699 | 0.34982261061668396,0.012931822799146175,-1.830749533837661e-05 | 0,0
11300 | 376.6666863113642 | 131.95640563964844,206.154052734375,0.29438483715057373 | 0.08051825314760208,5.219864368438721,5.911795142310439e-07 | 0.9 | 0.003114087739959359,0.06563173979520798,-4.068904876708984 | 0.019507480785250664,0.027222631499171257,-4.977349453838542e-05 | 0,0
11310 | 377.0000196620822 | 131.9820556640625,207.89559936523438,0.2943762540817261 | 0.09688647091388702,5.228259563446045,-1.907030799941367e-08 | 1.1 | -0.0002780431823339313,-0.046001847833395004,-3.4440970420837402 | 0.17244724929332733,0.023131368681788445,7.151365571189672e-05 | 0,0
11320 | 377.3333530128002 | 132.01332092285156,209.63983154296875,0.29437488317489624 | 0.10556239634752274,5.236325740814209,1.7735386563799693e-06 | 1.2 | -0.0002223263873020187,-0.01334423664957285,-3.077146530151367 | 0.059949155896902084,0.023674963042140007,4.634084689314477e-05 | 0,0
11330 | 377.66668636351824 | 132.04818725585938,211.3866729736328,0.29437553882598877 | 0.112521693110466,5.244012355804443,-7.628122489222733e-07 | 1.2 | -0.0007172339828684926,-0.001679262612015009,-2.8914153575897217 | 0.03283314034342766,0.021100042387843132,-6.293200385698583e-06 | 0,0
11340 | 378.00001971423626 | 132.08604431152344,213.13584899902344,0.29437893629074097 | 0.121355339884758,5.2506303787231445,-1.8307495111002936e-06 | 1.3 | -0.00041172857163473964,-0.0012132547562941909,-2.8548126220703125 | 0.02095162682235241,0.0197982769459486,5.721095476474147e-06 | 0,0
11350 | 378.3333530649543 | 132.1262664794922,214.88731384277344,0.2943781316280365 | 0.1238824799656868,5.2578043937683105,-5.339686026673007e-07 | 1.3 | 0.0008720310288481414,0.009320249781012535,-2.6998207569122314 | -0.007055997382849455,0.022215841338038445,1.1442186860222137e-06 | 0,0
11360 | 378.6666864156723 | 132.1659393310547,216.6411895751953,0.2943783104419708 | 0.11373540759086609,5.265016555786133,-1.9833119040413294e-06 | 1.2 | 0.000310147472191602,0.015180743299424648,-2.3883073329925537 | -0.04557117447257042,0.02062797360122204,-3.77592041331809e-05 | 1,3
11370 | 379.0000197663903 | 132.20193481445312,218.14266967773438,0.30041763186454773 | 0.046533990651369095,2.768699884414673,-0.0010711409850046039 | 1.0 | -4.31640100479126,-0.08458291739225388,5.257242202758789 | -0.04477735236287117,-14.450139045715332,0.03474132716655731 | 1,3
11380 | 379.33335311710835 | 132.21548461914062,218.3861846923828,0.30587542057037354 | -9.44795974646695e-05,-0.007897445000708103,0.001037157722748816 | 0 | 2.8315324783325195,-0.01599637232720852,-0.00015575301949866116 | -0.005317998584359884,-0.039797231554985046,0.003461259650066495 | 1,3
11390 | 379.66668646782637 | 132.2155303955078,218.3904266357422,0.29709383845329285 | -0.00012087107461411506,-0.0045134155079722404,0.0003439711290411651 | 0 | 1.4413889646530151,-0.008608099073171616,5.8104025811189786e-05 | 0.000358226359821856,0.01840956322848797,-0.0025344437453895807 | 1,3
11400 | 380.0000198185444 | 132.21554565429688,218.3916015625,0.2945123314857483 | -6.355907771649072e-06,-0.0008956984966062009,1.0393318007118069e-05 | 0 | 0.27665603160858154,-0.0027634105645120144,-9.868239430943504e-06 | 9.969225175154861e-06,0.00538184680044651,-0.00028376615955494344 | 1,3
11410 | 380.3333531692624 | 132.21554565429688,218.3917694091797,0.294158935546875 | -2.4354528704861877e-06,-0.0001705315662547946,-5.320615400705719e-06 | 0 | 0.052397649735212326,-0.0010107096750289202,-2.023913339144201e-06 | 1.1682044714689255e-05,0.0003712479956448078,-5.720948479392973e-07 | 1,3
11420 | 380.66668651998043 | 132.21554565429688,218.391845703125,0.29406335949897766 | -8.725401130504906e-07,-4.1569895984139293e-05,-2.040522986135329e-06 | 0 | 0.012751799076795578,-0.00034679926466196775,-6.271496317822312e-07 | 3.106164058408467e-06,-3.011613262060564e-05,-1.3158516594558023e-05 | 1,3
11430 | 381.00001987069845 | 132.21554565429688,218.39187622070312,0.29403361678123474 | -4.0689135971661017e-07,-7.353700311796274e-06,5.14898317760526e-07 | 0 | 0.0022514828015118837,-0.00014339201152324677,-1.626958265887879e-07 | -6.810452759964392e-06,-7.361148163909093e-05,1.4874840417178348e-05 | 1,3
11440 | 381.3333532214165 | 132.21554565429688,218.3918914794922,0.29402559995651245 | 1.3403129628386523e-07,-4.671192073146813e-06,-1.8116792261935188e-06 | 0 | 0.0014335191808640957,2.752679938566871e-05,-4.6138261211581266e-08 | 1.4577648471458815e-05,2.039086029981263e-05,-9.15374948817771e-06 | 1,3
11450 | 381.6666865721345 | 132.21554565429688,218.3918914794922,0.29402339458465576 | 1.2256187176262756e-07,-1.3737812878389377e-06,-1.6400463209720328e-06 | 0 | 0.00042158691212534904,4.105455445824191e-05,-1.494320400752258e-08 | 2.4734570160944713e-06,7.4062240855710115e-06,-9.72585166891804e-06 | 1,3
11460 | 382.0000199228525 | 132.21554565429688,218.3918914794922,0.2940223515033722 | 2.629855373470491e-07,-4.3794292992060946e-07,-1.0870074902413762e-06 | 0 | 0.00013424149074126035,7.793614349793643e-05,8.74844907627903e-09 | 8.885677743819542e-06,1.0219869182037655e-06,-5.721090019505937e-06 | 1,3
11470 | 382.33335327357054 | 132.21554565429688,218.3918914794922,0.2940223515033722 | 2.2045101388812327e-07,-1.1751281903116251e-07,-3.623358395543619e-07 | 0 | 3.607602047850378e-05,5.8354595239507034e-05,1.8779141797153898e-08 | 8.053477358771488e-06,5.147803108229709e-07,-8.581638212490361e-06 | 1,3
11480 | 382.66668662428856 | 132.21554565429688,218.3918914794922,0.2940223515033722 | 2.4757218497484246e-08,-1.3241692187193621e-08,-1.1442184444376835e-07 | 0 | 4.042503405798925e-06,8.628454452264123e-06,8.87650508651916e-11 | 4.636551693693036e-07,-2.640369984874269e-07,-2.288436689923401e-06 | 1,3
11490 | 383.0000199750066 | 132.21554565429688,218.3918914794922,0.2940223515033722 | 1.1386520526457389e-07,6.758283266350418e-09,-4.386170644465892e-07 | 0 | -2.0827449134230847e-06,3.724658381543122e-05,4.907244388618892e-09 | -4.872209160566854e-07,1.7390634710068298e-08,-1.7163281427201582e-06 | 1,3
11500 | 383.3333533257246 | 132.21554565429688,218.3918914794922,0.2940223515033722 | -1.5447472634377846e-08,1.0530293081956188e-08,-6.483904826382059e-07 | 0 | -3.2269779239868512e-06,-5.2517716540023685e-06,3.1586860904653236e-10 | -1.9284600512037287e-06,9.562584182276623e-07,2.860544327631942e-06 | 1,3
11510 | 383.6666866764426 | 132.21554565429688,218.3918914794922,0.2940223515033722 | 4.330531933049997e-09,5.833368899033076e-09,-3.623358395543619e-07 | 0 | -1.788502686395077e-06,1.4748301282452303e-06,2.100129514737148e-10 | 9.930541722269481e-08,-9.254955912751939e-09,-1.1442178902143496e-06 | 1,3
11520 | 384.00002002716064 | 132.21554565429688,218.3918914794922,0.2940223515033722 | -5.0101878201758154e-08,-2.9676556323465775e-08,-4.386170644465892e-07 | 0 | 9.211156793753617e-06,-2.4731176381465048e-05,9.620817920108493e-09 | -1.2114741366531234e-05,-1.9629037524282467e-06,-1.144218367699068e-05 | 1,3
11530 | 384.33335337787867 | 132.21554565429688,218.3918914794922,0.2940223515033722 | 8.89774369738916e-08,-2.8377412419899883e-08,-2.479139880051662e-07 | 0 | 8.597517989983317e-06,2.910476177930832e-05,2.381727481903795e-09 | 4.50214770353341e-07,6.649629824551084e-08,-1.1442178902143496e-06 | 1,3
11540 | 384.6666867285967 | 132.21554565429688,218.3918914794922,0.2940223515033722 | -2.026856122938625e-07,-6.571363453389267e-09,-9.7258566711389e-07 | 0 | 2.0198308448016178e-06,-6.075917190173641e-05,-1.08225925998795e-08 | -1.3373758520174306e-05,5.5476885307825796e-08,-2.2884357804286992e-06 | 1,3
11550 | 385.0000200793147 | 132.21554565429688,218.3918914794922,0.2940223515033722 | -1.9225296910008183e-08,1.1650030273813172e-08,-6.483904826382059e-07 | 0 | -3.562171286830562e-06,-7.041021035547601e-06,4.867379277406769e-10 | 5.857209544046782e-07,1.9443109522399027e-06,7.437419299094472e-06 | 1,3
11560 | 385.33335343003273 | 132.21554565429688,218.3918914794922,0.2940223515033722 | -1.1944544908715216e-08,1.022948126205847e-08,-4.958279760103323e-07 | 0 | -3.131491439489764e-06,-4.44846045866143e-06,1.3230466722191636e-10 | -5.4060034671010726e-08,4.717796642239591e-08,-2.2884357804286992e-06 | 1,3
11570 | 385.66668678075075 | 132.21554565429688,218.3918914794922,0.2940223515033722 | -1.8297521720000987e-08,-4.603630365807021e-09,-3.2419524131910293e-07 | 0 | 1.4085707107369672e-06,-5.83886912863818e-06,-4.049720628285236e-11 | -4.098122644791147e-06,-6.326945367618464e-08,-2.2884373720444273e-06 | 1,3
11580 | 386.0000201314688 | 132.21554565429688,218.3918914794922,0.2940223515033722 | -4.273822185041354e-09,-3.4851821428816265e-09,-1.1442184444376835e-07 | 0 | 1.0642797860782593e-06,-1.5239404547173763e-06,-1.6135606739631214e-10 | -7.113807498626556e-08,-7.58495986019625e-08,-2.288436689923401e-06 | 1,3
11590 | 386.3333534821868 | 132.21554565429688,218.3918914794922,0.2940223515033722 | 6.241447181309923e-08,5.433437255675244e-09,-5.14898317760526e-07 | 0 | -1.5642297057638643e-06,1.454191624361556e-05,9.306501347339236e-09 | 4.357839600288571e-07,-8.354209057870321e-08,-1.1442186860222137e-06 | 1,3
11600 | 386.6666868329048 | 132.21554565429688,218.3918914794922,0.2940223515033722 | 4.914581186454825e-09,1.8584351835215784e-08,-1.0107263506142772e-06 | 0 | -5.700825113308383e-06,2.5839767658908386e-06,2.60515636840708e-10 | -2.3468753624911187e-06,9.04144201285817e-07,2.2884339614392957e-06 | 1,3
11610 | 387.00002018362284 | 132.21554565429688,218.3918914794922,0.2940223515033722 | -2.0169785841517296e-08,1.8515281752229384e-08,-8.390935590796289e-07 | 0 | -5.595510174316587e-06,-2.2956378415983636e-06,-2.4180795143990963e-09 | -4.738390089187305e-06,-1.2117079961626587e-07,-1.7163289385280223e-06 | 1,3
11620 | 387.33335353434086 | 132.21554565429688,218.3918914794922,0.2940223515033722 | -7.681633107381458e-09,5.490237597882697e-09,-2.6698430133365036e-07 | 0 | -1.5932903352222638e-06,1.192111881209712e-06,-2.5296331696011976e-09 | -3.5159803246642696e-07,2.2635692431549614e-08,-1.7163272332254564e-06 | 1,3
11630 | 387.6666868850589 | 132.21554565429688,218.3918914794922,0.2940223515033722 | -2.933670639748698e-09,2.366393525576882e-09,-1.1442184444376835e-07 | 0 | -7.22636229966156e-07,-1.0222668151982361e-06,1.1577168911036662e-11 | -5.494679200523933e-08,4.71806664847918e-08,-2.288436689923401e-06 | 1,3
11640 | 388.0000202357769 | 132.21554565429688,218.3918914794922,0.2940223515033722 | -1.9419022834199495e-08,1.2113284597603524e-08,-8.581638439864037e-07 | 0 | -3.7074805732117966e-06,-6.7733558353211265e-06,3.774475454410009e-10 | -1.8967243704537395e-06,9.706571972856182e-07,2.2884357804286992e-06 | 1,3
11650 | 388.3333535864949 | 132.21554565429688,218.3918914794922,0.2940223515033722 | -1.6253173029667778e-08,8.662516037816204e-09,-6.674607675449806e-07 | 0 | -2.6463133053766796e-06,-6.0726492847607005e-06,2.8664132178946033e-10 | 3.1221421892269063e-08,1.9472145140753128e-06,7.437419299094472e-06 | 1,3
11660 | 388.66668693721294 | 132.21554565429688,218.3918914794922,0.2940223515033722 | -1.0028740149436999e-07,9.322580041271067e-09,-4.576873777750734e-07 | 0 | -2.854724471035297e-06,-2.8759764973074198e-05,-6.463088730868094e-09 | -3.880379608744988e-06,1.9463234366412507e-06,7.437420208589174e-06 | 1,3
11670 | 389.00002028793097 | 132.21554565429688,218.3918914794922,0.2940223515033722 | -8.340512280824441e-09,7.084275832625053e-09,-2.8605461466213455e-07 | 0 | -2.167958882637322e-06,-3.0780222459725337e-06,8.417017083317546e-11 | -5.4062084586803394e-08,4.71785384092982e-08,-2.288436689923401e-06 | 1,3
11680 | 389.333353638649 | 132.21554565429688,218.3918914794922,0.2940223515033722 | -2.933670639748698e-09,2.366393747621487e-09,-1.1442184444376835e-07 | 0 | -7.22636229966156e-07,-1.0222668151982361e-06,1.1574390751389885e-11 | -5.494678845252565e-08,4.718067359021916e-08,-2.288436689923401e-06 | 1,3
11690 | 389.666686989367 | 132.21554565429688,218.3918914794922,0.2940223515033722 | 2.662039548795292e-07,6.975014787968803e-09,-8.009528755792417e-07 | 0 | -2.143520532627008e-06,7.93465442257002e-05,1.5993837365613217e-08 | 8.72841428645188e-06,-4.5403051984749254e-08,-1.7163272332254564e-06 | 1,3
11700 | 390.00002034008503 | 132.21554565429688,218.3918914794922,0.2940223515033722 | -2.2444453406933462e-08,9.442215898047834e-09,-6.674607675449806e-07 | 0 | -2.883214392568334e-06,-9.111229701375123e-06,-6.474933089695156e-11 | 1.0890689736697823e-06,9.8464352049632e-07,2.2884357804286992e-06 | 1,3
11710 | 390.33335369080305 | 132.21554565429688,218.3918914794922,0.2940223515033722 | -1.8282298341887326e-08,6.895966020437072e-09,-4.958279760103323e-07 | 0 | -2.0218847112118965e-06,-2.8348970317892963e-06,-2.497596796047219e-09 | -3.2148395234798954e-07,2.2775699548560624e-08,-1.7163272332254564e-06 | 1,3
11720 | 390.6666870415211 | 132.21554565429688,218.3918914794922,0.2940223515033722 | 2.5131985381676714e-08,5.6962456973508324e-09,-2.8605461466213455e-07 | 0 | -1.7524719169159653e-06,9.806539310375229e-06,6.411391556548907e-11 | 1.8806294121986866e-07,1.9501118941889217e-08,-2.288436689923401e-06 | 1,3
11730 | 391.0000203922391 | 132.21554565429688,218.3918914794922,0.2940223515033722 | -3.838122264454569e-09,3.1527067623216e-09,-9.535153111528416e-08 | 0 | -9.635258493290166e-07,-1.364822878713312e-06,2.5381459087259195e-11 | -4.901709260707321e-08,4.695892030781579e-08,-2.288436689923401e-06 | 1,3
11740 | 391.3333537429571 | 132.21554565429688,218.3918914794922,0.2940223515033722 | -1.5299473687946374e-08,1.0856139986969993e-08,-8.581638439864037e-07 | 0 | -3.3227790936507517e-06,-5.7254883358837105e-06,1.539504496106403e-10 | -5.577546247081955e-08,2.865283832420573e-08,-2.2884373720444273e-06 | 1,3
11750 | 391.66668709367514 | 132.21554565429688,218.3918914794922,0.2940223515033722 | 1.9029476661103217e-08,1.1049932524542783e-08,-6.293201408880122e-07 | 0 | -3.390375468370621e-06,7.4033646342286374e-06,2.264968212983831e-10 | 2.207144689236884e-07,3.8632187226994574e-08,-2.2884373720444273e-06 | 1,3
11760 | 392.00002044439316 | 132.21554565429688,218.3918914794922,0.2940223515033722 | -6.726315859850729e-08,7.1505903420643335e-09,-4.0047643778962083e-07 | 0 | -2.0931204289809102e-06,-2.0103418137296103e-05,-2.239076257737338e-09 | -3.6603012176783523e-06,1.8798640866179994e-08,-2.2884357804286992e-06 | 1,3
11770 | 392.3333537951112 | 132.21554565429688,218.3918914794922,0.2940223515033722 | -1.8929053879901403e-08,-2.5512425505525016e-09,-3.2419524131910293e-07 | 0 | 7.81152380113781e-07,-5.9766221056634095e-06,-2.413325268790789e-11 | -4.116893705941038e-06,-2.557703915329057e-08,-2.2884373720444273e-06 | 1,3
11780 | 392.6666871458292 | 132.21554565429688,218.3918914794922,0.2940223515033722 | 2.938000731589341e-09,-1.4183996199790272e-09,-1.1442184444376835e-07 | 0 | 4.3297717411405756e-07,1.0239954235657933e-06,1.482222330984051e-11 | 5.502223743292234e-08,-2.8283567488074368e-08,-2.288436689923401e-06 | 1,3
11790 | 393.0000204965472 | 132.21554565429688,218.3918914794922,0.2940223515033722 | 1.4932238556752964e-08,-1.0216701262777406e-08,-8.96304470643372e-07 | 0 | 3.1299014153773896e-06,5.578784112003632e-06,-2.1688852103185496e-10 | -2.502797258330247e-07,-7.03810287827622e-10,-2.288439191033831e-06 | 1,3
11800 | 393.33335384726524 | 132.21554565429688,218.3918914794922,0.2940223515033722 | 1.2114313108213537e-08,-7.864024986758977e-09,-7.05601394201949e-07 | 0 | 2.4073669919744134e-06,4.449124844541075e-06,-1.6002062175335396e-10 | -2.2659504850253143e-07,-1.9756940972115444e-08,-2.2884373720444273e-06 | 1,3
11810 | 393.66668719798326 | 132.21554565429688,218.3918914794922,0.2940223515033722 | -1.420357964576624e-08,8.646576787896265e-09,-4.767576911035576e-07 | 0 | -2.6473865091247717e-06,-5.3903877414995804e-06,1.4479464849337376e-10 | -2.0966959723978107e-08,2.813836985637863e-08,-2.2884373720444273e-06 | 1,3
11820 | 394.0000205487013 | 132.21554565429688,218.3918914794922,0.2940223515033722 | -2.4513937546544184e-07,-3.3466900362100205e-08,-4.386170644465892e-07 | 0 | 1.0034524166258052e-05,-6.384960579453036e-05,-2.3951285399448352e-08 | -1.743702705425676e-05,-1.9927761059079785e-06,4.576873379846802e-06 | 1,3
11830 | 394.3333538994193 | 132.21554565429688,218.3918914794922,0.2940223515033722 | 3.6606593312171753e-08,2.414378030834996e-09,-1.1442184444376835e-07 | 0 | -7.428576509482809e-07,1.2763312042807229e-05,7.422201742102175e-10 | 6.854394882793713e-07,4.8009788145009225e-08,-2.288436689923401e-06 | 1,3
11840 | 394.66668725013733 | 132.21554565429688,218.3918914794922,0.2940223515033722 | -1.3262020104320982e-07,-2.5024284866503876e-08,-9.7258566711389e-07 | 0 | 7.606126928294543e-06,-5.194621917326003e-05,3.2165297092490164e-09 | -1.0595957974146586e-05,-9.876782769424608e-07,-6.2932022046879865e-06 | 1,3
11850 | 395.00002060085535 | 132.21554565429688,218.3918914794922,0.2940223515033722 | -1.1934972121707688e-08,7.39557348694575e-09,-7.05601394201949e-07 | 0 | -2.262551106468891e-06,-4.454337613424286e-06,7.457547079869897e-11 | -9.071526818615894e-08,4.684749654870757e-08,-2.2884373720444273e-06 | 1,3
11860 | 395.3333539515734 | 132.21554565429688,218.3918914794922,0.2940223515033722 | -1.175547659215681e-08,6.765603632885586e-09,-4.958279760103323e-07 | 0 | -2.0695763396361144e-06,-4.355674263933906e-06,9.925239796704233e-11 | -3.215262367461946e-08,2.8204249602481468e-08,-2.2884357804286992e-06 | 1,3
11870 | 395.6666873022914 | 132.21554565429688,218.3918914794922,0.2940223515033722 | -6.439657695977985e-09,5.6690145910920364e-09,-2.8605461466213455e-07 | 0 | -1.7346444565191632e-06,-2.29042666433088e-06,1.3903372897416943e-10 | 2.272201271580343e-07,3.8658662049328996e-08,-2.288436689923401e-06 | 1,3
11880 | 396.0000206530094 | 132.21554565429688,218.3918914794922,0.2940223515033722 | 2.938000731589341e-09,-1.4183996199790272e-09,-1.1442184444376835e-07 | 0 | 4.3297717411405756e-07,1.0239954235657933e-06,1.4826251337751728e-11 | 5.502223743292234e-08,-2.8283567488074368e-08,-2.288436689923401e-06 | 1,3
11890 | 396.33335400372744 | 132.21554565429688,218.3918914794922,0.2940223515033722 | -6.406248331813913e-08,2.1316258980164093e-08,-5.911795142310439e-07 | 0 | -6.439275239245035e-06,-1.9422363038756885e-05,-2.1775719005745486e-09 | -2.071216613330762e-06,8.760089826864714e-07,3.4326562854403164e-06 | 0,0
11900 | 396.66668735444546 | 132.21531677246094,218.430419921875,0.29297494888305664 | -0.0027384618297219276,0.5047459602355957,-5.7783026932156645e-06 | 0 | 1.487034797668457,0.015509296208620071,0.054892536252737045 | -0.040122874081134796,6.790671348571777,-8.524425356881693e-05 | 0,0
11910 | 397.0000207051635 | 132.21389770507812,218.73248291015625,0.28976669907569885 | -0.00954070221632719,1.565292477607727,-4.187839658698067e-05 | 359.7 | 0.3751855492591858,0.0073482743464410305,0.16365833580493927 | -0.026791801676154137,3.1872830390930176,0.00021625723456963897 | 0,0
11920 | 397.3333540558815 | 132.21022033691406,219.4276123046875,0.2897524833679199 | -0.01693403720855713,2.537490129470825,9.821208550420124e-06 | 359.6 | -0.11930228024721146,0.013433109037578106,0.22636678814888 | -0.0484207421541214,2.7823588848114014,3.718710649991408e-05 | 0,0
11930 | 397.6666874065995 | 132.20425415039062,220.4051971435547,0.29099979996681213 | -0.022411687299609184,3.085611581802368,3.777827805606648e-05 | 359.6 | -0.8837928175926208,-0.015533526428043842,0.20888881385326385 | 0.006497315596789122,-0.04944562539458275,0.00011842657113447785 | 0,0
11940 | 398.00002075731754 | 132.19725036621094,221.42901611328125,0.2933571934700012 | -0.02407982386648655,3.0688281059265137,6.2359904404729605e-06 | 359.6 | -0.33638325333595276,-0.003610630752518773,0.16632921993732452 | -0.01094056200236082,-0.05029677972197533,-0.0001270082575501874 | 0,0
11950 | 398.33335410803556 | 132.18821716308594,222.62892150878906,0.2908521592617035 | -0.03401724994182587,4.117064952850342,-3.783548891078681e-05 | 359.5 | 0.5803676843643188,0.008406376466155052,0.1713934987783432 | -0.02307738922536373,2.9662082195281982,-7.837897283025086e-05 | 0,0
11960 | 398.6666874587536 | 132.17604064941406,224.1576385498047,0.2903396189212799 | -0.04158483445644379,4.956934928894043,3.680569307107362e-06 | 359.5 | -0.16539828479290009,-0.01004746463149786,0.10949863493442535 | -0.0012430920032784343,1.9931172132492065,0.00012643613445106894 | 0,0
11970 | 399.0000208094716 | 132.16197204589844,225.88633728027344,0.29269495606422424 | -0.04305790364742279,5.273055076599121,-0.0011789454147219658 | 359.5 | -0.7725539803504944,0.0072846864350140095,0.4362567961215973 | -0.010810530744493008,0.3327941596508026,-0.0019629052840173244 | 0,0
