Simulation Frame | Timestamp | Position | Velocity | Heading | Angular Velocity | Acceleration | Stopped at Red Light + Light ID 
10490 | 349.66668490320444 | 99.33228302001953,191.5634002685547,0.21452011168003082 | 1.4447733163833618,-0.012628300115466118,5.873654572496889e-06 | 90.5 | 0.005589133128523827,1.5027410984039307,0.07862405478954315 | -10.87314224243164,0.10930945724248886,-1.659117333474569e-05 | 0,0
10531 | 351.03335164114833 | 99.39227294921875,191.56288146972656,0.21450228989124298 | -9.449387107451912e-06,4.4641382146437536e-08,5.911795142310439e-07 | 0 | -2.695458533708006e-05,-0.007804440334439278,-4.151469852331502e-07 | -0.0002834815823007375,1.3392414075497072e-06,1.7735384972183965e-05 | 0,0
10573 | 352.433351714164 | 99.39229583740234,191.56288146972656,0.21448947489261627 | -1.2017289918730967e-07,-3.4610078358809915e-08,5.339686026673007e-07 | 0 | 2.1799845853820443e-05,-0.00010070588177768514,-3.0500244552200684e-09 | 2.3066176879638078e-07,-7.687378911214182e-07,1.2014292224193923e-05 | 0,0
10615 | 353.8333517871797 | 99.4015884399414,191.5628204345703,0.21446402370929718 | 0.0568840429186821,-0.0006184194353409111,1.8879603658206179e-06 | 0 | -0.0017730699619278312,0.0049782306887209415,-0.0007112534367479384 | 0.17981919646263123,-0.001553405774757266,-2.2884370991960168e-05 | 0,0
10653 | 355.1000185199082 | 101.91019439697266,191.54153442382812,0.21420875191688538 | 3.1707539558410645,-0.018549492582678795,-3.794991243921686e-06 | 90.3 | 0.012196308001875877,-0.41201674938201904,0.3518444895744324 | 3.748955488204956,0.01921936683356762,-4.176396760158241e-05 | 0,0
10694 | 356.4666852578521 | 104.29207611083984,191.5326690673828,0.21392130851745605 | 2.9867336750030518,-0.0016615685308352113,-5.14898317760526e-07 | 90.0 | 0.009376071393489838,-0.0038316959980875254,0.3086226284503937 | 3.120581865310669,0.018398098647594452,-1.3730621503782459e-05 | 0,0
10736 | 357.86668533086777 | 106.862060546875,191.5340118408203,0.21391768753528595 | 3.1671645641326904,0.00669179018586874,-1.1251480600549257e-06 | 89.9 | 0.0019180207746103406,0.0062032947316765785,0.2203272134065628 | 3.0359742641448975,0.010355183854699135,3.604288212954998e-05 | 0,0
10778 | 359.26668540388346 | 113.19224548339844,191.55946350097656,0.21482287347316742 | 5.133364200592041,0.027428818866610527,0.011651347391307354 | 89.7 | 0.0035180107224732637,-0.3881734013557434,0.100697822868824 | 3.082608938217163,0.03211883455514908,0.3495209515094757 | 0,0
10818 | 360.60001880675554 | 120.02413940429688,191.59559631347656,0.2149370163679123 | 5.0699968338012695,0.026778927072882652,0.001324184937402606 | 89.7 | 0.0009297535289078951,-0.07142044603824615,0.004723676480352879 | 0.38874146342277527,0.003116838401183486,-0.0247357077896595 | 0,0
10859 | 361.96668554469943 | 126.13349151611328,191.6266632080078,0.2150379866361618 | 2.4658470153808594,0.01104443147778511,0.0010047381510958076 | 89.7 | 0.007431020960211754,-1.1505597829818726,-0.022947141900658607 | 2.4335501194000244,0.009439866058528423,0.0005967076285742223 | 0,0
10901 | 363.3666856177151 | 131.85208129882812,191.64767456054688,0.2152312844991684 | 5.098326683044434,0.015284299850463867,-0.0005076134693808854 | 89.8 | 0.024222921580076218,0.13635364174842834,0.07067114859819412 | 0.24982450902462006,0.06031203642487526,-0.02289580926299095 | 0,0
10942 | 364.733352355659 | 138.7848358154297,191.6602325439453,0.2149415910243988 | 5.113344669342041,0.0034768444020301104,-3.470795945759164e-06 | 90.0 | -0.0006500359158962965,0.02791680209338665,-0.09312072396278381 | 0.043687816709280014,-0.012885394506156445,2.3456475901184604e-05 | 0,0
10981 | 366.0333524234593 | 145.46755981445312,191.659423828125,0.21494807302951813 | 5.152225017547607,-0.004353991709649563,-5.7210922221884175e-08 | 90.0 | 0.0015944009646773338,0.022547593340277672,-0.05501992627978325 | 0.03104209713637829,-0.003485865658149123,4.0047639231488574e-06 | 0,0
11023 | 367.433352496475 | 152.71910095214844,191.6501007080078,0.21494872868061066 | 5.190855979919434,-0.008309298194944859,6.293201408880122e-07 | 90.1 | 0.0008578405249863863,0.022654782980680466,-0.020674895495176315 | 0.025649068877100945,-0.0010736937401816249,-5.148981927050045e-06 | 0,0
11065 | 368.83335256949067 | 157.87904357910156,191.64132690429688,0.21444819867610931 | 2.348586320877075,-0.004433338530361652,0.0003378304827492684 | 90.1 | 0.0006053007091395557,-0.637156069278717,0.0014802733203396201 | 3.0092666149139404,-0.005399523768573999,-0.0017947067972272635 | 0,0
11106 | 370.20001930743456 | 163.55355834960938,191.63140869140625,0.2148355394601822 | 4.9769415855407715,-0.008696291595697403,-0.011362307704985142 | 90.1 | -0.00039007695158943534,0.13948696851730347,-0.0008479615207761526 | 0.4623126685619354,-0.0006168241961859167,-0.3068928122520447 | 0,0
16960 | 565.3333628177643 | 98.21775817871094,191.6149444580078,0.21431411802768707 | 2.5292766094207764,-0.026902200654149055,4.500592240219703e-06 | 90.6 | 0.0015010044444352388,0.2357506901025772,0.0033298011403530836 | -0.044782157987356186,-0.00010801478492794558,-6.235991168068722e-05 | 0,0
16998 | 566.6000295504928 | 100.4515609741211,191.59144592285156,0.2141539305448532 | 1.7132587432861328,-0.020150450989603996,-2.2884369172970764e-06 | 90.7 | 0.0006744260899722576,-0.41866976022720337,0.5662646293640137 | 3.4616122245788574,-0.03592695668339729,-3.2038115023169667e-05 | 0,0
17033 | 567.7666962780058 | 103.0998306274414,191.56382751464844,0.2146991640329361 | 1.5093591213226318,-0.012745143845677376,2.0977338408556534e-06 | 90.5 | -0.0007942487136460841,-0.23603910207748413,0.10378480702638626 | -0.456987589597702,0.013398722745478153,-0.0001041238647303544 | 0,0
17071 | 569.0333630107343 | 107.16845703125,191.54000854492188,0.2140614241361618 | 4.830074787139893,-0.013274977914988995,2.707983639993472e-06 | 90.2 | 0.0003285706043243408,0.18102151155471802,0.38361895084381104 | 1.110620379447937,0.02440446801483631,2.0023819160996936e-05 | 0,0
17110 | 570.3333630785346 | 113.67998504638672,191.5448760986328,0.21512794494628906 | 5.071041107177734,0.013910861685872078,-0.000664600171148777 | 89.8 | -0.006860561203211546,0.16620312631130219,0.1065942570567131 | -1.092166781425476,-0.01049154344946146,0.002846244489774108 | 0,0
17148 | 571.6000298112631 | 120.00901794433594,191.5676727294922,0.2144254595041275 | 4.247856140136719,0.017278939485549927,-0.0039960588328540325 | 89.8 | -0.007514877710491419,1.009692668914795,-0.004381741862744093 | -10.160550117492676,-0.04256676509976387,0.07942076027393341 | 0,0
17183 | 572.7666965387762 | 120.62117767333984,191.57032775878906,0.21455322206020355 | -7.859083416406065e-05,-3.9368660509353504e-07,1.0965426554321311e-05 | 0 | 0.0003629046259447932,-0.06582673639059067,-1.5727945879007166e-07 | -5.372057421482168e-05,-2.0989527911297046e-06,1.487482131778961e-05 | 0,0
17222 | 574.0666966065764 | 120.6213150024414,191.57032775878906,0.21449001133441925 | -7.527597745138337e-07,1.2075691557811297e-08,5.14898317760526e-07 | 0 | -1.1958645700360648e-05,-0.0006272225873544812,-3.3176545954916037e-09 | 4.717923900443566e-07,1.712022253741452e-06,-1.144218367699068e-05 | 0,0
17256 | 575.2000299990177 | 120.6213150024414,191.57032775878906,0.2144889384508133 | -7.626875131450106e-09,4.871510417281399e-10,0.0 | 0 | -5.867660206604342e-07,-6.261008365981979e-06,-2.577623114952132e-10 | -1.50380842001141e-07,7.41195238518344e-09,0.0 | 0,0
17294 | 576.4666967317462 | 120.6213150024414,191.57032775878906,0.2144889384508133 | 5.4287779827078e-10,3.275927307200277e-10,1.7163276311293885e-07 | 0 | 1.7655993644893897e-07,4.569685927435785e-07,-1.8269235083079316e-11 | 1.63606834746588e-08,-3.681298608171346e-07,2.2884369172970764e-06 | 0,0
17332 | 577.7333634644747 | 120.6213150024414,191.57032775878906,0.2144889384508133 | 1.5439252099014311e-09,2.027293222184312e-09,1.7163276311293885e-07 | 0 | -2.830115874985495e-07,1.303226326854201e-06,-9.563688729841147e-11 | -4.918358058603189e-07,9.7361805728724e-07,-4.576873834594153e-06 | 0,0
17371 | 579.033363532275 | 120.6213150024414,191.57032775878906,0.2144889384508133 | 2.289323036697155e-10,9.298520287082113e-10,3.2419524131910293e-07 | 0 | -1.140460199167137e-06,1.9207493551220978e-07,-4.551141581654594e-12 | -4.724078017659394e-09,1.1942765887340556e-08,2.2884373720444273e-06 | 0,0
17410 | 580.3333636000752 | 122.56138610839844,191.5758514404297,0.21436209976673126 | 2.5269601345062256,0.007384844124317169,1.5065542129377718e-06 | 89.8 | -0.0012181331403553486,0.17663343250751495,0.026861581951379776 | -0.04468917474150658,0.0021622374188154936,-2.002382097998634e-05 | 0,0
17446 | 581.5333636626601 | 127.59896087646484,191.71331787109375,0.21458087861537933 | 4.701786994934082,1.4121636152267456,-0.007894572801887989 | 73.3 | 4.831610679626465,0.7909910678863525,42.75688171386719 | -4.289073467254639,9.414066314697266,0.10781515389680862 | 0,0
17484 | 582.8000303953886 | 131.53372192382812,195.7644805908203,0.21456298232078552 | 0.5653814673423767,4.710057735443115,-0.0004089245921932161 | 6.8 | 1.3533052206039429,2.90024995803833,68.31062316894531 | -8.439493179321289,1.184177279472351,-0.0019949444103986025 | 0,0
17523 | 584.1000304631889 | 132.24801635742188,201.44656372070312,0.21426264941692352 | 0.16407407820224762,4.944069862365723,1.7086995285353623e-05 | 1.9 | -0.09965457022190094,-0.23930567502975464,7.696577548980713 | 0.21876229345798492,0.6856727004051208,-0.00013787831994704902 | 0,0
17562 | 585.4000305309892 | 132.28936767578125,206.7992401123047,0.21418212354183197 | -0.04706113785505295,4.658709526062012,-2.822405576807796e-06 | 359.4 | 0.03752920404076576,0.017410771921277046,1.5240010023117065 | -0.20837029814720154,1.541833758354187,-2.574491736595519e-05 | 0,0
17598 | 586.600030593574 | 132.2101287841797,212.64227294921875,0.21447502076625824 | -0.0758015513420105,4.8898468017578125,9.344450404569216e-07 | 359.1 | 0.0006763192941434681,-0.011688775382936,0.1180204227566719 | 0.031703706830739975,0.03051280789077282,4.519662616075948e-05 | 0,0
17636 | 587.8666973263025 | 132.1254119873047,218.18325805664062,0.2159654200077057 | -0.00966611597687006,0.6896796226501465,-5.703928763978183e-05 | 0 | -1.2489103078842163,-0.011598366312682629,-0.045974332839250565 | 0.22112087905406952,-15.354183197021484,-0.00017449331062380224 | 1,3
17675 | 589.1666973941028 | 132.125244140625,218.19500732421875,0.21450774371623993 | 4.1079141510635964e-07,-2.8312037102296017e-05,-1.029796635521052e-06 | 0 | 0.02367894910275936,0.00038117897929623723,6.203301836649189e-07 | 7.303656843760109e-07,9.481279994361103e-05,5.72109183849534e-06 | 1,3
17714 | 590.4666974619031 | 132.12522888183594,218.19505310058594,0.21448898315429688 | 1.1367219165947517e-08,-2.1263306848595676e-07,-4.576873777750734e-07 | 0 | 0.00017940723046194762,-2.725705371631193e-06,8.872240719881574e-09 | -6.470442031059065e-07,1.090724254027009e-06,-6.293201295193285e-06 | 1,3
17751 | 591.7000308595598 | 132.12522888183594,218.19505310058594,0.21448898315429688 | 1.4134845294222487e-08,-2.088443373793325e-08,-1.907030799941367e-08 | 0 | 1.701228211459238e-05,6.09192738920683e-07,-1.3222418715486128e-09 | -2.9066054452187018e-08,-1.5950599063785376e-08,0.0 | 1,3
17790 | 593.0000309273601 | 132.125244140625,218.19505310058594,0.21448852121829987 | 7.989270356389966e-10,2.0513901688445912e-09,1.907030799941367e-08 | 0 | -1.7122580402428866e-06,1.4116004649622482e-06,-8.715813661075433e-12 | -2.7258093560078578e-09,1.171866159666024e-08,0.0 | 1,3
17828 | 594.2666976600885 | 132.12522888183594,218.19505310058594,0.21448852121829987 | -7.141647828667885e-10,1.7903468707558545e-09,1.907030799941367e-08 | 0 | -1.4942545476515079e-06,-4.78585036489676e-07,-2.909312547816345e-11 | -1.6495871335564516e-08,-2.488219408292025e-09,0.0 | 1,3
17866 | 595.533364392817 | 132.12522888183594,218.19505310058594,0.21448852121829987 | -2.1840905972680957e-08,7.74258346325496e-09,1.7163276311293885e-07 | 0 | -5.988920293020783e-06,-1.1807755072368309e-05,1.5739695102823248e-09 | -1.317520059274102e-06,4.6591964064646163e-07,6.865310297143878e-06 | 1,3
17901 | 596.7000311203301 | 132.12522888183594,218.19505310058594,0.21448852121829987 | 7.657848799524913e-10,1.6986616557801426e-09,1.907030799941367e-08 | 0 | -1.4186159660312114e-06,1.3944561487733154e-06,-4.367502453445082e-12 | 4.4532356469062506e-08,1.2093812173930019e-08,0.0 | 1,3
17939 | 597.9666978530586 | 132.12522888183594,218.19505310058594,0.21448852121829987 | 7.109825173046147e-09,-7.690593051279393e-09,-3.814061599882734e-08 | 0 | 6.332666089292616e-06,1.0414845746709034e-05,8.764401704386415e-11 | -3.622629378696729e-07,-5.75217162790409e-09,0.0 | 1,3
17976 | 599.2000312507153 | 132.12522888183594,218.19505310058594,0.21448852121829987 | -1.4107928159035055e-09,1.940481553219797e-09,1.907030799941367e-08 | 0 | -1.6111898730741814e-06,-1.6171263723663287e-06,-3.108062418544222e-11 | -1.6493419963126144e-08,-2.488196093608508e-09,0.0 | 1,3
18014 | 600.4666979834437 | 132.12522888183594,218.19505310058594,0.21448852121829987 | -3.7137065644898826e-10,-9.345972884489129e-10,1.907030799941367e-08 | 0 | 7.889443054409639e-07,-5.372274358705909e-07,3.561253722472735e-11 | -2.7279642988986552e-09,1.171884189687944e-08,0.0 | 1,3
18049 | 601.6333647109568 | 132.12522888183594,218.19505310058594,0.21448852121829987 | 5.320300311417725e-10,1.305144325947083e-09,1.907030799941367e-08 | 0 | -1.0874512099690037e-06,9.653628012529225e-07,2.365960509106979e-12 | -3.945182402986802e-09,1.170785246529249e-08,0.0 | 1,3
18087 | 602.9000314436853 | 132.12522888183594,218.19505310058594,0.21448852121829987 | -3.6141900583430697e-09,-3.688489791375815e-11,1.907030799941367e-08 | 0 | 6.30068726081845e-08,-5.317459454090567e-06,1.6578593966393163e-12 | -1.529554971568814e-08,4.229137040567821e-09,0.0 | 1,3
18124 | 604.133364841342 | 132.12522888183594,218.19505310058594,0.21448852121829987 | -6.397618546039041e-10,2.546966859640065e-09,1.907030799941367e-08 | 0 | -2.1083019419165794e-06,-9.376612410960661e-07,-1.557949776131995e-11 | -2.725814463033771e-09,1.1718651826697624e-08,0.0 | 1,3
18160 | 605.3333649039268 | 132.12522888183594,218.19505310058594,0.21448852121829987 | -1.7318111389386104e-09,-3.329919950889604e-10,1.907030799941367e-08 | 0 | 2.9990593475304195e-07,-3.2944187751127174e-06,-8.62401643153543e-12 | 2.5937456626934363e-08,-7.1578911686742686e-09,0.0 | 1,3
