Simulation Frame | Timestamp | Position | Velocity | Heading | Angular Velocity | Acceleration | Stopped at Red Light + Light ID 
7360 | 245.33334612846375 | 169.19058227539062,187.60340881347656,0.19687819480895996 | -2.087745189666748,0.03409400209784508,9.535153822071152e-07 | 270.9 | -0.00033750972943380475,-0.07677342742681503,0.011745939962565899 | -4.0655059814453125,0.06478685140609741,-2.4600696633569896e-05 | 0,0
7370 | 245.66667947918177 | 168.20079040527344,187.6194610595703,0.196858212351799 | -3.2001969814300537,0.05102130398154259,-2.135874410669203e-06 | 270.9 | 0.0007041826611384749,0.04040437564253807,0.034309178590774536 | -2.7139947414398193,0.04612929746508598,-2.6889130822382867e-05 | 0,0
7380 | 246.0000128298998 | 167.34762573242188,187.63282775878906,0.19583968818187714 | -2.009971857070923,0.030230876058340073,-1.2243137462064624e-05 | 270.9 | 0.0066767167299985886,0.47532787919044495,0.03632132336497307 | 7.31301736831665,-0.11836107075214386,-3.775921504711732e-05 | 0,0
7390 | 246.3333461806178 | 166.77243041992188,187.64141845703125,0.19573882222175598 | -1.9869123697280884,0.02822612039744854,7.322998044401174e-06 | 270.8 | -0.00342532224021852,-0.28746408224105835,0.08487183600664139 | -3.250196933746338,0.040626466274261475,2.8033344278810546e-05 | 0,0
7400 | 246.66667953133583 | 165.92481994628906,187.6533966064453,0.19657394289970398 | -3.093400478363037,0.03938112035393715,3.7187098769209115e-06 | 270.7 | 0.00012602606147993356,-0.08485545217990875,0.18454331159591675 | -2.726011037826538,0.020155681297183037,-1.5446950783370994e-05 | 0,0
7410 | 247.00001288205385 | 165.00205993652344,187.6651153564453,0.19580665230751038 | -1.901302456855774,0.02058686874806881,-1.1918941709154751e-05 | 270.6 | 0.0031032790429890156,0.4488776624202728,0.14521630108356476 | 7.286499500274658,-0.09109345823526382,-3.3754429750842974e-05 | 0,0
7420 | 247.33334623277187 | 164.46388244628906,187.67112731933594,0.1957368403673172 | -1.8721914291381836,0.01837308146059513,9.058396244654432e-06 | 270.6 | -0.002640676684677601,-0.2879308760166168,0.17010021209716797 | -3.186063528060913,0.041168272495269775,0.00011613816604949534 | 0,0
7430 | 247.6666795834899 | 163.64556884765625,187.67916870117188,0.19659389555454254 | -2.9289867877960205,0.02319834940135479,4.176397396804532e-06 | 270.5 | -0.0009163510985672474,-0.10396159440279007,0.3059251308441162 | -2.7916715145111084,0.030750295147299767,1.1442169807196478e-06 | 0,0
7440 | 248.00001293420792 | 162.6784210205078,187.6869354248047,0.1960214227437973 | -2.3029680252075195,0.012620849534869194,-9.363520803162828e-06 | 270.3 | 0.0010419707978144288,0.36325982213020325,0.26592040061950684 | 3.8973281383514404,-0.04504822939634323,-5.7210920203942806e-05 | 0,0
7450 | 248.33334628492594 | 161.85777282714844,187.6917724609375,0.19611579179763794 | -2.8072574138641357,0.010730445384979248,4.252678536431631e-06 | 270.2 | -0.0014601328875869513,-0.1796959936618805,0.339198499917984 | -2.5626823902130127,0.030093573033809662,6.865315754112089e-06 | 0,0
7460 | 248.66667963564396 | 160.77000427246094,187.69635009765625,0.1965843141078949 | -3.675593852996826,0.006966542452573776,2.8414758617145708e-06 | 270.1 | 0.00162079359870404,-0.062000077217817307,0.4212459921836853 | -2.5737617015838623,-0.022264527156949043,5.8927245845552534e-05 | 0,0
7470 | 249.00001298636198 | 159.40289306640625,187.698974609375,0.19664783775806427 | -4.4378767013549805,-0.0030495859682559967,-8.581638439864037e-07 | 270.0 | 0.00432064151391387,0.026245709508657455,0.5008307099342346 | -1.7140530347824097,-0.09669478237628937,-7.437419299094472e-06 | 0,0
7480 | 249.33334633708 | 158.04742431640625,187.69837951660156,0.19572527706623077 | -3.350555419921875,-0.009517496451735497,-1.067937228071969e-05 | 269.8 | -0.0006873901002109051,0.2932502329349518,0.33730295300483704 | 2.9317328929901123,-0.023925134912133217,-5.1489849283825606e-05 | 0,0
7490 | 249.66667968779802 | 156.89682006835938,187.69580078125,0.1959923505783081 | -3.7364184856414795,-0.014467189088463783,7.437419753841823e-06 | 269.8 | 0.0015345796709880233,-0.20230542123317719,0.3160170614719391 | -2.260300874710083,-0.025658540427684784,5.3206160373520106e-05 | 0,0
7500 | 250.00001303851604 | 155.52001953125,187.69107055664062,0.19648388028144836 | -4.440952301025391,-0.021603543311357498,1.1442184586485382e-06 | 269.7 | 0.0014068455202504992,-0.037359777837991714,0.2910991907119751 | -1.5601013898849487,-0.05288902297616005,-5.949935439275578e-05 | 0,0
7510 | 250.33334638923407 | 153.83554077148438,187.68321228027344,0.19630442559719086 | -4.638605117797852,-0.026859326288104057,-3.661499022200587e-06 | 269.7 | 0.0001142002729466185,0.07775609195232391,0.21825434267520905 | 0.07009505480527878,-0.03515325114130974,-4.576873470796272e-05 | 0,0
7520 | 250.6666797399521 | 152.2986297607422,187.6746826171875,0.19609420001506805 | -4.585209369659424,-0.027763105928897858,-7.437419640154985e-07 | 269.7 | -0.0020858373027294874,0.02747955173254013,0.1267135888338089 | 0.12652872502803802,0.006062853615731001,-5.72109183849534e-06 | 0,0
7530 | 251.0000130906701 | 150.92550659179688,187.66647338867188,0.1960674226284027 | -4.576749324798584,-0.028548464179039,-4.0047643778962083e-07 | 269.6 | -0.0015989206731319427,-0.003453476121649146,0.07811307162046432 | -0.029840467497706413,0.006974972318857908,-2.8605458282982e-05 | 0,0
7540 | 251.33334644138813 | 149.39697265625,187.65695190429688,0.19608698785305023 | -4.594672679901123,-0.029139097779989243,7.437419640154985e-07 | 269.6 | -0.0006030265358276665,-0.003858203301206231,0.04199545085430145 | -0.05491733178496361,0.008563118986785412,1.1442169807196478e-06 | 0,0
7550 | 251.66667979210615 | 147.86265563964844,187.64727783203125,0.19609244167804718 | -4.609744548797607,-0.029239600524306297,4.958279760103323e-07 | 269.6 | -0.00034820972359739244,1.6757403500378132e-05,0.018925322219729424 | -0.03902434930205345,0.005231201183050871,1.6019057511584833e-05 | 0,0
7560 | 252.00001314282417 | 146.3238983154297,187.63755798339844,0.1960911899805069 | -4.622140407562256,-0.029156014323234558,6.483904826382059e-07 | 269.6 | 3.0032779250177555e-05,0.00029244477627798915,0.005366072990000248 | -0.03703593835234642,-0.001328028622083366,0.0 | 0,0
7570 | 252.3333464935422 | 144.62652587890625,187.6268310546875,0.19609057903289795 | -4.63545560836792,-0.029179982841014862,1.029796635521052e-06 | 269.6 | 1.3522037988877855e-05,0.00015497076674364507,0.0016628431621938944 | -0.03471850976347923,-3.24100233228819e-06,2.3456477720174007e-05 | 0,0
7580 | 252.66667984426022 | 143.07936096191406,187.61705017089844,0.19609011709690094 | -4.6468119621276855,-0.02880081906914711,-4.1954677953981445e-07 | 269.6 | -0.00015826962771825492,9.108459926210344e-05,-0.008352725766599178 | -0.033774372190237045,0.0023108345922082663,-1.2014293133688625e-05 | 0,0
7590 | 253.00001319497824 | 141.68373107910156,187.6086883544922,0.1960899382829666 | -4.656940460205078,-0.025405513122677803,1.8498197960070684e-06 | 269.7 | -0.00018697157793212682,8.012846228666604e-05,-0.08013338595628738 | -0.0327300988137722,0.0009045749320648611,3.8903424865566194e-05 | 0,0
7600 | 253.33334654569626 | 140.13241577148438,187.64002990722656,0.19607539474964142 | -4.6274003982543945,0.4462948441505432,-1.220499711962475e-06 | 275.5 | -0.368436336517334,0.01971190609037876,-9.815485000610352 | 0.624046266078949,4.540279388427734,1.7163276424980722e-05 | 0,0
7610 | 253.66667989641428 | 138.6207733154297,187.88902282714844,0.19598685204982758 | -4.363138198852539,1.5021021366119385,-4.576873834594153e-06 | 289.0 | -0.09201595932245255,0.03314049169421196,-27.067502975463867 | -0.28484341502189636,0.5722617506980896,-2.2884476038598223e-06 | 0,0
7620 | 254.0000132471323 | 137.06263732910156,188.50613403320312,0.19596900045871735 | -3.9767637252807617,2.4612834453582764,9.153747555501468e-07 | 301.8 | -0.09404662996530533,0.04037705808877945,-31.533830642700195 | 2.6726815700531006,4.1224260330200195,-2.4600694814580493e-05 | 0,0
7630 | 254.33334659785032 | 135.76730346679688,189.3367919921875,0.19594348967075348 | -3.3905465602874756,3.2308406829833984,-1.659116833252483e-06 | 313.6 | -0.18719281256198883,0.14493246376514435,-34.49116516113281 | 4.48164176940918,4.058131694793701,-4.920139326713979e-05 | 0,0
7640 | 254.66667994856834 | 134.7495574951172,190.2821502685547,0.19596430659294128 | -3.0314834117889404,3.6200997829437256,4.042905402457109e-06 | 320.1 | -0.03388413414359093,0.022124869748950005,-28.256977081298828 | 3.6813137531280518,2.7794764041900635,-6.293200567597523e-05 | 0,0
7650 | 255.00001329928637 | 133.71035766601562,191.629638671875,0.19594870507717133 | -2.244645357131958,4.158281326293945,-9.535153111528416e-08 | 331.6 | 0.06420033425092697,-0.09309765696525574,-29.902494430541992 | 0.9200190901756287,0.7733487486839294,2.803335155476816e-05 | 0,0
7660 | 255.3333466500044 | 133.04721069335938,192.86355590820312,0.19596675038337708 | -1.6337754726409912,4.43988037109375,-4.386170644465892e-07 | 339.8 | -0.009006139822304249,0.019727559760212898,-28.73625373840332 | 2.0457277297973633,0.8378362059593201,-2.174014844058547e-05 | 0,0
7670 | 255.6666800007224 | 132.5299835205078,194.3353729248047,0.1959836483001709 | -0.9828565120697021,4.6554484367370605,1.353991819996736e-06 | 348.1 | 0.00690689729526639,-0.03625054284930229,-26.489439010620117 | 1.9832180738449097,0.4964160621166229,4.176396760158241e-05 | 0,0
7680 | 256.00001335144043 | 132.24447631835938,195.87611389160156,0.19599151611328125 | -0.3224390745162964,4.76439905166626,-6.674607675449806e-07 | 356.1 | 0.023133743554353714,-0.155659019947052,-24.55378532409668 | 0.18109916150569916,0.21647928655147552,-2.7461241188575514e-05 | 0,0
7690 | 256.33334670215845 | 132.07020568847656,197.6151580810547,0.196049302816391 | -0.15837670862674713,4.786835193634033,-8.772341288931784e-07 | 358.1 | 0.002541853114962578,-0.05296860635280609,-14.013407707214355 | 0.526756763458252,0.0294113140553236,-3.775920777115971e-05 | 0,0
7700 | 256.6666800528765 | 132.00340270996094,199.04830932617188,0.19606852531433105 | -0.06815356761217117,4.795650959014893,-2.288436888875367e-07 | 359.2 | -0.000891387346200645,-0.05762341991066933,-8.523826599121094 | 0.22052763402462006,0.0322723351418972,-1.4302730050985701e-05 | 0,0
7710 | 257.0000134035945 | 131.97940063476562,200.80714416503906,0.19608192145824432 | 0.07307139039039612,4.807873249053955,4.576873777750734e-07 | 0.9 | -0.002247416879981756,0.003751895157620311,-5.938330173492432 | 0.7279242277145386,0.024418829008936882,4.004764195997268e-05 | 0,0
7720 | 257.3333467543125 | 131.98643493652344,202.25128173828125,0.19608882069587708 | 0.07947050034999847,4.820740222930908,8.200231604860164e-07 | 0.9 | -0.0010562677634879947,-0.03589417040348053,-3.1426165103912354 | -0.06631582230329514,0.04467486962676048,4.519662252278067e-05 | 0,0
7730 | 257.66668010503054 | 132.0077362060547,203.85177612304688,0.19603301584720612 | 0.08221442997455597,4.625474452972412,-2.002382188948104e-06 | 1.0 | 0.11374443769454956,-0.016696255654096603,-1.3582899570465088 | 0.07930732518434525,-3.536381483078003,-3.032178574358113e-05 | 0,0
7740 | 258.00001345574856 | 132.0249481201172,204.9928436279297,0.1948888748884201 | 0.03836137801408768,2.184079170227051,-1.1537536011019256e-05 | 1.0 | 0.2632477581501007,-0.009007244370877743,-0.3381906747817993 | -0.14419767260551453,-7.311136245727539,8.009518751350697e-06 | 0,0
7750 | 258.3333468064666 | 132.03598022460938,205.6839599609375,0.19563300907611847 | 0.04081053286790848,2.3815531730651855,1.3635270079248585e-05 | 1.0 | -0.37438324093818665,0.010950803756713867,-0.1949194222688675 | 0.14504770934581757,2.8165767192840576,4.0047593756753486e-06 | 0,0
7760 | 258.6666801571846 | 132.05137634277344,206.6375274658203,0.19652625918388367 | 0.055986080318689346,3.2695958614349365,4.939209702570224e-06 | 1.0 | -0.09410543739795685,0.004296878818422556,-0.18693983554840088 | 0.04388730600476265,2.020897626876831,4.691295180236921e-05 | 0,0
7770 | 259.0000135079026 | 132.06527709960938,207.4957733154297,0.19546687602996826 | 0.026078658178448677,1.552351474761963,-1.4398081475519575e-05 | 1.0 | 0.37715303897857666,-0.0045706420205533504,-0.06038782000541687 | -0.06981822848320007,-6.194690227508545,-6.69367509544827e-05 | 0,0
7780 | 259.33334685862064 | 132.07191467285156,207.9115447998047,0.19576339423656464 | 0.028176452964544296,1.7182968854904175,1.214778603753075e-05 | 0.9 | -0.3986605107784271,0.0010815877467393875,-0.27534571290016174 | 0.06334086507558823,3.834768295288086,2.231228609161917e-05 | 0,0
7790 | 259.66668020933867 | 132.08436584472656,208.6856231689453,0.19667880237102509 | 0.044758446514606476,2.816439151763916,3.585217882573488e-06 | 0.9 | -0.08751396834850311,-8.219308801926672e-05,0.002686023013666272 | 0.029682664200663567,2.8581759929656982,-3.0893894290784374e-05 | 0,0
7800 | 260.0000135600567 | 132.1000213623047,209.66526794433594,0.19618457555770874 | 0.03792213276028633,2.3815739154815674,-8.429075933236163e-06 | 0.9 | 0.4399080276489258,-0.006190521642565727,-0.017042575404047966 | -0.1043282002210617,-6.731378555297852,-3.146601011394523e-05 | 0,0
7810 | 260.3333469107747 | 132.10888671875,210.22409057617188,0.1955380141735077 | 0.02810952626168728,1.7682099342346191,5.320615400705719e-06 | 0.9 | -0.25942328572273254,0.003962956368923187,0.00869823805987835 | 0.04400023818016052,2.772052049636841,9.096534631680697e-05 | 0,0
7820 | 260.66668026149273 | 132.119384765625,210.8900146484375,0.19607718288898468 | 0.02637774869799614,1.6734342575073242,-2.8605461466213455e-07 | 0.9 | 0.24008791148662567,-0.009471792727708817,-0.34962669014930725 | -0.09125562012195587,-6.061098098754883,-7.437419117195532e-05 | 0,0
7830 | 261.00001361221075 | 132.12088012695312,210.9711456298828,0.19518263638019562 | -1.7480433598393574e-06,-0.00011937926319660619,1.926101049321005e-06 | 0 | -0.2100021094083786,0.0032291642855852842,5.027215593145229e-06 | -2.119505006703548e-05,-0.0005924278520978987,9.382590360473841e-05 | 0,0
7840 | 261.3333469629288 | 132.12088012695312,210.97085571289062,0.19574089348316193 | -1.2244939853189862e-06,-6.0619589930865914e-05,4.2145379666180816e-06 | 0 | -0.101582832634449,0.0015283944085240364,8.532077231393487e-07 | -1.0540125003899448e-05,-5.1390339649515226e-05,2.8033358830725774e-05 | 0,0
7850 | 261.6666803136468 | 132.12086486816406,210.97071838378906,0.1959795355796814 | -1.5179020351752115e-07,-1.1187179552507587e-05,7.05601394201949e-07 | 0 | -0.018627576529979706,0.0002566172042861581,3.586335850513933e-08 | -9.150665505330835e-07,-8.352721488336101e-05,3.2038115023169667e-05 | 0,0
7860 | 262.0000136643648 | 132.12086486816406,210.97067260742188,0.19604861736297607 | -7.194866213922069e-08,-6.828444384154864e-06,1.659116833252483e-06 | 0 | -0.01108737662434578,0.00015807576710358262,1.0396468752560395e-07 | 1.2213801880989195e-07,3.0174467610777356e-05,3.37544443027582e-05 | 0,0
7870 | 262.33334701508284 | 132.12086486816406,210.97067260742188,0.1960630714893341 | -1.1309350789190376e-08,-1.9995266029582126e-06,1.3349215066682518e-07 | 0 | -0.0032488445285707712,5.338048140401952e-05,2.795936460131543e-08 | 2.2615228090216988e-07,6.8177787397871725e-06,-1.7735384972183965e-05 | 0,0
7880 | 262.66668036580086 | 132.12086486816406,210.9706573486328,0.1960679590702057 | 2.4458937986082674e-08,-5.328220140654594e-07,5.7210922221884175e-08 | 0 | -0.0008661536267027259,2.8141917027824093e-06,9.540213063985448e-09 | 1.0279661637468962e-06,1.1729854350051028e-06,-1.0297964763594791e-05 | 0,0
7890 | 263.0000137165189 | 132.12086486816406,210.9706573486328,0.19606903195381165 | -4.309920242917542e-08,-1.2578097141613398e-07,1.907030799941367e-08 | 0 | -0.00020681617024820298,4.1267427150160074e-05,-2.6104376438240706e-09 | -1.9266428807895863e-06,-9.400095990486079e-08,-6.293200840445934e-06 | 0,0
7900 | 263.3333470672369 | 132.12086486816406,210.9706573486328,0.19606903195381165 | 3.9692760189780074e-09,-2.3006807126080275e-08,-9.535153111528416e-08 | 0 | -3.8022415537852794e-05,-1.1178100066899788e-05,2.3665869264277717e-10 | 4.7304376948886784e-07,-2.71789048156279e-07,-4.004764377896208e-06 | 0,0
7910 | 263.6666804179549 | 132.12086486816406,210.9706573486328,0.19607006013393402 | 2.4592992531324853e-08,-1.964386875386026e-08,7.246716791087238e-07 | 0 | -3.213006857549772e-05,-1.9283123037894256e-05,3.1117719512252506e-10 | -1.1930721965924818e-09,-1.138408194378826e-07,1.7163272332254564e-06 | 0,0
7920 | 264.00001376867294 | 132.12086486816406,210.9706573486328,0.19607006013393402 | 1.0333105926463304e-08,-3.931412084767771e-09,1.9070306223056832e-07 | 0 | -7.718776032561436e-06,-3.245018524467014e-05,5.459230845161755e-10 | 4.910699544780073e-07,-1.2742453314729119e-08,-1.544694896438159e-05 | 0,0
7930 | 264.33334711939096 | 132.12086486816406,210.9706573486328,0.19607006013393402 | 4.885210458382971e-09,-5.1508837195513024e-09,2.0977338976990723e-07 | 0 | -8.388933565584011e-06,-3.7321256058930885e-06,8.218425939787721e-11 | -7.548560887471467e-09,-1.103741009700343e-08,0.0 | 0,0
7940 | 264.666680470109 | 132.12086486816406,210.9706573486328,0.19607006013393402 | -8.393851835819532e-09,-6.155683185404826e-10,1.7163276311293885e-07 | 0 | -1.1250341458435287e-06,7.197544618975371e-06,-1.5849378753873822e-10 | -9.434410230824142e-08,-4.440773970770806e-09,1.1442183449617005e-06 | 0,0
7950 | 265.000013820827 | 132.12086486816406,210.9706573486328,0.19607006013393402 | 1.3157082090486938e-09,9.810454670855506e-10,7.628123199765469e-08 | 0 | 8.554142709726875e-07,7.913233275758103e-06,1.084251022298588e-10 | 1.5015031351595098e-07,2.009048216677911e-08,1.1442184586485382e-06 | 0,0
7960 | 265.33334717154503 | 132.12086486816406,210.9706573486328,0.19607006013393402 | 1.0050777987657966e-08,-2.431889412068955e-10,-1.9070306223056832e-07 | 0 | -1.5591706414852524e-06,-3.11416297336109e-05,3.59822505124896e-10 | 6.902838123323818e-08,1.4458066743827658e-08,-1.544694896438159e-05 | 0,0
7970 | 265.66668052226305 | 132.12086486816406,210.9706573486328,0.19607006013393402 | 6.438973354505606e-09,-4.805050135558986e-09,-9.535153111528416e-08 | 0 | -9.875704563455656e-06,-1.9705170416273177e-05,2.2228259510814752e-10 | 7.598741831316147e-07,-1.3394705433711351e-07,-1.0870074220292736e-05 | 0,0
7980 | 266.00001387298107 | 132.12086486816406,210.9706573486328,0.19607006013393402 | 3.024613226543238e-09,-9.697210812120716e-10,0.0 | 0 | -1.5489407587665482e-06,-2.609155671962071e-06,6.238399380409376e-11 | 2.6360957861015777e-08,-3.6843858519652883e-10,0.0 | 0,0
7990 | 266.3333472236991 | 132.12086486816406,210.9706573486328,0.19607006013393402 | -2.2691782675110517e-08,1.0987150078634045e-09,1.907030799941367e-08 | 0 | 2.749349903297116e-07,-2.2514607280754717e-06,-1.68066860428695e-09 | -7.54913457967632e-07,3.1207402884092517e-08,5.721092293242691e-07 | 0,0
8000 | 266.6666805744171 | 132.12086486816406,210.9706573486328,0.19607006013393402 | 2.2472199101564172e-10,-3.636485279567836e-10,0.0 | 0 | -6.093212050473085e-07,-2.0833485336879676e-07,1.7339239852948163e-12 | 4.017252752674949e-09,-5.623492782547146e-09,0.0 | 0,0
8010 | 267.00001392513514 | 132.12086486816406,210.9706573486328,0.19607006013393402 | 1.8744156227157305e-10,-2.2576012240205223e-12,0.0 | 0 | -4.291682564883104e-09,-3.488760000891489e-07,5.074574874891491e-12 | -1.3198724957419472e-07,1.853913289551201e-08,-5.721092293242691e-07 | 0,0
8020 | 267.33334727585316 | 132.12086486816406,210.9706573486328,0.19607006013393402 | 5.404904079853168e-09,-1.5766020433627403e-10,1.907030799941367e-08 | 0 | -2.0473737549764337e-07,-4.314542366046226e-06,5.90531581967646e-11 | 4.954023413716868e-09,-5.63434943146035e-09,0.0 | 0,0
8030 | 267.6666806265712 | 132.12086486816406,210.9706573486328,0.19607006013393402 | 2.8901407933545897e-09,-7.822626990616754e-10,0.0 | 0 | -1.2442914112398284e-06,-2.5050655949598877e-06,5.915692241620363e-11 | 2.636095253194526e-08,-3.684369198619919e-10,0.0 | 0,0
8040 | 268.0000139772892 | 132.12086486816406,210.9706573486328,0.19607006013393402 | 3.5109621876472374e-09,-1.3130233011970915e-10,0.0 | 0 | -1.8657324574178347e-07,-2.8358724648569478e-06,5.2037821968164977e-11 | 2.1579463549414868e-08,-2.7820705739145524e-09,0.0 | 0,0
8050 | 268.3333473280072 | 132.12086486816406,210.9706573486328,0.19607006013393402 | 3.5918520935318554e-10,-5.511067158181504e-10,0.0 | 0 | -9.139704388871905e-07,-3.1242470299730485e-07,4.968125737192519e-12 | 4.03389543990329e-09,-5.623744581129131e-09,0.0 | 0,0
8060 | 268.66668067872524 | 132.12086486816406,210.9706573486328,0.19607006013393402 | 6.760849657894141e-09,-6.507546723710789e-10,1.907030799941367e-08 | 0 | -9.786772352526896e-07,-5.575985596806277e-06,1.0759100554924572e-10 | 3.582841756610833e-08,-5.374616862674486e-10,0.0 | 0,0
8070 | 269.00001402944326 | 132.12086486816406,210.9706573486328,0.19607006013393402 | 5.9211608949283345e-09,-3.5045552571055794e-10,1.907030799941367e-08 | 0 | -5.131440161676437e-07,-4.723084202851169e-06,6.897885040935137e-11 | 1.1134372535082093e-08,-5.416633364063728e-09,0.0 | 0,0
8080 | 269.3333473801613 | 132.12086486816406,210.9706573486328,0.19607006013393402 | 2.7337159203000283e-09,-8.62767968179412e-10,0.0 | 0 | -1.3923394135417766e-06,-2.2083613657741807e-06,4.7063523217483194e-11 | 1.4569137896103257e-08,-2.9907341048129865e-09,0.0 | 0,0
8090 | 269.6666807308793 | 132.12086486816406,210.9706573486328,0.19607006013393402 | 3.6703855510467065e-09,-5.084868984206459e-11,0.0 | 0 | -3.852651531133233e-08,-3.1325600957643474e-06,6.136671032441754e-11 | 2.636216400730973e-08,-3.684612892573824e-10,0.0 | 0,0
8100 | 270.0000140815973 | 132.12086486816406,210.9706573486328,0.19607006013393402 | 2.2472199101564172e-10,-3.6364858346793483e-10,0.0 | 0 | -6.093212050473085e-07,-2.0833485336879676e-07,1.7344209835706836e-12 | 4.017252752674949e-09,-5.623492782547146e-09,0.0 | 0,0
8110 | 270.33334743231535 | 132.12086486816406,210.9706573486328,0.19607006013393402 | 5.503352884517199e-09,-8.294767095406996e-10,1.907030799941367e-08 | 0 | -1.2677958238782594e-06,-4.418045136844739e-06,9.268327078038041e-11 | 2.20069420464597e-08,2.1552808426861247e-09,0.0 | 0,0
8120 | 270.66668078303337 | 132.12086486816406,210.9706573486328,0.19607006013393402 | 1.237648739049746e-08,1.3540005783241327e-09,1.5256246399530937e-07 | 0 | 3.622113126766635e-06,1.077443994290661e-05,1.485611522689112e-09 | 6.397417564585339e-07,-2.6625009752478945e-08,5.721093430111068e-07 | 0,0
8130 | 271.0000141337514 | 132.12086486816406,210.9706573486328,0.19607006013393402 | 4.246232698790209e-09,-5.126422064627434e-10,0.0 | 0 | -8.001552487257868e-07,-3.3918802273547044e-06,4.868499700605433e-11 | 4.115014551331342e-09,-5.625127474928604e-09,0.0 | 0,0
8140 | 271.3333474844694 | 132.120849609375,210.97035217285156,0.19606654345989227 | -0.0003034067340195179,-0.020012279972434044,1.7163276311293885e-07 | 0 | 0.01955239847302437,-0.00021312922763172537,0.0005809339345432818 | -0.009102258831262589,-0.6003683805465698,5.148982381797396e-06 | 0,0
8150 | 271.66668083518744 | 132.12159729003906,211.02622985839844,0.19631774723529816 | 0.007900932803750038,0.5197721123695374,3.318233666504966e-06 | 0 | -0.11368802189826965,0.002567779505625367,-0.0806180015206337 | 0.0018092895625159144,1.8438818454742432,-2.1168028979445808e-05 | 0,0
8160 | 272.00001418590546 | 132.12716674804688,211.4168243408203,0.1968633234500885 | 0.031130801886320114,1.892435908317566,4.748506398755126e-06 | 0.9 | -0.1388605237007141,0.0015002288855612278,0.06429771333932877 | 0.06554803997278214,4.185830116271973,7.15136484359391e-05 | 0,0
8170 | 272.3333475366235 | 132.14059448242188,212.2389373779297,0.1969059258699417 | 0.046079449355602264,2.9301564693450928,-1.7544682577863568e-06 | 0.9 | 0.04565050080418587,-0.0012816906673833728,0.08183896541595459 | 0.052171532064676285,2.773632764816284,-4.9201389629160985e-05 | 0,0
8180 | 272.6666808873415 | 132.15618896484375,213.25485229492188,0.19619570672512054 | 0.034958407282829285,2.4898056983947754,-8.14302075013984e-06 | 0.8 | 0.4549340605735779,-0.006236765533685684,0.11537832021713257 | -0.11181201040744781,-6.735605716705322,-2.5172801542794332e-05 | 0,0
8190 | 273.0000142380595 | 132.1644744873047,213.84962463378906,0.19553649425506592 | 0.02263377048075199,1.7857472896575928,1.7735386563799693e-06 | 0.7 | -0.22097548842430115,0.0027097556740045547,0.13229124248027802 | 0.032047197222709656,2.310368776321411,8.524426812073216e-05 | 0,0
8200 | 273.33334758877754 | 132.17442321777344,214.6283721923828,0.19648173451423645 | 0.031306419521570206,2.8177568912506104,6.2359904404729605e-06 | 0.6 | -0.1497763991355896,0.000792385486420244,0.2454027533531189 | 0.0275642778724432,2.825002431869507,3.77592041331809e-05 | 0,0
8210 | 273.66668093949556 | 132.18638610839844,215.7255859375,0.19670867919921875 | 0.03260135278105736,3.7950639724731445,5.721092293242691e-07 | 0.5 | -0.00538813229650259,-0.0006059815641492605,0.3833971619606018 | -0.00505763990804553,2.5684258937835693,-8.009529665287118e-06 | 0,0
8220 | 274.0000142902136 | 132.1969451904297,216.99700927734375,0.19615386426448822 | 0.016580741852521896,3.2619259357452393,-8.200232514354866e-06 | 0.3 | 0.42746442556381226,-0.0035720549058169127,0.4128318428993225 | -0.126779243350029,-6.743080139160156,-2.517281609470956e-05 | 0,0
8230 | 274.3333476409316 | 132.20164489746094,217.8349151611328,0.1955081969499588 | 0.006398683413863182,2.4901933670043945,3.089389792876318e-06 | 0.1 | -0.21924173831939697,-0.002480984665453434,0.36257752776145935 | -0.05371832847595215,2.0342514514923096,7.895106682553887e-05 | 0,0
8240 | 274.6666809916496 | 132.20518493652344,218.80812072753906,0.19637790322303772 | 0.004146065562963486,3.330155611038208,7.3992791840282734e-06 | 0.1 | -0.1520657241344452,-0.001985209761187434,0.4196109175682068 | -0.025076180696487427,2.608515977859497,1.7735390429152176e-05 | 0,0
8250 | 275.00001434236765 | 132.20675659179688,220.06776428222656,0.1966533660888672 | -0.007617798168212175,4.175341606140137,9.535153111528416e-08 | 359.9 | -0.019888700917363167,-0.0056165484711527824,0.5599520206451416 | -0.07176819443702698,2.38971209526062,9.153747669188306e-06 | 0,0
8260 | 275.33334769308567 | 132.20489501953125,221.651123046875,0.19615234434604645 | -0.013331469148397446,3.8299543857574463,-7.532771178375697e-06 | 359.8 | 0.39153650403022766,0.005220303311944008,0.36922240257263184 | 0.059108003973960876,-6.624090194702148,-1.7163269149023108e-05 | 0,0
8270 | 275.6666810438037 | 132.20191955566406,222.613525390625,0.19554302096366882 | -0.014428905211389065,3.1617610454559326,2.288436888875367e-07 | 359.7 | -0.1554923951625824,-0.001820144010707736,0.2620423138141632 | -0.05722643435001373,1.5439866781234741,7.380208262475207e-05 | 0,0
8280 | 276.0000143945217 | 132.1968231201172,223.79373168945312,0.19632163643836975 | -0.023165026679635048,3.919994354248047,6.178779585752636e-06 | 359.7 | -0.15254998207092285,-0.0017520340625196695,0.3068906366825104 | -0.027188265696167946,2.4604508876800537,-1.3158509318600409e-05 | 0,0
8290 | 276.33334774523973 | 132.18919372558594,225.22344970703125,0.19652090966701508 | -0.028889769688248634,4.460837364196777,-1.2395699968692497e-06 | 359.6 | 0.08654133230447769,-0.0012381176929920912,0.22739440202713013 | -0.040691621601581573,-1.0305403470993042,-4.061975050717592e-05 | 0,0
8300 | 276.66668109595776 | 132.18154907226562,226.4563751220703,0.19558101892471313 | -0.02274675853550434,3.3032963275909424,-6.255060725379735e-06 | 359.6 | 0.006178599316626787,0.0002614068507682532,0.12227904051542282 | -0.011253430508077145,0.5102991461753845,4.576873470796272e-05 | 0,0
12970 | 432.33335588127375 | 135.95465087890625,226.6905059814453,0.19617506861686707 | 0.011947428807616234,-2.091524839401245,1.2471980880945921e-05 | 179.7 | 0.30574464797973633,0.018811484798789024,2.743612051010132 | 0.14347267150878906,-3.4793577194213867,6.293220849329373e-06 | 0,0
12980 | 432.66668923199177 | 135.9506072998047,225.9134063720703,0.19671432673931122 | 0.0307645071297884,-3.002329111099243,1.3158512501831865e-06 | 179.4 | 0.049843207001686096,0.007284651510417461,3.032266139984131 | -0.00017747281526681036,-2.769355535507202,-4.176396760158241e-05 | 0,0
12990 | 433.0000225827098 | 135.95350646972656,224.93304443359375,0.19565445184707642 | 0.0254332534968853,-1.6559151411056519,-1.3158512047084514e-05 | 179.1 | -0.4506201446056366,-0.026420388370752335,1.2508829832077026 | -0.11543869227170944,7.4118123054504395,-1.0297980225004721e-05 | 0,0
13000 | 433.3333559334278 | 135.95396423339844,224.82505798339844,0.1948160082101822 | 4.680965139414184e-05,0.0001372802653349936,2.421929139018175e-06 | 0 | 0.24984803795814514,0.012566857039928436,-3.059098162339069e-05 | -0.0003597368486225605,0.0011407725978642702,0.00018078650464303792 | 0,0
13010 | 433.66668928414583 | 135.95394897460938,224.8255157470703,0.19566066563129425 | 9.198577572533395e-06,7.060488860588521e-05,4.004764377896208e-06 | 0 | 0.11913733184337616,0.003359275171533227,-2.1319301595212892e-05 | -5.353645610739477e-05,0.00011787181574618444,1.544694350741338e-05 | 0,0
13020 | 434.00002263486385 | 135.95394897460938,224.82568359375,0.19595283269882202 | -3.2794781645861804e-07,6.964074600546155e-06,4.767576911035576e-07 | 0 | 0.012942127883434296,0.0006097793811932206,-4.69096079314113e-07 | 1.8153927157982253e-05,-0.0009130830876529217,-7.895106682553887e-05 | 0,0
13030 | 434.3333559855819 | 135.95394897460938,224.82571411132812,0.19603697955608368 | -2.4523839670109737e-07,9.784077519725543e-06,8.96304470643372e-07 | 0 | 0.01593681052327156,0.0003251028247177601,6.126236257841811e-06 | 1.982800313271582e-06,-3.7927671655779704e-05,4.576874744088855e-06 | 0,0
13040 | 434.6666893362999 | 135.95394897460938,224.82574462890625,0.19605952501296997 | -8.665805495411405e-08,2.7371950181986904e-06,4.958279760103323e-07 | 0 | 0.004460867960005999,8.599740249337628e-05,1.6735273220547242e-06 | 2.1345462641875201e-07,-7.19529180059908e-06,-9.725855306896847e-06 | 0,0
13050 | 435.0000226870179 | 135.95394897460938,224.82574462890625,0.19606609642505646 | -1.7931828466544175e-08,6.866546868877776e-07,2.8605461466213455e-07 | 0 | 0.001122611458413303,-2.3848653654567897e-05,4.041528995912813e-07 | 1.1736502756320988e-06,-5.287392355057818e-07,-5.72109183849534e-06 | 0,0
13060 | 435.33335603773594 | 135.95394897460938,224.82574462890625,0.1960684210062027 | 1.6461864760231038e-08,1.5304956946238235e-07,7.437419640154985e-07 | 0 | 0.00025267383898608387,4.693954178947024e-05,8.003478768614514e-08 | 1.7141753687610617e-06,3.050406576221576e-07,2.1168038074392825e-05 | 0,0
13070 | 435.66668938845396 | 135.95394897460938,224.82574462890625,0.19606947898864746 | -1.321737919113275e-08,1.989171494187758e-08,-7.628123199765469e-08 | 0 | 3.120701512671076e-05,2.4529424990760162e-05,1.6220777609987636e-08 | -9.986700888475752e-07,2.521771023111796e-07,-2.402858626737725e-05 | 0,0
13080 | 436.000022739172 | 135.95394897460938,224.82574462890625,0.19606947898864746 | 2.929401965445777e-08,1.4154807992383667e-08,8.009528755792417e-07 | 0 | 2.3629820134374313e-05,-2.355608194193337e-05,6.393288121131491e-09 | 1.2095857755411998e-06,-4.6622997018630485e-08,-2.8605477382370736e-06 | 0,0
13090 | 436.33335608989 | 135.95394897460938,224.82574462890625,0.19606947898864746 | -2.3767761092585715e-08,6.878119407360828e-09,5.7210922221884175e-08 | 0 | 1.0455193660163786e-05,2.8029167879140005e-05,6.598120716461153e-09 | -2.8794721629310516e-07,-7.678038826952616e-08,-3.4326549211982638e-06 | 0,0
13100 | 436.666689440608 | 135.95394897460938,224.82574462890625,0.19606947898864746 | 6.554996989649453e-09,3.68983443799209e-09,1.907030799941367e-08 | 0 | 6.099556230765302e-06,-5.568191227212083e-06,1.9262311745649185e-09 | 4.775747441954081e-08,1.36417206419992e-08,0.0 | 0,0
13110 | 437.00002279132605 | 135.95394897460938,224.82574462890625,0.19606947898864746 | 1.726365272958219e-09,6.719940714994266e-10,0.0 | 0 | 1.1257069445491652e-06,-1.5261599628502154e-06,2.926426323490716e-10 | 1.9354184033204547e-08,6.845019218104653e-09,0.0 | 0,0
13120 | 437.33335614204407 | 135.95394897460938,224.82574462890625,0.19606947898864746 | 7.589033845789572e-10,3.2974312169642417e-10,0.0 | 0 | 5.628580197480915e-07,-7.634645271537011e-07,9.916730631109871e-11 | 1.8657869915728043e-08,6.8381824647190115e-09,0.0 | 0,0
13130 | 437.6666894927621 | 135.95394897460938,224.82574462890625,0.19606947898864746 | -3.041493457089928e-08,8.046174282405616e-10,1.1442184444376835e-07 | 0 | 2.884755303966813e-06,-4.596367944031954e-06,-2.754360295398328e-09 | -1.0509669436942204e-06,-3.0994957711527604e-08,1.1442183449617005e-06 | 0,0
13140 | 438.0000228434801 | 135.95394897460938,224.82574462890625,0.19606947898864746 | 8.297466713713675e-09,-3.456883446162351e-09,4.386170644465892e-07 | 0 | -5.479730589286191e-06,3.6533790989778936e-05,-2.574340740579828e-09 | 1.4590990815577243e-07,-1.486079952428554e-07,1.2586401680891868e-05 | 0,0
13150 | 438.33335619419813 | 135.95394897460938,224.82574462890625,0.19606947898864746 | -3.982783880474017e-09,-1.6066260821734346e-10,2.8605461466213455e-07 | 0 | -2.966925194414216e-07,5.741663244407391e-06,1.3888543648477025e-09 | -5.844515271746786e-07,-1.271070146913189e-07,1.258640259038657e-05 | 0,0
13160 | 438.66668954491615 | 135.95394897460938,224.82574462890625,0.19606947898864746 | -1.4026577122017159e-10,2.3999893739024003e-10,1.5256246399530937e-07 | 0 | 4.1825649077509297e-07,1.4551542903973314e-07,5.0837958842642195e-11 | -3.589910591017542e-09,8.365259596132546e-09,1.1442184586485382e-06 | 0,0
13170 | 439.0000228956342 | 135.95394897460938,224.82574462890625,0.19606947898864746 | -7.200455787170768e-10,-1.7930046336545047e-10,1.907030799941367e-08 | 0 | -3.308720124550746e-07,1.3398750979831675e-06,2.827632225588239e-11 | 1.6177324368982227e-08,-1.208429978305503e-07,-1.1442183449617005e-06 | 0,0
13180 | 439.3333562463522 | 135.95394897460938,224.82574462890625,0.19606947898864746 | -1.8338923268856888e-08,-2.5328386055178953e-09,3.8140612446113664e-07 | 0 | -4.236376753397053e-06,1.5989529856597073e-05,-5.388203216938336e-10 | -1.8924689584309817e-06,-2.4102321916075198e-08,1.1442178902143496e-06 | 0,0
13190 | 439.6666895970702 | 135.95394897460938,224.82574462890625,0.19606947898864746 | -1.8340406526817787e-08,-1.9269039697178414e-09,3.0512492799061874e-07 | 0 | -3.2180689686356345e-06,1.5283225366147235e-05,-5.338059994031141e-10 | -1.1038401908081141e-06,-3.2914016401264234e-08,1.1442186860222137e-06 | 0,0
13200 | 440.00002294778824 | 135.95394897460938,224.82574462890625,0.19606947898864746 | -1.1791100540392563e-08,-1.8352664943321884e-09,2.288436888875367e-07 | 0 | -3.1194190341921058e-06,1.334485841653077e-05,1.3936783949120013e-09 | -8.43074019485357e-07,-2.70674377134128e-07,8.009528755792417e-06 | 0,0
13210 | 440.33335629850626 | 135.95394897460938,224.82574462890625,0.19606947898864746 | 1.83781025953067e-08,7.290954062710853e-09,-9.535153111528416e-08 | 0 | 1.3710491657548118e-05,-4.610184987541288e-05,-1.966371510064846e-09 | 8.457486160295957e-07,2.585364597962325e-07,-6.293200840445934e-06 | 0,0
13220 | 440.6666896492243 | 135.95394897460938,224.82574462890625,0.19606947898864746 | -1.929949311474388e-09,-1.8878572316527453e-10,5.7210922221884175e-08 | 0 | -3.2613934308756143e-07,1.947240207300638e-06,-2.20583377952277e-11 | -4.741633929938871e-08,-3.897926870166657e-09,1.1442183449617005e-06 | 0,0
13230 | 441.0000229999423 | 135.95396423339844,224.8212890625,0.19610236585140228 | 0.001229422981850803,-0.12040923535823822,1.0870074902413762e-06 | 0 | 0.07303734123706818,0.0033025951124727726,0.10082171112298965 | 0.05399412661790848,-2.800309181213379,1.4874838598188944e-05 | 0,0
13240 | 441.3333563506603 | 135.95465087890625,224.56654357910156,0.19663307070732117 | 0.02109479159116745,-1.319455862045288,3.7187098769209115e-06 | 179.1 | 0.15788647532463074,0.009406785480678082,0.6901388168334961 | 0.1754821389913559,-4.197742462158203,3.3182328479597345e-05 | 0,0
13250 | 441.66668970137835 | 135.96214294433594,223.88108825683594,0.19697394967079163 | 0.04752924293279648,-2.627271890640259,3.0512492799061874e-07 | 179.0 | -0.007881558500230312,0.005627554375678301,1.2048494815826416 | 0.19002321362495422,-3.0555078983306885,-2.9177568649174646e-05 | 0,0
13260 | 442.00002305209637 | 135.976318359375,222.88571166992188,0.19655489921569824 | 0.055669937282800674,-2.8247554302215576,-5.8545838328427635e-06 | 178.9 | -0.3602372407913208,-0.01571655459702015,0.9468981027603149 | -0.09971245378255844,5.297305107116699,-0.00010297963308403268 | 0,0
13270 | 442.3333564028144 | 135.98538208007812,222.3119354248047,0.19538246095180511 | 0.028047485277056694,-1.5134639739990234,-5.7020215535885654e-06 | 178.9 | 0.005677587818354368,-0.0012789989123120904,0.3351514935493469 | -0.019419191405177116,-0.3920101821422577,0.00012529193190857768 | 0,0
13280 | 442.6666897535324 | 135.9976806640625,221.58018493652344,0.19636450707912445 | 0.05180193483829498,-2.55649995803833,7.818825906724669e-06 | 178.8 | 0.20971745252609253,0.010554425418376923,0.5003989338874817 | 0.17095929384231567,-3.0118558406829834,-1.3158495676179882e-05 | 0,0
13290 | 443.00002310425043 | 136.0133514404297,220.68931579589844,0.19663283228874207 | 0.0608854815363884,-3.1398463249206543,-1.94517133422778e-06 | 178.9 | -0.11199107021093369,-0.0025051599368453026,0.37055283784866333 | -0.07082215696573257,1.8089174032211304,-0.00010240754636470228 | 0,0
13300 | 443.33335645496845 | 136.02793884277344,219.8764190673828,0.1955236792564392 | 0.034117892384529114,-1.8352073431015015,-4.443381385499379e-06 | 178.9 | 0.06974136084318161,0.0019767540507018566,0.11561543494462967 | 0.0207876767963171,-1.2267528772354126,7.609052408952266e-05 | 0,0
13310 | 443.6666898056865 | 136.0416717529297,219.10867309570312,0.19635653495788574 | 0.05111640691757202,-2.766566753387451,7.170435765146976e-06 | 178.9 | 0.180558443069458,0.00333865056745708,0.12215078622102737 | 0.01670490764081478,-2.8072712421417236,-1.1442170034570154e-05 | 0,0
13320 | 444.0000231564045 | 136.05795288085938,218.19476318359375,0.19640976190567017 | 0.0505707822740078,-2.850360631942749,-3.794991243921686e-06 | 179.0 | -0.28340569138526917,-0.006756308954209089,0.019051261246204376 | -0.10138235241174698,5.30502986907959,-8.753270958550274e-05 | 0,0
13330 | 444.3333565071225 | 136.0712127685547,217.44894409179688,0.1956324279308319 | 0.03515297919511795,-1.985321283340454,1.7544682577863568e-06 | 179.0 | 0.1954043060541153,0.004196268040686846,0.014813536778092384 | 0.058610621839761734,-2.3807928562164307,6.407623004633933e-05 | 0,0
13340 | 444.66668985784054 | 136.084228515625,216.7118682861328,0.1964176893234253 | 0.050741009414196014,-2.8657352924346924,4.729436113848351e-06 | 179.0 | 0.15769946575164795,0.003224299754947424,0.015234756283462048 | 0.05019250884652138,-2.7709147930145264,-9.439801215194166e-05 | 0,0
13350 | 445.00002320855856 | 136.10604858398438,215.47311401367188,0.19669242203235626 | 0.0676584392786026,-3.8356173038482666,-5.530388875740755e-07 | 179.0 | 0.012854740023612976,0.0004033150617033243,0.00692454818636179 | 0.046033408492803574,-2.5580832958221436,1.94517142517725e-05 | 0,0
13360 | 445.3333565592766 | 136.1282196044922,214.20614624023438,0.19667331874370575 | 0.07867056876420975,-4.538758277893066,-1.2777105666827993e-06 | 179.0 | -0.026396865025162697,-0.0008949575712904334,-0.027103524655103683 | 0.03250836953520775,-1.9298027753829956,3.8903428503545e-05 | 0,0
13370 | 445.6666899099946 | 136.15267944335938,212.75865173339844,0.19584067165851593 | 0.05570175126194954,-3.5326123237609863,-9.783067071111873e-06 | 179.1 | -0.44374626874923706,-0.008835180662572384,-0.1521643102169037 | -0.14376382529735565,7.476202964782715,-1.0870061487366911e-05 | 0,0
13380 | 446.0000232607126 | 136.16737365722656,211.79925537109375,0.19547981023788452 | 0.04036695882678032,-2.90997576713562,5.7020215535885654e-06 | 179.2 | 0.259440541267395,0.003976821433752775,-0.1738840639591217 | 0.014047286473214626,-1.9667528867721558,4.004763832199387e-05 | 0,0
13390 | 446.33335661143064 | 136.18240356445312,210.69142150878906,0.19637447595596313 | 0.043607424944639206,-3.7202513217926025,5.492248419614043e-06 | 179.3 | 0.14791911840438843,0.0006083805346861482,-0.30219322443008423 | -0.002026632195338607,-2.5232574939727783,2.2884339614392957e-06 | 0,0
13400 | 446.66668996214867 | 136.19952392578125,209.15628051757812,0.19662585854530334 | 0.03794306889176369,-4.56886625289917,-8.581638439864037e-07 | 179.5 | -0.008359107188880444,-0.003114280989393592,-0.4991368055343628 | -0.03367077186703682,-1.752562403678894,-3.261022357037291e-05 | 0,0
13410 | 447.0000233128667 | 136.21197509765625,207.58360290527344,0.1963523030281067 | 0.0212284866720438,-4.748512268066406,-2.707983639993472e-06 | 179.7 | -0.10334382206201553,-0.008260448463261127,-0.6141927242279053 | -0.18670156598091125,0.22440432012081146,8.009526027308311e-06 | 0,0
13420 | 447.3333566635847 | 136.2184295654297,206.17742919921875,0.19607730209827423 | 0.007950305007398129,-4.630136013031006,-5.911795142310439e-07 | 179.9 | -0.04647865146398544,-0.002252947073429823,-0.5712971091270447 | -0.09592263400554657,0.34824368357658386,4.576873379846802e-06 | 0,0
13430 | 447.66669001430273 | 136.2213592529297,204.4911346435547,0.19604453444480896 | -0.00492411432787776,-4.595710754394531,9.535153822071152e-07 | 180.1 | 0.013694758526980877,-0.0012785716680809855,-0.5015015602111816 | -0.08334843069314957,-0.07455825060606003,1.6019057511584833e-05 | 0,0
13440 | 448.00002336502075 | 136.22019958496094,202.9525604248047,0.19609412550926208 | -0.011700396426022053,-4.634749412536621,6.293201408880122e-07 | 180.1 | 0.007799547631293535,0.0035904610995203257,-0.37917980551719666 | 0.004462301265448332,-0.10870455950498581,1.8879603885579854e-05 | 0,0
13450 | 448.3333567157388 | 136.21665954589844,201.5582733154297,0.19610121846199036 | -0.019316447898745537,-4.65608024597168,6.674607675449806e-07 | 180.2 | -0.00159886060282588,-0.00035138815292157233,-0.3372265696525574 | -0.028490589931607246,-0.04520415887236595,5.835513729834929e-05 | 0,0
13460 | 448.6666900664568 | 136.2101287841797,199.84878540039062,0.19609187543392181 | -0.02342875674366951,-4.667189121246338,4.0047643778962083e-07 | 180.3 | -0.0015970575623214245,-0.00042038405081257224,-0.2307801991701126 | -0.021770091727375984,-0.028939245268702507,4.977349817636423e-05 | 0,0
13470 | 449.0000234171748 | 136.20330810546875,198.29110717773438,0.19609004259109497 | -0.017360318452119827,-4.6790266036987305,5.7210922221884175e-08 | 180.2 | 0.00029887547134421766,0.007185898255556822,0.02218594402074814 | 0.05356639251112938,-0.04112720116972923,-2.517280518077314e-05 | 0,0
13480 | 449.33335676789284 | 136.21127319335938,196.88597106933594,0.19608932733535767 | 0.2209315299987793,-4.678966045379639,-1.029796635521052e-06 | 177.3 | -0.0064168390817940235,0.27021655440330505,5.125441551208496 | 3.477783441543579,0.24015425145626068,-3.0321789381559938e-05 | 0,0
13490 | 449.66669011861086 | 136.5255126953125,195.25343322753906,0.19587752223014832 | 2.0974998474121094,-4.007101535797119,-1.2452910596039146e-05 | 152.4 | -0.11962239444255829,0.2916311025619507,41.12442398071289 | 3.3952901363372803,1.1297749280929565,-5.492250056704506e-05 | 0,0
13500 | 450.0000234693289 | 137.2777862548828,193.9774627685547,0.19592608511447906 | 2.8981685638427734,-3.7769956588745117,1.2796176633855794e-05 | 142.5 | 0.3617595136165619,-0.5375673174858093,34.26054000854492 | -0.4384159743785858,-1.6344951391220093,4.691295180236921e-05 | 0,0
13510 | 450.3333568200469 | 138.28863525390625,192.819091796875,0.1958358734846115 | 3.969517707824707,-2.3687028884887695,-1.19570822789683e-05 | 120.8 | -0.42268913984298706,0.3311135172843933,50.42070770263672 | 3.6406657695770264,8.284391403198242,-0.000122431360068731 | 0,0
13520 | 450.6666901707649 | 139.4418487548828,192.3256072998047,0.19546741247177124 | 4.583674907684326,-0.4053983986377716,-4.767576911035576e-07 | 95.1 | 0.21731595695018768,-0.09235478937625885,64.7227554321289 | 1.7644356489181519,2.186305046081543,0.0001052680891007185 | 0,0
13530 | 451.00002352148294 | 140.94863891601562,191.95509338378906,0.19603194296360016 | 4.736608982086182,-1.2053545713424683,1.1213340258109383e-05 | 104.3 | 0.6093569993972778,-0.13801880180835724,17.906898498535156 | -1.2443732023239136,-4.883097171783447,-0.0001659116824157536 | 0,0
13540 | 451.33335687220097 | 142.5086212158203,191.64208984375,0.19598403573036194 | 4.74138069152832,-0.14950315654277802,-7.036943316052202e-06 | 91.8 | -0.222476989030838,0.018383536487817764,27.286157608032227 | -0.08312701433897018,2.6402604579925537,-6.750887405360118e-05 | 0,0
13550 | 451.666690222919 | 144.0816650390625,191.52345275878906,0.1960388869047165 | 4.775276184082031,-0.1320483535528183,1.7544682577863568e-06 | 91.6 | 0.069453164935112,0.013170264661312103,13.283610343933105 | 0.11690139025449753,0.9315924048423767,-2.8605460101971403e-05 | 0,0
13560 | 452.000023573637 | 145.83517456054688,191.46755981445312,0.19608524441719055 | 4.803842544555664,0.03254936262965202,-2.479139880051662e-07 | 89.6 | 0.043890878558158875,0.001914612716063857,8.406547546386719 | 0.05022525414824486,0.39382845163345337,-3.318233575555496e-05 | 0,0
13570 | 452.33335692435503 | 147.2774658203125,191.45849609375,0.1960892379283905 | 4.813279628753662,0.05658332258462906,-1.2967809652764117e-06 | 89.3 | 0.037921808660030365,-0.0010680947452783585,4.659595489501953 | 0.03112792782485485,-0.28636670112609863,-1.2014294043183327e-05 | 0,0
13580 | 452.66669027507305 | 149.04388427734375,191.47384643554688,0.1960885226726532 | 4.822509288787842,0.09730350971221924,-4.386170644465892e-07 | 88.8 | -0.0011114226654171944,0.0003650147409643978,2.566816806793213 | 0.025691984221339226,0.3128731846809387,-5.034561036154628e-05 | 0,0
13590 | 453.0000236257911 | 150.6536102294922,191.5000762939453,0.19609038531780243 | 4.8348188400268555,0.10571011155843735,2.8605461466213455e-07 | 88.7 | 0.00418642396107316,0.0005755876773037016,1.3453344106674194 | 0.03706454858183861,0.09185604006052017,4.576873470796272e-05 | 0,0
13600 | 453.3333569765091 | 152.10594177246094,191.52935791015625,0.19609133899211884 | 4.846161365509033,0.11167518049478531,8.581638439864037e-07 | 88.7 | 0.008944850414991379,0.00027249130653217435,0.7722468972206116 | 0.03948211297392845,-0.09136832505464554,4.9201389629160985e-05 | 0,0
13610 | 453.6666903272271 | 153.72344970703125,191.56524658203125,0.19609114527702332 | 4.857644081115723,0.11840437352657318,-3.623358395543619e-07 | 88.6 | -0.0030463826842606068,-0.00018214729789178818,0.46226316690444946 | 0.03255843743681908,0.06140470132231712,-2.6317022275179625e-05 | 0,0
13620 | 454.00002367794514 | 155.50692749023438,191.608642578125,0.19609077274799347 | 4.869704246520996,0.1283126026391983,-5.911795142310439e-07 | 88.5 | -0.0006220177747309208,-3.8488939026137814e-05,0.38049858808517456 | 0.032629963010549545,0.043203677982091904,-6.8653098423965275e-06 | 0,0
13630 | 454.33335702866316 | 157.070556640625,191.64710998535156,0.19577452540397644 | 4.071694850921631,0.08617205172777176,-6.483904144261032e-06 | 88.8 | 0.01957457698881626,-0.29665815830230713,-0.33224934339523315 | -6.955875873565674,-0.33249643445014954,-0.00010355175618315116 | 0,0
13640 | 454.6666903793812 | 157.9677734375,191.66583251953125,0.1946515291929245 | 1.5442395210266113,0.026861675083637238,-9.573294846632052e-06 | 89.0 | -0.0036495423410087824,-0.08661416918039322,-0.2210698276758194 | -4.169286251068115,-0.06963427364826202,1.6591146049904637e-05 | 0,0
13650 | 455.0000237300992 | 158.3956298828125,191.67349243164062,0.19554725289344788 | 1.7863677740097046,0.028424706310033798,1.8059579815599136e-05 | 89.1 | -0.008574283681809902,0.4367526173591614,-0.2501750886440277 | 3.6725375652313232,0.05894288048148155,5.663874253514223e-05 | 0,0
13660 | 455.3333570808172 | 159.20001220703125,191.68630981445312,0.1966284066438675 | 2.901136636734009,0.036243557929992676,3.1275303626898676e-06 | 89.3 | 0.0028272278141230345,0.10903093963861465,-0.5027069449424744 | 2.822885274887085,-0.040814388543367386,-6.922521424712613e-05 | 0,0
13670 | 455.66669043153524 | 160.2071075439453,191.69935607910156,0.1961771696805954 | 2.4646964073181152,0.021547824144363403,-9.573294846632052e-06 | 89.5 | 0.0023026003036648035,-0.4346037805080414,-0.5110716223716736 | -6.733552932739258,-0.09795448929071426,-5.492250056704506e-05 | 0,0
13680 | 456.00002378225327 | 160.85435485839844,191.70558166503906,0.19563399255275726 | 1.8530298471450806,0.01205309759825468,5.3015455705462955e-06 | 89.6 | -0.002848457545042038,0.25965365767478943,-0.345946729183197 | 2.775885820388794,0.05564381927251816,6.636467151110992e-05 | 0,0
13690 | 456.3333571329713 | 161.660888671875,191.7113037109375,0.19653716683387756 | 2.8938255310058594,0.011219779029488564,5.587599844147917e-06 | 89.8 | -0.000819973589386791,0.12549665570259094,-0.5458490252494812 | 2.796492338180542,0.03546849638223648,-6.979732279432938e-05 | 0,0
13700 | 456.6666904836893 | 162.61196899414062,191.7155303955078,0.19597990810871124 | 2.127782106399536,0.001072222599759698,-1.0393318007118069e-05 | 90.0 | -0.0028820293955504894,-0.44410037994384766,-0.44317638874053955 | -7.06317138671875,-0.025630077347159386,-6.693678005831316e-05 | 0,0
13710 | 457.00002383440733 | 163.1479034423828,191.71661376953125,0.19562281668186188 | 1.7063735723495483,-0.0015957512659952044,6.083428161218762e-06 | 90.1 | 0.0037539636250585318,0.23216772079467773,-0.2995736300945282 | 1.4965687990188599,-0.05862558260560036,9.497012797510251e-05 | 0,0
13720 | 457.33335718512535 | 163.32723999023438,191.7168731689453,0.19513599574565887 | -8.119928679661825e-05,-8.699318641447462e-06,-5.14898317760526e-07 | 0 | 0.001700720633380115,0.14566141366958618,8.998090379463974e-06 | -0.0011452288599684834,2.9135570002836175e-05,0.00011728238314390182 | 0,0
13730 | 457.6666905358434 | 163.32693481445312,191.7168731689453,0.19569198787212372 | -3.757506055990234e-05,-1.6707285794836935e-06,7.437419640154985e-07 | 0 | 0.0003815100353676826,0.06437238305807114,3.206458131899126e-06 | -0.0004893448203802109,-1.789165435184259e-05,-2.0595931346178986e-05 | 0,0
13740 | 458.0000238865614 | 163.32676696777344,191.7168731689453,0.19597376883029938 | -2.950084126496222e-05,1.7362293647238403e-07,2.040522986135329e-06 | 0 | -1.954648359969724e-05,0.04819774627685547,3.3450648970756447e-06 | 0.00012335328210610896,-1.1325145351293031e-05,-2.3456475901184604e-05 | 0,0
13750 | 458.3333572372794 | 163.3267364501953,191.7168731689453,0.19604362547397614 | -7.668096259294543e-06,-2.107069896339908e-08,4.767576911035576e-07 | 0 | -9.076952665054705e-07,0.012468293309211731,-1.2303279390835087e-06 | 2.8027423468302004e-05,-1.417202724951494e-06,8.009528755792417e-06 | 0,0
13760 | 458.66669058799744 | 163.32672119140625,191.7168731689453,0.19606181979179382 | -2.101311793012428e-06,1.3644151586333919e-08,6.293201408880122e-07 | 0 | -9.15848977456335e-06,0.0034196858759969473,-3.3483104289189214e-07 | 4.821333277504891e-06,-4.25045215024511e-07,3.432654466450913e-06 | 0,0
13770 | 459.00002393871546 | 163.32672119140625,191.7168731689453,0.19606700539588928 | -5.13775660238025e-07,9.765177111376033e-09,-5.14898317760526e-07 | 0 | 2.6736021027318202e-05,0.0008400676306337118,-8.040165511147279e-08 | 1.3066708959286188e-07,3.5623219218905433e-07,5.72109183849534e-06 | 0,0
13780 | 459.3333572894335 | 163.32672119140625,191.7168731689453,0.1960693746805191 | -9.639916953574357e-08,8.038157695011705e-09,1.163288743555313e-06 | 0 | 7.825321517884731e-06,0.00015666379476897418,-1.5944667808298618e-08 | -4.279051495359454e-07,1.1878959185196436e-06,3.1466006475966424e-05 | 0,0
13790 | 459.6666906401515 | 163.32672119140625,191.7168731689453,0.1960693746805191 | 0.0,0.0,0.0 | 0 | 0.0,0.0,0.0 | 1.6230505934800021e-06,4.83961422048651e-08,-2.8605460101971403e-05 | 0,0
13800 | 460.0000239908695 | 163.32672119140625,191.7168731689453,0.1960693746805191 | -1.9241936044522845e-08,-9.919901344801474e-09,-8.200231604860164e-07 | 0 | -3.9426413422916085e-05,3.183735680067912e-05,-2.259847642349655e-09 | 1.0894090252122623e-07,-8.567354257138504e-07,7.437420663336525e-06 | 0,0
13810 | 460.33335734158754 | 163.32672119140625,191.7168731689453,0.1960693746805191 | -5.250800239053888e-09,-2.0294127267561635e-08,9.535153822071152e-07 | 0 | 4.729161901195766e-06,7.981756425579078e-06,1.6703000094153708e-10 | -4.550600962716089e-08,-4.270158058261586e-07,2.86054591924767e-06 | 0,0
13820 | 460.66669069230556 | 163.32672119140625,191.7168731689453,0.1960693746805191 | 3.094881906307023e-09,2.2606599259233917e-08,-6.865310524517554e-07 | 0 | -1.8992728655575775e-05,-6.146153282315936e-06,-1.7130467044879083e-09 | -6.9301826499668095e-09,-1.3682067390163866e-07,4.576874744088855e-06 | 0,0
13830 | 461.0000240430236 | 163.32672119140625,191.7168731689453,0.1960693746805191 | 3.86892207160372e-09,2.362848583459254e-08,7.05601394201949e-07 | 0 | 3.8143163692438975e-05,-7.235435077745933e-06,9.231750364158131e-10 | 1.2150151462719805e-07,7.90117155702319e-07,-5.721084903598239e-07 | 0,0
13840 | 461.3333573937416 | 163.32672119140625,191.7168731689453,0.1960693746805191 | 0.0,0.0,0.0 | 0 | 0.0,0.0,0.0 | -3.458760389207782e-08,1.5217925408705923e-07,-3.0321789381559938e-05 | 0,0
13850 | 461.66669074445963 | 163.32672119140625,191.7168731689453,0.1960693746805191 | -2.961709544280211e-09,-4.0648542309895674e-09,-5.911795142310439e-07 | 0 | 1.0028988981503062e-05,4.894988705927972e-06,5.667748215198998e-11 | -9.364881314866125e-09,2.0642441711515858e-07,2.2884373720444273e-06 | 0,0
13860 | 462.00002409517765 | 163.32672119140625,191.7168731689453,0.1960693746805191 | 2.7696478444028116e-09,-5.540504233181309e-08,5.530388875740755e-07 | 0 | -2.917395977419801e-05,-5.164542926650029e-06,4.179477652854757e-09 | 1.1357735019146276e-07,-2.0174493329250254e-06,-1.94517142517725e-05 | 0,0
13870 | 462.3333574458957 | 163.32672119140625,191.7168731689453,0.1960693746805191 | 6.234106286751029e-11,1.9670745032840387e-08,-5.530388875740755e-07 | 0 | -1.4455788004852366e-05,-2.8772191740245034e-07,-1.353020584460296e-09 | 2.5163815475792717e-09,-2.0569028436057124e-07,4.004764832643559e-06 | 0,0
13880 | 462.6666907966137 | 163.32672119140625,191.7168731689453,0.1960693746805191 | 1.207226124622096e-10,2.9313989458046308e-08,8.581638439864037e-07 | 0 | 5.0449438276700675e-05,-2.0721458326988795e-07,7.154593584246527e-10 | 1.8216899988487967e-08,6.793152920181456e-07,4.004764832643559e-06 | 0,0
13890 | 463.0000241473317 | 163.32672119140625,191.7168731689453,0.1960693746805191 | 0.0,0.0,0.0 | 0 | 0.0,0.0,0.0 | -1.723181597412804e-08,-1.1764399232561118e-07,-3.604288212954998e-05 | 0,0
13900 | 463.33335749804974 | 163.32672119140625,191.7168731689453,0.1960693746805191 | 1.2363002843684967e-09,-4.962919408768585e-09,-6.293201408880122e-07 | 0 | 2.7338586733094417e-05,-1.895802483886655e-06,2.5544941162358725e-10 | -1.3038771840001573e-07,7.572438676106685e-07,-9.153746759693604e-06 | 0,0
13910 | 463.66669084876776 | 163.32672119140625,191.7168731689453,0.1960693746805191 | -1.3419337863140868e-10,-5.50158425483005e-08,7.818825906724669e-07 | 0 | -2.856079845514614e-05,-4.603921297530178e-07,3.2797113913574094e-09 | -7.634167964454264e-09,-1.821832370296761e-06,-1.4302730050985701e-05 | 0,0
13920 | 464.0000241994858 | 163.32672119140625,191.7168731689453,0.1960693746805191 | 3.547080684729309e-11,1.462016108177977e-08,-4.1954677953981445e-07 | 0 | -1.8456501493346877e-05,-2.2853085113183624e-07,-1.2941040461456055e-09 | 2.5093425115585433e-09,-2.0923235410919006e-07,4.004763013654156e-06 | 0,0
13930 | 464.3333575502038 | 163.32672119140625,191.7168731689453,0.1960693746805191 | -4.865080560634283e-10,6.670145324960686e-09,7.246716791087238e-07 | 0 | 5.3465635573957115e-05,3.24550910590915e-08,1.8617184460723024e-09 | -9.964807645701512e-09,-6.723026331201254e-07,3.432654466450913e-06 | 0,0
13940 | 464.6666909009218 | 163.32672119140625,191.7168731689453,0.1960693746805191 | 0.0,0.0,0.0 | 0 | 0.0,0.0,0.0 | -4.164236599990545e-08,-5.1728250127780484e-08,-3.4326552849961445e-05 | 0,0
13950 | 465.00002425163984 | 163.32672119140625,191.7168731689453,0.1960693746805191 | -8.15843226309454e-11,-3.915695823142329e-10,-6.102498559812375e-07 | 0 | 2.8629878215724602e-05,2.3285186045995943e-07,1.2379481884039478e-09 | 3.074685395176857e-09,9.682459989335257e-08,2.2884357804286992e-06 | 0,0
13960 | 465.33335760235786 | 163.32672119140625,191.7168731689453,0.1960693746805191 | 2.1399301775026913e-10,-4.902829431330247e-08,8.009528755792417e-07 | 0 | -2.3830836653360166e-05,-1.0473924021425773e-06,3.2780576031399278e-09 | -7.3118382459824716e-09,-1.854945935519936e-06,-1.4302730050985701e-05 | 0,0
13970 | 465.6666909530759 | 163.32672119140625,191.7168731689453,0.1960693746805191 | 1.3100435181101489e-09,3.918632085486706e-09,-4.1954677953981445e-07 | 0 | -1.9224733478040434e-05,-1.330810050603759e-06,-8.979341575843236e-11 | 2.3678904170765236e-08,-5.164364438314806e-07,4.004763013654156e-06 | 0,0
13980 | 466.0000243037939 | 163.32672119140625,191.7168731689453,0.1960693746805191 | 3.655175495609342e-09,2.489964145979684e-08,7.05601394201949e-07 | 0 | 3.915023626177572e-05,-6.890009899507277e-06,8.740291268516387e-10 | 1.2149430972385744e-07,7.910536510280508e-07,-5.721084903598239e-07 | 0,0
13990 | 466.33335765451193 | 163.32672119140625,191.7168731689453,0.1960693746805191 | 8.448068633537531e-12,-2.8149109709829645e-09,1.0488669204278267e-06 | 0 | -3.4550037526059896e-05,-1.9267711195425363e-06,-3.795928293914841e-10 | -3.367998857584098e-08,-7.875891014919034e-07,-1.4874838598188944e-05 | 0,0
14000 | 466.66669100522995 | 163.32672119140625,191.7168731689453,0.1960693746805191 | 5.756049525906803e-10,-8.122678529787208e-09,-5.530388875740755e-07 | 0 | 2.483649950590916e-05,-8.066338637036097e-07,1.9099866133132082e-10 | -1.3039233692779817e-07,7.563143071820377e-07,-9.153746759693604e-06 | 0,0
14010 | 467.00002435594797 | 163.32672119140625,191.7168731689453,0.1960693746805191 | 4.824258215130328e-10,-5.24578780414231e-08,7.818825906724669e-07 | 0 | -2.6535808501648717e-05,-1.4757139297216781e-06,3.345447252556255e-09 | -7.626964837470496e-09,-1.8225773601443507e-06,-1.4302730050985701e-05 | 0,0
14020 | 467.333357706666 | 163.32672119140625,191.7168731689453,0.1960693746805191 | 6.234092408963221e-11,1.9670745032840387e-08,-5.530388875740755e-07 | 0 | -1.4455788004852366e-05,-2.8772191740245034e-07,-1.3530333520250792e-09 | 2.5163888750512342e-09,-2.0569028436057124e-07,4.004764832643559e-06 | 0,0
14030 | 467.666691057384 | 163.32672119140625,191.7168731689453,0.1960693746805191 | -2.8079824576643375e-10,6.7130745406984715e-09,7.246716791087238e-07 | 0 | 5.3545605624094605e-05,-3.463913174073241e-07,1.872786814516303e-09 | -3.793500624738044e-09,-6.710147886224149e-07,3.432654466450913e-06 | 0,0
14040 | 468.00002440810204 | 163.32672119140625,191.7168731689453,0.1960693746805191 | 9.918635912598006e-10,-8.67437233154078e-09,1.163288743555313e-06 | 0 | -2.7199259420740418e-05,-2.578184876256273e-06,-9.944067791423095e-10 | -1.643676839080399e-08,-2.767372109246935e-07,2.2884373720444273e-06 | 0,0
14050 | 468.33335775882006 | 163.32672119140625,191.7168731689453,0.1960693746805191 | 7.149790204330486e-10,-1.3063058190709853e-08,-5.530388875740755e-07 | 0 | 2.384441722824704e-05,-1.0761905286926776e-06,-1.3953601607497035e-09 | 1.3400395459939318e-07,1.4587117220798973e-06,-2.2884357804286992e-06 | 0,0
14060 | 468.6666911095381 | 163.32672119140625,191.7168731689453,0.1960693746805191 | 1.1819122347489497e-09,-6.426463272646288e-08,8.96304470643372e-07 | 0 | -3.127698437310755e-05,-2.594993475213414e-06,1.5859517032978943e-09 | 5.911617417808657e-09,-2.366324594049729e-07,2.288439191033831e-06 | 0,0
14070 | 469.0000244602561 | 163.32672119140625,191.7168731689453,0.1960693746805191 | -1.3845360968822717e-10,2.093896434018916e-08,-5.530388875740755e-07 | 0 | -1.3273916920297779e-05,5.844830042178728e-08,-1.3922940578225962e-09 | -5.951222292743807e-10,-2.00683729190132e-07,4.004764832643559e-06 | 0,0
14080 | 469.3333578109741 | 163.32672119140625,191.7168731689453,0.1960693746805191 | 5.99183536120762e-10,2.560153156139222e-08,8.96304470643372e-07 | 0 | 4.743302633869462e-05,-9.78086973191239e-07,8.83061901379989e-10 | 2.3242979096949057e-08,6.184894232319493e-07,4.576874744088855e-06 | 0,0
14090 | 469.66669116169214 | 163.32672119140625,191.7168731689453,0.1960693746805191 | -2.776971763651659e-09,5.868729502367387e-09,1.353991819996736e-06 | 0 | -1.543191865494009e-05,5.396120286604855e-06,-1.4944280257722653e-09 | -1.378962934950323e-07,2.5200466780006536e-07,6.865312570880633e-06 | 0,0
14100 | 470.00002451241016 | 163.32672119140625,191.7168731689453,0.1960693746805191 | 8.342550539275351e-10,-9.3443395243753e-09,-5.14898317760526e-07 | 0 | 2.159894756914582e-05,-1.2371646107567358e-06,1.418527295626859e-09 | 6.237781402518294e-09,2.2358847218129085e-07,2.2884357804286992e-06 | 0,0
14110 | 470.3333578631282 | 163.32672119140625,191.7168731689453,0.1960693746805191 | 2.554136624421943e-10,-5.711310890887944e-08,7.818825906724669e-07 | 0 | -2.991951805597637e-05,-1.0726802202043473e-06,3.3694158574348876e-09 | -1.014421435741042e-08,-1.813349399526487e-06,-1.4302730050985701e-05 | 0,0
14120 | 470.6666912138462 | 163.32672119140625,191.7168731689453,0.1960693746805191 | 4.708862744173814e-10,1.603334354172148e-08,-4.0047643778962083e-07 | 0 | -1.7339232726953924e-05,-9.442966870665259e-07,-1.2420192652129458e-09 | 2.9291984393609027e-09,-2.1374096093040862e-07,4.004764832643559e-06 | 0,0
14130 | 471.0000245645642 | 163.32672119140625,191.7168731689453,0.1960693746805191 | 3.523620561995955e-10,2.941415111479273e-08,8.581638439864037e-07 | 0 | 5.052919368608855e-05,-5.860424607817549e-07,7.495167264615077e-10 | 1.8994800399241285e-08,6.810322474848363e-07,4.004764832643559e-06 | 0,0
14140 | 471.33335791528225 | 163.32672119140625,191.7168731689453,0.1960693746805191 | 0.0,0.0,0.0 | 0 | 0.0,0.0,0.0 | -2.975591506526598e-08,2.602311610644392e-07,-3.489866139716469e-05 | 0,0
14150 | 471.66669126600027 | 163.32672119140625,191.7168731689453,0.1960693746805191 | 7.149790204330486e-10,-1.3063058190709853e-08,-5.530388875740755e-07 | 0 | 2.384441722824704e-05,-1.0761905286926776e-06,-1.3953601607497035e-09 | 1.3400392617768375e-07,1.4587114947062219e-06,-2.2884357804286992e-06 | 0,0
14160 | 472.0000246167183 | 163.32672119140625,191.7168731689453,0.1960693746805191 | 8.673324836117047e-10,-5.598787922167503e-08,8.200231604860164e-07 | 0 | -2.9331440600799397e-05,-2.0939946807629894e-06,3.447873764272913e-09 | -7.626970166541014e-09,-1.8225773601443507e-06,-1.4302733688964508e-05 | 0,0
14170 | 472.3333579674363 | 163.32672119140625,191.7168731689453,0.1960693746805191 | 6.234101429525296e-11,1.9670745032840387e-08,-5.530388875740755e-07 | 0 | -1.4455788004852366e-05,-2.8772191740245034e-07,-1.3530587761323432e-09 | 2.5163875427836047e-09,-2.0569028436057124e-07,4.004764832643559e-06 | 0,0
14180 | 472.66669131815434 | 163.32672119140625,191.7168731689453,0.1960693746805191 | -3.1907149145027347e-10,6.081186221251755e-09,7.437419640154985e-07 | 0 | 5.2369385230122134e-05,-2.75450815934164e-07,1.88807902645749e-09 | -4.9417039349464176e-09,-6.899714435348869e-07,4.004763013654156e-06 | 0,0
14190 | 473.00002466887236 | 163.32672119140625,191.7168731689453,0.1960693746805191 | 1.4248670021643761e-09,1.4656095226328603e-09,1.1251480600549257e-06 | 0 | -2.6971565603162162e-05,-2.4251344257208984e-06,-1.1153949985853728e-09 | -8.86993756221699e-10,4.938510755891912e-08,1.7163255279228906e-06 | 0,0
14200 | 473.3333580195904 | 163.32672119140625,191.7168731689453,0.1960693746805191 | -3.1363325270206133e-09,-1.7043580768927313e-08,-5.530388875740755e-07 | 0 | 4.358193564257817e-06,5.2126356422377285e-06,-2.274579857797221e-09 | -3.598729136911061e-08,1.5335043599407072e-06,2.2884373720444273e-06 | 0,0
14210 | 473.6666913703084 | 163.32672119140625,191.7168731689453,0.1960693746805191 | -6.668500474038552e-11,-5.4468948462726985e-08,8.581638439864037e-07 | 0 | -2.8128009944339283e-05,-5.723573508475965e-07,3.2839353458768983e-09 | -7.626963949292076e-09,-1.8225775875180261e-06,-1.4302730050985701e-05 | 0,0
14220 | 474.0000247210264 | 163.32672119140625,191.7168731689453,0.1960693746805191 | 4.447102130988867e-10,1.680042593932285e-08,-4.0047643778962083e-07 | 0 | -1.6729483832023107e-05,-9.038467396749184e-07,-1.2578202923663184e-09 | 2.515299524219472e-09,-2.070532900688704e-07,4.004764832643559e-06 | 0,0
14230 | 474.33335807174444 | 163.32672119140625,191.7168731689453,0.1960693746805191 | -2.807979682106776e-10,6.7130745406984715e-09,7.246716791087238e-07 | 0 | 5.3545605624094605e-05,-3.463913174073241e-07,1.872786814516303e-09 | -3.793497960202785e-09,-6.710147886224149e-07,3.432654466450913e-06 | 0,0
14240 | 474.66669142246246 | 163.32672119140625,191.7168731689453,0.1960693746805191 | 1.4374600398880943e-09,9.566513137215793e-10,1.1442184586485382e-06 | 0 | -2.7581538233789615e-05,-2.4276639578602044e-06,-1.0880041312333333e-09 | -2.7833433335899826e-09,2.031262269497347e-08,1.7163289385280223e-06 | 0,0
14250 | 475.0000247731805 | 163.32672119140625,191.7168731689453,0.1960693746805191 | -3.6975846828823933e-09,2.7969020877094408e-08,-1.6400463209720328e-06 | 0 | 4.440256816451438e-05,7.806707799318247e-06,-3.1358231566969152e-09 | 2.7088961473964446e-07,-1.4239518577596755e-06,4.119185541640036e-05 | 0,0
14260 | 475.3333581238985 | 163.32672119140625,191.7168731689453,0.1960693746805191 | 7.77952202657417e-10,3.6542608938816556e-09,1.411202788403898e-06 | 0 | -3.019064388354309e-05,-1.5288400163626648e-06,3.406997350907659e-09 | -7.634196386163694e-09,-1.8218321429230855e-06,-1.4302731869975105e-05 | 0,0
14270 | 475.6666914746165 | 163.32672119140625,191.7168731689453,0.1960693746805191 | 1.2129697246621163e-09,5.020869497940339e-09,-4.1954677953981445e-07 | 0 | -1.835181683418341e-05,-1.175521788354672e-06,-1.1821485457197412e-10 | 2.3678898841694718e-08,-5.164361596143863e-07,4.004763013654156e-06 | 0,0
14280 | 476.00002482533455 | 163.32672119140625,191.7168731689453,0.1960693746805191 | -5.522649698663784e-11,2.688314459931007e-08,8.581638439864037e-07 | 0 | 4.8497557145310566e-05,8.800577688816702e-08,7.388428202581565e-10 | 1.557532058882316e-08,6.402300414265483e-07,4.004764832643559e-06 | 0,0
14290 | 476.33335817605257 | 163.32672119140625,191.7168731689453,0.1960693746805191 | 0.0,0.0,0.0 | 0 | 0.0,0.0,0.0 | -3.681138238675885e-08,2.376968097905774e-07,-3.489866139716469e-05 | 0,0
14300 | 476.6666915267706 | 163.32672119140625,191.7168731689453,0.1960693746805191 | 1.447494346606959e-09,-5.575179873318348e-09,-6.293201408880122e-07 | 0 | 2.6853573217522353e-05,-2.239052264485508e-06,2.9575339399734446e-10 | -1.303875905023233e-07,7.571385935989383e-07,-9.153746759693604e-06 | 0,0
14310 | 477.0000248774886 | 163.32672119140625,191.7168731689453,0.1960693746805191 | -2.711724844672858e-09,-5.2141956530249445e-08,8.581638439864037e-07 | 0 | -1.2695224540948402e-05,4.762687240145169e-06,1.1838787727924682e-09 | -1.4786272117817134e-07,-1.280692796257199e-08,6.865310751891229e-06 | 0,0
14320 | 477.33335822820663 | 163.32672119140625,191.7168731689453,0.1960693746805191 | 2.848938196464701e-09,2.0652866083992194e-08,-6.102498559812375e-07 | 0 | -2.195013985328842e-05,-5.779306320619071e-06,-1.381276648615426e-09 | 1.0969610997335622e-07,-6.772459215653726e-08,-5.721101956623897e-07 | 0,0
14330 | 477.66669157892466 | 163.32672119140625,191.7168731689453,0.1960693746805191 | -4.865077229965209e-10,6.670144880871476e-09,7.246716791087238e-07 | 0 | 5.3465635573957115e-05,3.24550910590915e-08,1.8617184460723024e-09 | -9.964800540274155e-09,-6.723025194332877e-07,3.432654466450913e-06 | 0,0
14340 | 478.0000249296427 | 163.32672119140625,191.7168731689453,0.1960693746805191 | 3.5894656691404236e-10,5.6324389596795754e-09,1.2014294270557002e-06 | 0 | -3.20421349897515e-05,-1.6884235947145498e-06,-2.1659321003397736e-09 | -1.398597149204761e-08,2.712818059080746e-07,1.1442203913247795e-06 | 0,0
14350 | 478.3333582803607 | 163.32672119140625,191.7168731689453,0.1960693746805191 | 1.3726905168098824e-09,-4.5042356511260095e-09,-5.911795142310439e-07 | 0 | 2.5409573936485685e-05,-2.131308292518952e-06,1.4585387342336276e-09 | 3.916146962268385e-09,2.0629425989682204e-07,2.2884373720444273e-06 | 0,0
14360 | 478.6666916310787 | 163.32672119140625,191.7168731689453,0.1960693746805191 | 5.118663715109051e-09,1.4917697299665633e-08,1.5256244978445466e-06 | 0 | 6.3194488575391006e-06,-9.415361091669183e-06,-1.4832579608992091e-09 | 1.3911541429934005e-07,6.909737635396596e-07,1.4302726413006894e-05 | 0,0
14370 | 479.00002498179674 | 163.32672119140625,191.7168731689453,0.1960693746805191 | 8.34772084790103e-10,1.7941191643444654e-08,-5.14898317760526e-07 | 0 | -1.5828230971237645e-05,-1.5446779570993385e-06,-1.2092086221215936e-09 | 2.9306155280295343e-09,-2.1250248494197876e-07,4.004764832643559e-06 | 0,0
14380 | 479.33335833251476 | 163.32672119140625,191.7168731689453,0.1960693746805191 | -5.778548195500832e-10,6.291985599204963e-09,7.246716791087238e-07 | 0 | 5.316402166499756e-05,1.8287792613591591e-07,1.8544159541278304e-09 | -1.0256545834863573e-08,-6.787738584534964e-07,3.432654466450913e-06 | 0,0
14390 | 479.6666916832328 | 163.32672119140625,191.7168731689453,0.1960693746805191 | 0.0,0.0,0.0 | 0 | 0.0,0.0,0.0 | -1.3278149246787052e-08,-1.7739067459388025e-07,-3.547076994436793e-05 | 0,0
14400 | 480.0000250339508 | 163.32672119140625,191.7168731689453,0.1960693746805191 | 1.0039805653505596e-09,-5.231533428684543e-09,-6.293201408880122e-07 | 0 | 2.485574623278808e-05,-1.5269430377884419e-06,1.3953473931849203e-09 | 6.237818261922712e-09,2.2360437412771716e-07,2.2884373720444273e-06 | 0,0
14410 | 480.3333583846688 | 163.32672119140625,191.7168731689453,0.1960693746805191 | 2.1838955990838294e-11,-5.93609641441617e-08,9.153747555501468e-07 | 0 | -3.200176797690801e-05,-7.022158570180181e-07,3.3565410451075195e-09 | -7.6341786225953e-09,-1.8218321429230855e-06,-1.4302728231996298e-05 | 0,0
14420 | 480.66669173538685 | 163.32672119140625,191.7168731689453,0.1960693746805191 | 8.516317651086069e-10,2.453415248737656e-09,-4.1954677953981445e-07 | 0 | -2.038476668531075e-05,-5.773095494987501e-07,-1.4354478716782637e-10 | 2.3678728311438135e-08,-5.165198331269494e-07,4.004763013654156e-06 | 0,0
14430 | 481.00002508610487 | 163.32672119140625,191.7168731689453,0.1960693746805191 | -4.865080560634283e-10,6.670145324960686e-09,7.246716791087238e-07 | 0 | 5.3465635573957115e-05,3.24550910590915e-08,1.8616930219650385e-09 | -9.96481208659361e-09,-6.723025762767065e-07,3.432654466450913e-06 | 0,0
14440 | 481.3333584368229 | 163.32672119140625,191.7168731689453,0.1960693746805191 | 0.0,0.0,0.0 | 0 | 0.0,0.0,0.0 | -2.1926711113451347e-08,-1.6351532394764945e-07,-3.604288212954998e-05 | 0,0
14450 | 481.6666917875409 | 163.32620239257812,191.7168731689453,0.19606617093086243 | -0.012600166723132133,0.000268103409325704,6.102498559812375e-07 | 0 | -0.0013062692014500499,-0.006979824975132942,0.0032020644284784794 | 0.22238154709339142,0.008942031301558018,4.6340843255165964e-05 | 0,0
14460 | 482.00002513825893 | 163.40695190429688,191.7166748046875,0.19639232754707336 | 0.6806297302246094,-0.0008406453998759389,4.081045972270658e-06 | 0 | -0.012779568322002888,0.14460718631744385,-0.41345423460006714 | 3.497131824493408,0.03420339897274971,-9.153735845757183e-06 | 0,0
14470 | 482.33335848897696 | 163.91636657714844,191.71701049804688,0.196889266371727 | 2.088540554046631,-0.004410516005009413,1.94517133422778e-06 | 90.1 | -0.000230262492550537,0.06976781785488129,-0.42541661858558655 | 3.7424681186676025,-0.021596593782305717,1.2014292224193923e-05 | 0,0
14480 | 482.666691839695 | 164.8002166748047,191.7161102294922,0.19687369465827942 | 3.109839677810669,-0.00970598217099905,-9.7258566711389e-07 | 90.2 | -0.0014076788211241364,-0.04037352651357651,-0.40467050671577454 | 2.7442715167999268,-0.0021978465374559164,5.549459456233308e-05 | 0,0
14490 | 483.000025190413 | 165.626220703125,191.71414184570312,0.19584563374519348 | 1.9200350046157837,-0.008884252049028873,-1.2872457773482893e-05 | 90.3 | -0.004232392646372318,-0.47747454047203064,-0.2564871907234192 | -7.28962516784668,0.026523832231760025,-0.00010412388655822724 | 0,0
14500 | 483.333358541131 | 166.23695373535156,191.71197509765625,0.1958509087562561 | 2.013772487640381,-0.009562153369188309,7.4755603236553725e-06 | 90.3 | 0.00021469694911502302,0.30437755584716797,-0.17694708704948425 | 3.6458513736724854,0.01846650429069996,1.6019052054616623e-05 | 0,0
14510 | 483.66669189184904 | 167.09487915039062,191.70816040039062,0.1966235339641571 | 3.0336639881134033,-0.01744438335299492,3.3754445212252904e-06 | 90.3 | -0.0007257165852934122,0.08413626998662949,-0.2503189444541931 | 2.751466989517212,-0.012556537054479122,9.15374948817771e-06 | 0,0
14520 | 484.00002524256706 | 168.26077270507812,191.70201110839844,0.19671550393104553 | 3.890530586242676,-0.02294990047812462,-1.6781871181592578e-06 | 90.3 | -0.004437154624611139,-0.01721673086285591,-0.2014399617910385 | 1.9690202474594116,0.04532698169350624,-5.4922486015129834e-05 | 0,0
14530 | 484.3333585932851 | 169.2581787109375,191.696044921875,0.19566592574119568 | 2.5098533630371094,-0.018006421625614166,-1.1823590284620877e-05 | 90.4 | -3.051776729989797e-05,-0.37147781252861023,-0.14954373240470886 | -4.665655612945557,-0.025733111426234245,1.7163255279228906e-06 | 0,0
