Simulation Frame | Timestamp | Position | Velocity | Heading | Angular Velocity | Acceleration | Stopped at Red Light + Light ID 
950 | 31.666668318212032 | 103.14962005615234,191.5670623779297,0.21472541987895966 | 5.157589435577393,0.006173298228532076,2.002382188948104e-06 | 89.9 | 0.00027488768682815135,0.07603698968887329,0.043097589164972305 | 0.05600452050566673,0.007195220794528723,-1.2014299500151537e-05 | 0,0
990 | 33.00000172108412 | 110.02289581298828,191.577392578125,0.21491119265556335 | 5.153348445892334,0.00962167326360941,-8.009528755792417e-07 | 89.9 | -0.0011148767080157995,0.021868057548999786,0.02261381782591343 | 0.05438804253935814,0.0005649122758768499,5.1489827455952764e-05 | 0,0
1028 | 34.2666684538126 | 112.97154998779297,191.5832977294922,0.21751491725444794 | -0.005424599628895521,-0.00017394851602148265,0.0002742119540926069 | 0 | 0.017916090786457062,-1.3952131271362305,0.00025608978467062116 | 0.02329174242913723,0.00047856909804977477,-0.0023570905905216932 | 1,5
1069 | 35.63333519175649 | 112.9732894897461,191.5833282470703,0.2145707607269287 | -1.1330386769259349e-05,1.5565166222586413e-07,-2.421929139018175e-06 | 0 | -4.742080272990279e-05,-0.002817173022776842,-1.4670641235170478e-07 | 4.9633224989520386e-05,-3.940817350667203e-06,-8.009532393771224e-06 | 1,5
1111 | 37.03333526477218 | 112.97329711914062,191.5833282470703,0.2145654261112213 | -1.674770189197261e-08,-9.410361201389605e-08,-4.386170644465892e-07 | 0 | 2.3573580619995482e-05,-4.258599801687524e-06,5.648274736813619e-08 | 3.068677472128911e-07,-2.94415053758712e-06,-1.3158511137589812e-05 | 1,5
1151 | 38.36666866764426 | 112.97329711914062,191.5833282470703,0.2145654261112213 | 9.919167709426802e-09,-1.2515882552577295e-08,-8.96304470643372e-07 | 0 | 3.82971256840392e-06,2.460392579450854e-06,9.129572653421292e-09 | 6.3999734400965735e-09,2.1363282698416697e-08,-4.576874744088855e-06 | 1,5
1191 | 39.70000207051635 | 112.97329711914062,191.5833282470703,0.2145654261112213 | -6.144268205332537e-09,1.1647998121588898e-08,-1.3158512501831865e-06 | 0 | -3.5632322124001803e-06,-1.523490141153161e-06,-8.45875192112544e-09 | 3.436562678871269e-08,-5.2356011082110854e-08,-4.576874744088855e-06 | 1,5
1233 | 41.10000214353204 | 112.97329711914062,191.5833282470703,0.2145654261112213 | -2.0699717495631376e-09,4.204114834038819e-09,-1.3349215066682518e-07 | 0 | -1.1435886335675605e-06,-5.099737450109387e-07,-2.768989260104604e-09 | -6.209914715782361e-08,1.2612343880391563e-07,-4.004764377896208e-06 | 1,5
1275 | 42.50000221654773 | 112.97329711914062,191.5833282470703,0.2145654261112213 | 9.705834358442189e-09,-1.3227992035069747e-08,-7.437419640154985e-07 | 0 | 3.926174031221308e-06,2.4047553779382724e-06,9.401874834225055e-09 | 3.419546956706654e-08,-5.2150333829104056e-08,-4.576873379846802e-06 | 1,5
1312 | 43.73333561420441 | 112.97329711914062,191.5833282470703,0.2145654261112213 | -8.237156734480777e-09,1.7286529541138407e-08,-7.437419640154985e-07 | 0 | -5.1252395678602625e-06,-2.0388995380926644e-06,-1.2201865295935477e-08 | -2.0600799288672533e-08,7.239304977701977e-08,-4.576873379846802e-06 | 1,5
1354 | 45.1333356872201 | 112.97329711914062,191.5833282470703,0.2145654261112213 | 5.342131181862442e-09,-3.75761644022532e-09,-1.4302730733106728e-06 | 0 | 1.2104336519769276e-06,1.3266567293612752e-06,2.9085907016224155e-09 | -2.075198501927389e-08,7.308529603733405e-08,-4.576874744088855e-06 | 1,5
1395 | 46.500002425163984 | 112.97329711914062,191.5833282470703,0.2145654261112213 | -3.486099742211479e-10,1.4283280114213426e-09,-5.7210922221884175e-08 | 0 | -3.6128713531979884e-07,-8.516249039303148e-08,-8.713927357462126e-10 | -7.8893926058754e-08,2.5561028849097056e-08,5.1489827455952764e-05 | 1,5
1436 | 47.86666916310787 | 112.97329711914062,191.5833282470703,0.2145654261112213 | 9.115420640526395e-10,1.2672661808821317e-09,-5.911795142310439e-07 | 0 | -4.2039053482767486e-07,2.254875539620116e-07,-9.432071790271834e-10 | 7.087651798798333e-09,-4.4959033718150465e-10,-4.576873379846802e-06 | 1,5
1474 | 49.13333589583635 | 112.97329711914062,191.5833282470703,0.2145654261112213 | 1.483012601610767e-09,3.496543887759884e-10,-6.674607675449806e-07 | 0 | -1.593506340213935e-07,3.670893136131781e-07,-3.3332062110424943e-10 | 3.458095676478479e-08,-6.451661960227284e-08,-4.576873379846802e-06 | 1,5
1515 | 50.50000263378024 | 112.97329711914062,191.5833282470703,0.2145654261112213 | 8.872450552033229e-10,5.107117839742159e-09,-1.2014294270557002e-06 | 0 | -1.4583700931325438e-06,2.2328968896090373e-07,-3.445566720827742e-09 | -2.0704689518424857e-08,7.301412097149296e-08,-4.576874744088855e-06 | 1,5
1556 | 51.86666937172413 | 112.97329711914062,191.5833282470703,0.2145654261112213 | -1.1225754353860751e-10,5.217840381988026e-09,-1.6972574030660326e-06 | 0 | -1.6271427512037917e-06,-2.73669069628113e-08,-3.824764061022279e-09 | 3.4302669149610665e-08,-5.2318625876068836e-08,-4.576874744088855e-06 | 1,5
1595 | 53.16666943952441 | 112.97329711914062,191.5833282470703,0.2145654261112213 | 5.774872802177811e-10,-1.021739803874766e-09,-7.628123199765469e-08 | 0 | 2.584242508874013e-07,1.4161277306357078e-07,6.490000759029613e-10 | -9.230325836995235e-09,-2.756849255547422e-07,5.2061936003156006e-05 | 1,5
1631 | 54.36666950210929 | 112.97329711914062,191.5833282470703,0.2145654261112213 | -1.1225754353860751e-10,5.217840381988026e-09,-1.6972574030660326e-06 | 0 | -1.6271427512037917e-06,-2.73669069628113e-08,-3.824764061022279e-09 | 3.4302669149610665e-08,-5.231864008692355e-08,-4.576874744088855e-06 | 1,5
1672 | 55.73333624005318 | 112.97329711914062,191.5833282470703,0.2145654261112213 | 2.862704961970053e-09,-4.525669616839423e-09,-3.8140612446113664e-07 | 0 | 1.3060614492133027e-06,7.079902957229933e-07,3.142212046114423e-09 | 3.427108552500613e-08,-5.222729981824159e-08,-4.576872925099451e-06 | 1,5
1713 | 57.100002977997065 | 112.98538970947266,191.5833282470703,0.214090958237648 | 0.20191970467567444,0.00032914403709582984,-5.988076281937538e-06 | 0 | 0.002243177965283394,-0.7475594878196716,-0.05312469229102135 | 3.4211983680725098,0.005763177759945393,-8.181160956155509e-05 | 0,0
1754 | 58.46666971594095 | 116.05933380126953,191.5902099609375,0.21077723801136017 | 3.9654455184936523,0.009758231230080128,1.2891527148894966e-05 | 89.9 | -0.0006380159757100046,0.10881355404853821,0.018151819705963135 | 2.115790605545044,0.0064350939355790615,-6.178780313348398e-05 | 0,0
1791 | 59.70000311359763 | 121.87908172607422,191.60508728027344,0.2146347314119339 | 4.83676815032959,0.012359190732240677,3.241952072130516e-06 | 89.9 | -0.0019339603604748845,0.11593631654977798,-0.0008807832491584122 | -0.20366190373897552,-0.0009376275702379644,-9.382590360473841e-05 | 0,0
1832 | 61.06666985154152 | 128.46669006347656,191.75643920898438,0.21514254808425903 | 4.471467971801758,1.3996790647506714,-0.0014817247865721583 | 72.6 | 9.467982292175293,1.4338653087615967,33.83509826660156 | -4.012770175933838,7.991648197174072,-0.015794793143868446 | 0,0
1872 | 62.400003254413605 | 131.870849609375,196.42068481445312,0.21552103757858276 | 0.6679636836051941,4.749256610870361,0.003471844829618931 | 8.0 | -3.2737276554107666,-10.6365327835083,26.47860336303711 | 3.4400758743286133,-2.3243520259857178,0.019514648243784904 | 0,0
1912 | 63.73333665728569 | 132.29013061523438,200.1238555908203,0.21518638730049133 | 0.033765099942684174,2.278998613357544,7.067455590004101e-05 | 0.8 | -2.1773459911346436,-0.49189189076423645,4.905937671661377 | -0.17204302549362183,-4.684023380279541,0.00014302712224889547 | 0,0
1951 | 65.03333672508597 | 132.33355712890625,203.11851501464844,0.216129869222641 | -0.026238800957798958,1.8846553564071655,2.2102487491793e-05 | 359.2 | 1.6534016132354736,0.19047152996063232,1.6736913919448853 | -0.0536409355700016,2.4651787281036377,-0.00019508916011545807 | 0,0
1991 | 66.36667012795806 | 132.31423950195312,205.1405029296875,0.217381551861763 | 0.0008110168273560703,-0.004778771661221981,8.02287831902504e-05 | 0 | 1.2274481058120728,0.08822635561227798,0.0007305454928427935 | -0.0019509943667799234,0.01707320846617222,-0.0007305832114070654 | 0,0
2031 | 67.70000353083014 | 132.31407165527344,205.14218139648438,0.2145770639181137 | 4.821835659640783e-07,-8.556796274206135e-06,5.7210922221884175e-08 | 0 | 0.002122721867635846,0.0001380984322167933,-2.9373785537245567e-07 | -5.756162977377244e-07,-8.416770288022235e-05,-2.288436689923401e-06 | 0,0
2070 | 69.00000359863043 | 132.31407165527344,205.14218139648438,0.21456503868103027 | -1.0827488949871622e-07,-1.1481953521297328e-07,-6.102498559812375e-07 | 0 | 2.8525106245069765e-05,-3.0447848985204473e-05,-7.915934219226983e-08 | -9.100536431105866e-07,-6.682462299067993e-07,1.1442186860222137e-06 | 0,0
2110 | 70.33333700150251 | 132.31407165527344,205.14218139648438,0.21456503868103027 | -2.6549749065907235e-08,7.30603666454499e-09,-8.200231604860164e-07 | 0 | -1.7313921034656232e-06,-5.883211088075768e-06,-1.2399838489329795e-08 | -2.584999663213239e-07,4.355123905952496e-08,-4.5768715608573984e-06 | 0,0
2151 | 71.7000037394464 | 132.31407165527344,205.14218139648438,0.21456503868103027 | -1.0426401964025445e-09,-1.7846698341372758e-08,-1.3730621049035108e-06 | 0 | 4.432390596775804e-06,-2.638485341321939e-07,-1.8338706109233271e-09 | -7.072461727375412e-08,-1.3585718328101848e-08,-4.5768715608573984e-06 | 0,0
2193 | 73.10000381246209 | 132.31407165527344,205.14218139648438,0.21456503868103027 | -2.293529810515338e-09,-4.679228116089007e-10,-1.5256246399530937e-07 | 0 | 1.1524041099164606e-07,-6.240198331397551e-07,-1.4917889146204288e-09 | -6.880588898638962e-08,-1.4037683015999392e-08,-4.576873834594153e-06 | 0,0
2230 | 74.33333721011877 | 132.30409240722656,205.82638549804688,0.209172323346138 | -0.04654154181480408,2.147308111190796,-4.8152523959288374e-05 | 358.8 | 0.18371270596981049,0.045652151107788086,0.6804706454277039 | -0.09850747138261795,3.186521291732788,0.0004908698610961437 | 0,0
2272 | 75.73333728313446 | 132.23507690429688,209.3336639404297,0.21162185072898865 | -0.06122719496488571,3.0462558269500732,-4.700830686488189e-05 | 358.8 | 0.4292270839214325,-0.005720017943531275,0.07109885662794113 | -0.0396544449031353,2.2941324710845947,5.263409184408374e-05 | 0,0
2313 | 77.10000402107835 | 132.1576690673828,213.21786499023438,0.21114958822727203 | -0.07683435827493668,3.9126229286193848,3.9856940929894336e-06 | 358.9 | -0.2979249656200409,-0.018099967390298843,-0.025752726942300797 | 0.006716697942465544,0.5505537390708923,0.00026889133732765913 | 0,0
2355 | 78.50000409409404 | 132.07020568847656,218.49278259277344,0.21663416922092438 | -0.03471427783370018,3.47225022315979,4.3499370804056525e-05 | 359.4 | -1.9624662399291992,-0.03691588714718819,-0.4648814797401428 | 0.11164359003305435,-4.211253643035889,-0.0005337778711691499 | 0,0
2393 | 79.76667082682252 | 132.0416717529297,223.6114044189453,0.21338798105716705 | 0.005792026873677969,4.635673999786377,2.3113210772862658e-05 | 0.1 | -0.374883234500885,-0.047838762402534485,-0.5748128294944763 | 0.17588573694229126,-8.583068120060489e-05,-5.6066797696985304e-05 | 0,0
11185 | 372.8333527781069 | 135.93572998046875,226.05877685546875,0.21685710549354553 | 0.01956303045153618,-1.9306368827819824,4.338494909461588e-05 | 179.4 | 2.1902668476104736,0.4059974253177643,2.143256425857544 | -0.03973334655165672,5.060948848724365,-0.000651632493827492 | 0,0
11226 | 374.2000195160508 | 135.9728546142578,222.02804565429688,0.21110881865024567 | 0.08874098211526871,-4.384289264678955,1.1461254871392157e-05 | 178.8 | 0.13378454744815826,-0.0074400343000888824,1.1862010955810547 | 0.1686221957206726,-1.7209910154342651,7.265786553034559e-05 | 0,0
11267 | 375.5666862539947 | 136.07752990722656,216.5818634033203,0.21262961626052856 | 0.09049665927886963,-4.604382038116455,2.0519650206551887e-05 | 178.9 | 0.3330972492694855,0.006348807830363512,0.028240913525223732 | 0.004209726583212614,-0.41826722025871277,9.840277198236436e-05 | 0,0
11308 | 376.9333529919386 | 136.18948364257812,210.39915466308594,0.2175413817167282 | 0.04547320678830147,-3.5908398628234863,-7.952317901072092e-06 | 179.3 | 1.8981024026870728,0.03897705301642418,-0.406698614358902 | -0.14010976254940033,6.049875736236572,-0.00044624516158364713 | 1,6
11349 | 378.3000197298825 | 136.2008514404297,209.50991821289062,0.21488799154758453 | 6.544615871462156e-07,0.0003740625106729567,-6.674607902823482e-06 | 0 | -0.09324513375759125,0.00036482131690718234,2.2481103769678157e-06 | -5.518264970305609e-06,0.0005608959472738206,1.6591146049904637e-05 | 1,6
11391 | 379.70001980289817 | 136.2008514404297,209.50962829589844,0.21456699073314667 | -2.4066347137363664e-08,3.195390490873251e-06,-1.1251480600549257e-06 | 0 | -0.0007942528463900089,-1.8222095832243212e-06,3.8617404385377085e-08 | -2.4115925043588504e-06,-9.760864486452192e-06,0.0 | 1,6
11430 | 381.00001987069845 | 136.2008514404297,209.50962829589844,0.21456493437290192 | 3.0378838999922664e-08,-1.7296967413926723e-08,-1.735397972879582e-06 | 0 | 4.231898856232874e-06,6.901566848682705e-06,-1.3264759068931653e-08 | 1.8856221686291974e-06,-8.920467848838598e-07,-5.721084903598239e-07 | 1,6
11472 | 382.40001994371414 | 136.2008514404297,209.50962829589844,0.21456493437290192 | -4.791420038507965e-10,2.391433273629673e-09,-5.7210922221884175e-08 | 0 | -5.921064030189882e-07,-1.3394858910942276e-07,2.5329044417432556e-10 | -9.125084687866547e-09,4.767182559817229e-08,-1.1442183449617005e-06 | 1,6
11514 | 383.80002001672983 | 136.2008514404297,209.50962829589844,0.21456493437290192 | -1.570913260584561e-10,-7.514033839584044e-09,-2.288436888875367e-07 | 0 | 1.8650951005838579e-06,-7.118317313370426e-08,1.9837925746557517e-10 | 1.945816663351252e-08,-4.7504382649776744e-08,-1.1442186860222137e-06 | 1,6
11554 | 385.1333534196019 | 136.2008514404297,209.50962829589844,0.21456493437290192 | -6.433676508210695e-11,1.4558102501283088e-09,-3.2419524131910293e-07 | 0 | -3.635271639268467e-07,-3.91421934864411e-08,1.8759603592766183e-10 | 1.9449288402029197e-08,-4.760536498338297e-08,-1.1442186860222137e-06 | 1,6
11591 | 386.3666868172586 | 136.2008514404297,209.50962829589844,0.21456493437290192 | 2.255025721709103e-09,9.435260350798558e-10,-3.0512492799061874e-07 | 0 | -2.3288328065973474e-07,6.884148433528026e-07,-1.7032311117048948e-09 | -9.172621773245737e-09,4.768654093822988e-08,-1.1442186860222137e-06 | 1,6
11632 | 387.7333535552025 | 136.2008514404297,209.50962829589844,0.21456493437290192 | -4.536911291097567e-08,-3.4022868078409374e-08,-4.576873777750734e-07 | 0 | 8.311231795232743e-06,-9.300282727053855e-06,2.480654970327123e-08 | -1.4826272831669485e-07,-1.515139835817081e-08,-1.1442178902143496e-06 | 1,6
11672 | 389.06668695807457 | 136.2008514404297,209.50962829589844,0.21456493437290192 | 1.034583640979747e-09,-2.385517783309865e-09,-5.7210922221884175e-08 | 0 | 5.906626938667614e-07,2.899309095028002e-07,-6.191491208618061e-10 | 1.967564955407397e-08,-4.756061855459848e-08,-1.1442183449617005e-06 | 1,6
11712 | 390.40002036094666 | 136.2008514404297,209.50962829589844,0.21456493437290192 | -1.230081148051454e-09,6.361148940925432e-09,-1.5256246399530937e-07 | 0 | -1.5782611626491416e-06,-3.5815023124996515e-07,8.124826922362161e-10 | -9.00766927713903e-09,4.762276972769541e-08,-1.1442184586485382e-06 | 1,6
11750 | 391.66668709367514 | 136.2008514404297,209.50962829589844,0.21456493437290192 | -2.134836973866072e-09,2.1244306314116557e-09,-1.7163276311293885e-07 | 0 | -5.292691298564023e-07,-6.606362603633897e-07,1.6593296736644447e-09 | 2.7369704724833355e-08,-4.77169876944572e-08,-1.1442183449617005e-06 | 1,6
11791 | 393.033353831619 | 136.2008514404297,209.50962829589844,0.21456493437290192 | 3.9512202398839236e-09,-3.821785110602605e-09,-3.0512492799061874e-07 | 0 | 9.500149644736666e-07,1.1087602160841925e-06,-2.6398370156499595e-09 | 7.382230649000121e-08,7.71509434116524e-09,-1.1442186860222137e-06 | 1,6
11832 | 394.4000205695629 | 136.2008514404297,209.50962829589844,0.21456493437290192 | -4.109942608465644e-09,5.2586583976221846e-09,-4.386170644465892e-07 | 0 | -1.3075996321276762e-06,-1.2551942063510069e-06,3.092761824419199e-09 | 1.9485078439629433e-08,-4.7652530810182725e-08,-1.1442186860222137e-06 | 1,6
11874 | 395.8000206425786 | 136.2008514404297,209.50962829589844,0.21456493437290192 | -1.0799697802710284e-09,5.567539762552087e-09,-1.3349215066682518e-07 | 0 | -1.381113293064118e-06,-3.1332885441770486e-07,7.006569213707792e-10 | -9.00968100125965e-09,4.76321737608032e-08,-1.1442184586485382e-06 | 1,6
11912 | 397.0666873753071 | 136.2008514404297,209.50962829589844,0.21456493437290192 | -1.1207580419281271e-09,2.2513486630515445e-09,-1.5256246399530937e-07 | 0 | -5.610531275124231e-07,-3.4551069916233246e-07,8.969060494301573e-10 | -1.5259042029924785e-08,-2.7718192185943735e-08,-1.1442184586485382e-06 | 1,6
11952 | 398.40002077817917 | 136.2008514404297,209.50962829589844,0.21456493437290192 | 4.632442429652883e-09,-7.779832777998763e-09,-2.479139880051662e-07 | 0 | 1.934092779265484e-06,1.3896564041715465e-06,-3.405486559415749e-09 | 3.025305872483841e-08,2.8230136450702048e-08,-1.1442178902143496e-06 | 1,6
11993 | 399.76668751612306 | 136.2008514404297,209.50962829589844,0.21456493437290192 | 1.328102960940214e-09,1.5805881048436277e-09,-3.8140612446113664e-07 | 0 | -3.9479209590354003e-07,3.80064648197731e-07,-8.034821696867311e-10 | 1.9437868203908693e-08,-4.760536498338297e-08,-1.1442178902143496e-06 | 1,6
12034 | 401.13335425406694 | 136.2008514404297,209.50962829589844,0.21456493437290192 | -3.2845801078984493e-10,1.5969889854972052e-09,-3.814061599882734e-08 | 0 | -3.9475108337683196e-07,-8.908855164690976e-08,1.4233017542331083e-10 | -9.853740046139592e-09,4.790966556811327e-08,-1.1442184586485382e-06 | 1,6
12072 | 402.4000209867954 | 136.2008514404297,209.50962829589844,0.21456493437290192 | -2.6574953349012276e-09,3.736177589530598e-09,-5.7210922221884175e-08 | 0 | -9.251298820345255e-07,-7.45340571484121e-07,1.6524978052601114e-09 | -5.0516380412091166e-08,7.450365302474893e-08,-1.1442183449617005e-06 | 1,6
12113 | 403.7666877247393 | 136.2008514404297,209.50962829589844,0.21456493437290192 | 3.3005385091655626e-09,-7.929407352946782e-09,-1.9070306223056832e-07 | 0 | 1.96764290194551e-06,9.694319942354923e-07,-2.2670614274744594e-09 | 1.9413009866298125e-08,-4.7495230859340154e-08,-1.1442178902143496e-06 | 1,6
12154 | 405.1333544626832 | 136.2008514404297,209.50962829589844,0.21456493437290192 | 1.3025418521550591e-09,7.906773569210657e-10,-3.2419524131910293e-07 | 0 | -1.9852997468206013e-07,3.720075198998529e-07,-7.90141674311684e-10 | 1.9439410081645292e-08,-4.759588989600161e-08,-1.1442186860222137e-06 | 1,6
12195 | 406.5000212006271 | 136.2008514404297,209.50962829589844,0.21456493437290192 | -1.8447483540739995e-09,-6.1821365804348716e-09,-4.576873777750734e-07 | 0 | 1.5344973007813678e-06,-5.785890380138881e-07,1.4087465638468188e-09 | 1.9455862698691817e-08,-4.7520465784600674e-08,-1.1442178902143496e-06 | 1,6
12235 | 407.8333546034992 | 136.2008819580078,209.50770568847656,0.21447055041790009 | 0.00048704087384976447,-0.030449939891695976,-2.803335064527346e-06 | 0 | -0.07947666198015213,-0.005688609089702368,-0.0014131679199635983 | 0.002850757446140051,-0.31679463386535645,-8.009526027308311e-06 | 0,0
12276 | 409.20002134144306 | 136.21888732910156,206.78578186035156,0.21067993342876434 | 0.008963503874838352,-3.755711555480957,1.5332527254940942e-05 | 179.9 | 0.12375661730766296,0.01753741130232811,-0.41348588466644287 | -0.05930405482649803,-2.1622822284698486,-5.0917711632791907e-05 | 0,0
12318 | 410.60002141445875 | 136.214111328125,200.61708068847656,0.22102729976177216 | -0.013362705707550049,-2.7726213932037354,-0.00011354460730217397 | 180.3 | 1.6370686292648315,-0.022485796362161636,-0.17580020427703857 | 0.008870595134794712,6.886431694030762,-0.0006087241345085204 | 0,0
12356 | 411.86668814718723 | 136.20419311523438,197.7951202392578,0.21068964898586273 | 0.015494235791265965,-3.5480024814605713,6.884381036798004e-06 | 179.7 | 0.05596669390797615,-0.24355551600456238,0.8012421727180481 | 0.1579456925392151,-2.2074649333953857,0.0001321572344750166 | 0,0
12397 | 413.2333548851311 | 137.85736083984375,193.31163024902344,0.21888229250907898 | 2.057391405105591,-1.4962018728256226,9.941351163433865e-05 | 126.0 | -1.4692789316177368,-1.1128548383712769,27.17332649230957 | 1.8342875242233276,-0.4350864589214325,-0.0014445757260546088 | 0,0
12437 | 414.5666882880032 | 141.3194580078125,191.85923767089844,0.21429511904716492 | 2.9005446434020996,-0.37787139415740967,-0.00010151124297408387 | 97.4 | 0.6583185195922852,-1.4534316062927246,18.21487045288086 | 2.177431344985962,0.14234034717082977,-0.0005875558708794415 | 0,0
12478 | 415.9333550259471 | 144.9381561279297,191.48458862304688,0.21576839685440063 | 2.3430747985839844,-0.019792769104242325,7.576632924610749e-05 | 90.5 | -0.4346376955509186,2.2986812591552734,5.354098320007324 | -5.678135871887207,0.757371187210083,-0.00029635263490490615 | 0,0
12516 | 417.2000217586756 | 148.164306640625,191.43716430664062,0.21596622467041016 | 2.642930030822754,0.02861829847097397,4.002857531304471e-05 | 89.4 | -0.12949074804782867,0.4618362486362457,1.9234517812728882 | 0.1983618587255478,0.005581397097557783,-0.0005148983327671885 | 0,0
12557 | 418.56668849661946 | 153.42556762695312,191.5093536376953,0.21312770247459412 | 4.673404216766357,0.09137372672557831,2.953990588139277e-05 | 88.9 | -0.07474265992641449,0.4540303945541382,0.36731651425361633 | 0.0096702566370368,-0.06785116344690323,-4.0047593756753486e-06 | 0,0
12598 | 419.93335523456335 | 158.68209838867188,191.60951232910156,0.22335201501846313 | 1.1490669250488281,0.02104255184531212,-7.397372246487066e-05 | 89.0 | 0.006579138338565826,-0.3337973356246948,-0.01775912195444107 | -0.8057677149772644,-0.015593300573527813,0.0013822156470268965 | 0,0
12639 | 421.30002197250724 | 161.69781494140625,191.66094970703125,0.21823294460773468 | 1.6909537315368652,0.023060491308569908,7.1895055953064e-06 | 89.2 | 0.011237936094403267,-1.007660150527954,-0.14088128507137299 | 0.9573089480400085,-0.0012811458436772227,0.0004079138452652842 | 0,0
12678 | 422.6000220403075 | 164.1825714111328,191.6912384033203,0.22175444662570953 | -0.007066676858812571,-1.5764500858495012e-05,0.00010807143553392962 | 0 | 0.01603153720498085,-1.9025170803070068,0.0003678121720440686 | -0.021579710766673088,0.0005072750500403345,0.0017609521746635437 | 0,0
12718 | 423.9333554431796 | 164.1868133544922,191.69129943847656,0.21459151804447174 | -4.147924846620299e-05,3.482456634174014e-07,-2.517280563552049e-06 | 0 | -0.00012030101788695902,-0.010313051752746105,1.9698815378887957e-07 | 9.776954539120197e-05,1.5553210914731608e-06,-1.8879603885579854e-05 | 0,0
12759 | 425.3000221811235 | 164.18682861328125,191.69129943847656,0.21456588804721832 | -3.1932242450238846e-07,-4.143988974192325e-08,1.926101049321005e-06 | 0 | 1.1781732609961182e-05,-7.940628711367026e-05,3.222013589265771e-08 | 1.4453205494646681e-06,-1.281188019675028e-06,8.009526027308311e-06 | 0,0
12799 | 426.6333555839956 | 164.18682861328125,191.69129943847656,0.2145645022392273 | -1.6306425099088528e-09,2.0877162221211165e-09,9.535153111528416e-08 | 0 | -5.280797950035776e-07,-4.0021950553637e-07,-1.3646733743044592e-09 | -8.748516506784654e-07,1.106946001527831e-06,4.6340843255165964e-05 | 0,0
12837 | 427.90002231672406 | 164.18682861328125,191.69129943847656,0.2145645022392273 | 3.8386883005614436e-08,-9.802174361084326e-08,-3.4517256608523894e-06 | 0 | 2.4720780857023783e-05,9.398478141520172e-06,6.097369720237111e-08 | 1.1516063977978774e-06,-2.9406521662167506e-06,-0.00010355176345910877 | 0,0
12877 | 429.23335571959615 | 164.18682861328125,191.69129943847656,0.2145645022392273 | -7.1196688544716835e-09,1.593305398728262e-08,3.0321787107823184e-06 | 0 | -4.430860371940071e-06,-1.7629899957682937e-06,-1.0404045625023173e-08 | -8.994069133905214e-08,-9.893754793210974e-08,9.153743121714797e-06 | 0,0
12918 | 430.60002245754004 | 164.18682861328125,191.69129943847656,0.2145645022392273 | -8.136469276109892e-09,4.595503000359713e-08,-1.659116833252483e-06 | 0 | -1.150929801951861e-05,-1.9069735799348564e-06,-3.0026377828562545e-08 | 5.385686208114748e-08,2.7439969585429935e-07,5.148980108060641e-06 | 0,0
12959 | 431.9666891954839 | 164.18682861328125,191.69129943847656,0.2145645022392273 | -1.2080533906555502e-08,7.448917216379414e-08,1.9070307644142304e-06 | 0 | -1.812168920878321e-05,-2.864824637072161e-06,-4.594991054318598e-08 | 2.7313962647212975e-08,5.036653192291851e-07,3.432654466450913e-06 | 0,0
12996 | 433.2000225931406 | 164.18682861328125,191.69129943847656,0.2145645022392273 | 2.872383397800604e-08,-3.952771621129614e-08,-1.7544682577863568e-06 | 0 | 7.297797310457099e-06,6.989761004660977e-06,2.002600218986572e-08 | 1.1977729172940599e-06,-2.7681310257321456e-06,-7.437420663336525e-06 | 0,0
13038 | 434.6000226661563 | 164.18682861328125,191.69129943847656,0.2145645022392273 | -4.278154275283441e-09,3.979453921942877e-08,-2.8414758617145708e-06 | 0 | 3.110563966401969e-07,-9.259831585950451e-07,1.4291980099390145e-10 | -7.64288046184447e-08,1.12697910026327e-06,6.865308932901826e-06 | 0,0
13080 | 436.000022739172 | 164.18682861328125,191.69129943847656,0.2145645022392273 | -1.2429837603633587e-08,3.540190007811361e-08,1.4493433582174475e-06 | 0 | -9.828037036641035e-06,-3.080231863350491e-06,-2.2628995566265075e-08 | -1.0438961339787056e-07,3.0743490242457483e-06,-2.8033355192746967e-05 | 0,0
13120 | 437.33335614204407 | 164.18682861328125,191.69129943847656,0.2145645022392273 | -1.1905247454535584e-08,5.484408305278521e-08,-1.4684136431242223e-06 | 0 | -1.6292206055368297e-05,-2.964804934890708e-06,-3.826021810482416e-08 | -5.735464991829531e-09,2.391435032222944e-07,3.432654466450913e-06 | 0,0
13160 | 438.66668954491615 | 164.18682861328125,191.69129943847656,0.2145645022392273 | -1.2335501509141977e-08,7.60669891519683e-08,2.0214527012285544e-06 | 0 | -1.8592159904073924e-05,-2.9263580927363364e-06,-4.70599381685588e-08 | -7.648893962652892e-09,4.733407976686976e-08,3.4326578770560445e-06 | 0,0
13201 | 440.03335628286004 | 164.18682861328125,191.69129943847656,0.2145645022392273 | -5.3674895639233e-09,1.2874203925150596e-08,2.7270539249002468e-06 | 0 | -2.0020888769067824e-06,-1.3162178902348387e-06,-3.0731770461756014e-09 | -2.4567455625401635e-07,9.139173926087096e-06,4.1191859054379165e-05 | 0,0
13243 | 441.43335635587573 | 164.18682861328125,191.69129943847656,0.2145645022392273 | -1.082069633895344e-08,3.699108219734626e-08,-1.735397972879582e-06 | 0 | -1.084844370780047e-05,-2.693244823603891e-06,-2.5249724089349e-08 | -3.9960032505170773e-10,-1.3654697283982387e-07,3.432654466450913e-06 | 0,0
13281 | 442.7000230886042 | 164.18682861328125,191.69129943847656,0.2145645022392273 | -1.0969783303949043e-08,4.747835546936585e-08,1.544694896438159e-06 | 0 | -1.3979606592329219e-05,-2.7224348286836175e-06,-3.303816598076992e-08 | -2.649541741561734e-08,2.781464445433812e-07,4.004763013654156e-06 | 0,0
13322 | 444.0666898265481 | 164.18682861328125,191.69129943847656,0.2145645022392273 | 2.924038078333524e-08,-3.587915742286896e-08,-1.6400463209720328e-06 | 0 | 6.602150278922636e-06,7.1243021011468954e-06,1.8569064508255906e-08 | 1.5496402383519126e-08,1.0945654338456734e-07,3.4326578770560445e-06 | 0,0
13363 | 445.433356564492 | 164.18682861328125,191.69129943847656,0.2145645022392273 | -4.2781533871050215e-09,3.979453921942877e-08,-2.8414758617145708e-06 | 0 | 3.110563966401969e-07,-9.259831585950451e-07,1.429754648007986e-10 | -7.642877619673527e-08,1.12697910026327e-06,6.865308932901826e-06 | 0,0
13404 | 446.8000233024359 | 164.18682861328125,191.69129943847656,0.2145645022392273 | -8.268642659459147e-09,-6.638344984821742e-08,2.3837885692046257e-06 | 0 | 1.671405516390223e-05,-2.089212784994743e-06,4.00997066662967e-08 | -1.2228236982991803e-06,3.253944669268094e-06,1.716328006295953e-05 | 0,0
13442 | 448.06669003516436 | 164.18682861328125,191.69129943847656,0.2145645022392273 | -9.466893935439202e-09,4.3959190065834264e-08,-1.8498197960070684e-06 | 0 | -8.857427019393072e-06,-2.308344846824184e-06,-2.0720982263355836e-08 | 6.537924690519503e-08,-1.1701806812425275e-07,5.721095476474147e-06 | 0,0
13483 | 449.43335677310824 | 164.18682861328125,191.69129943847656,0.2145645022392273 | -1.3693893130550805e-08,5.98006550944774e-08,1.8307495111002936e-06 | 0 | -1.770996823324822e-05,-3.4005565794359427e-06,-4.1867924238658816e-08 | -5.739301922602635e-09,2.3935933768370887e-07,3.432654466450913e-06 | 0,0
13523 | 450.76669017598033 | 164.18682861328125,191.69129943847656,0.2145645022392273 | 2.8993055067871865e-08,-3.431379269613899e-08,-1.5256244978445466e-06 | 0 | 6.131444479251513e-06,7.062742042762693e-06,1.7457972845136283e-08 | -7.42003747333797e-09,4.6961151412006075e-08,3.432654466450913e-06 | 0,0
13565 | 452.166690248996 | 165.96490478515625,191.70208740234375,0.21007423102855682 | 3.161684274673462,0.007884693332016468,3.39070065820124e-05 | 89.9 | -0.020078830420970917,0.2456969916820526,-0.3535672724246979 | 2.297072172164917,-0.02880309522151947,6.579258479177952e-05 | 0,0
13604 | 453.4666903167963 | 169.2528839111328,191.70501708984375,0.2109736204147339 | 3.4714512825012207,-0.008297043852508068,-1.3520847460313234e-05 | 90.1 | -0.026906795799732208,-0.07989051192998886,-0.29345205426216125 | 2.218308210372925,-0.08040782809257507,0.0001504647225374356 | 0,0
17598 | 586.600030593574 | 98.53886413574219,191.69129943847656,0.21640528738498688 | 2.9941155910491943,-0.018739400431513786,0.0008909075404517353 | 90.4 | 0.024927226826548576,-2.732168674468994,-0.314756840467453 | 2.743985414505005,-0.0038390231784433126,-0.004519663285464048 | 0,0
17636 | 587.8666973263025 | 101.90796661376953,191.669189453125,0.211566761136055 | 3.161654233932495,-0.025732392445206642,-3.0073873858782463e-05 | 90.5 | 0.006306649651378393,0.027126941829919815,-0.132586270570755 | 0.5594372153282166,0.0010519287316128612,0.0003192370350006968 | 0,0
17675 | 589.1666973941028 | 105.19326782226562,191.64292907714844,0.21587242186069489 | 2.2452392578125,-0.018475012853741646,7.458397158188745e-05 | 90.5 | 0.008272797800600529,2.4417765140533447,-0.040023330599069595 | -5.7610697746276855,0.04492532089352608,-0.00040848591015674174 | 0,0
17714 | 590.4666974619031 | 105.52010345458984,191.64044189453125,0.2147223949432373 | -0.00021408818429335952,2.05849869416852e-06,-5.492248419614043e-06 | 0 | -0.0005247544613666832,-0.0532887801527977,-1.087229748009122e-06 | 0.00016849239182192832,-3.192981012034579e-06,-0.00010812863183673471 | 0,0
17751 | 591.7000308595598 | 105.52024841308594,191.64044189453125,0.21456679701805115 | -2.273834979860112e-06,6.280185260720828e-08,-1.1442184586485382e-06 | 0 | -1.2599529327417258e-05,-0.0005651107057929039,-2.7047333261975837e-08 | 2.1891785308980616e-06,4.811127382708946e-06,-1.544694896438159e-05 | 0,0
17790 | 593.0000309273601 | 105.52024841308594,191.64044189453125,0.21456564962863922 | -4.846729684260254e-09,1.711147312732919e-08,-8.581638439864037e-07 | 0 | -4.757276201416971e-06,-1.1798797459050547e-06,-1.116471004536379e-08 | 8.035628411562357e-07,1.5527831465078634e-06,-5.721084903598239e-07 | 0,0
17828 | 594.2666976600885 | 105.52024841308594,191.64044189453125,0.21456564962863922 | 4.151536447949411e-09,-1.416033779122472e-08,-1.0107263506142772e-06 | 0 | 4.204425749776419e-06,1.0187868610955775e-06,9.947858536918375e-09 | 6.5981082819632775e-09,-5.1904077480458e-08,-4.576874744088855e-06 | 0,0
17866 | 595.533364392817 | 105.52024841308594,191.64044189453125,0.21456564962863922 | -2.032446877464622e-09,6.1722769117977805e-09,-1.0488669204278267e-06 | 0 | -1.8691018794925185e-06,-4.977511594006501e-07,-4.474749459859595e-09 | -3.416080929241616e-08,-1.1049973380750089e-08,-4.576873379846802e-06 | 0,0
17901 | 596.7000311203301 | 105.52024841308594,191.64044189453125,0.21456564962863922 | 7.745966090766387e-10,-3.6707226147569827e-09,-6.674607675449806e-07 | 0 | 1.092349634745915e-06,1.9068831136337394e-07,2.5374502499175833e-09 | -3.4186530939450677e-08,-1.045896613760533e-08,-4.576873379846802e-06 | 0,0
17939 | 597.9666978530586 | 105.52024841308594,191.64044189453125,0.21456564962863922 | 1.3538480336805492e-09,-1.0683481876938572e-09,-7.437419640154985e-07 | 0 | 3.0502050663017144e-07,3.3698557899697335e-07,6.766606719388335e-10 | -1.4114331925441093e-08,-3.802470160962912e-08,-4.576873379846802e-06 | 0,0
17976 | 599.2000312507153 | 105.52024841308594,191.64044189453125,0.21456564962863922 | -3.2942998329232864e-10,-4.850496670982807e-10,-7.05601394201949e-07 | 0 | 1.594757321754514e-07,-8.505960380489341e-08,4.619944149464317e-10 | 6.169237565245567e-08,8.738664014629194e-09,-4.576874744088855e-06 | 0,0
18014 | 600.4666979834437 | 105.52024841308594,191.64044189453125,0.21456564962863922 | 2.5220028287975538e-09,1.8184317385205873e-09,-7.818825906724669e-07 | 0 | -5.356813517209957e-07,6.254815616557607e-07,-1.179516484484111e-09 | 6.14710415902664e-08,1.1381631637163991e-08,-4.576873379846802e-06 | 0,0
18049 | 601.6333647109568 | 105.52024841308594,191.64044189453125,0.21456564962863922 | 5.741818132065646e-10,1.4207974796676126e-09,-3.623358395543619e-07 | 0 | -4.771731596520112e-07,1.441456305428801e-07,-1.130658455750222e-09 | -1.3922645258901412e-08,-4.127827324396094e-08,-4.576873379846802e-06 | 0,0
18087 | 602.9000314436853 | 105.52024841308594,191.64044189453125,0.21456564962863922 | -2.0555359636631465e-09,-2.622775774341335e-09,-4.767576911035576e-07 | 0 | 7.39388838155719e-07,-5.128700308887346e-07,1.7407162378191288e-09 | -1.374446778612537e-08,-3.1546210976785005e-08,-4.576873379846802e-06 | 0,0
18124 | 604.133364841342 | 105.52024841308594,191.64044189453125,0.21456564962863922 | 1.1143150291381687e-10,-1.7632499904607357e-09,-4.0047643778962083e-07 | 0 | 5.778308604931226e-07,2.480068594934437e-08,1.3920983255033548e-09 | -6.608686486941906e-09,3.025126105171694e-08,-4.576873379846802e-06 | 0,0
18160 | 605.3333649039268 | 105.52024841308594,191.64044189453125,0.21456564962863922 | 4.596129310474595e-10,1.4023000816099085e-10,-1.7163276311293885e-07 | 0 | 7.006061841785538e-10,1.1305574787456862e-07,2.7119122919527783e-11 | 1.3788387320801121e-08,4.206900161562999e-09,-5.148982381797396e-06 | 0,0
