Simulation Frame | Timestamp | Position | Velocity | Heading | Angular Velocity | Acceleration | Stopped at Red Light + Light ID 
8887 | 296.2333487831056 | 99.23456573486328,191.65977478027344,0.1726255714893341 | 5.412601947784424,0.010337522253394127,1.4302730733106728e-06 | 89.9 | 0.0005741852801293135,-0.02247649058699608,0.15095673501491547 | 0.017037389799952507,0.014941216446459293,4.576873470796272e-05 | 0,0
8926 | 297.5333488509059 | 106.27615356445312,191.677001953125,0.1726246178150177 | 5.435513973236084,0.014390631578862667,4.0047643778962083e-07 | 89.8 | -0.003358946181833744,-0.022566325962543488,-0.007796937134116888 | 0.01929759792983532,0.01116363238543272,-3.4326562854403164e-06 | 0,0
8967 | 298.9000155888498 | 113.22373962402344,191.68948364257812,0.1771332174539566 | 1.5940542221069336,-0.014654302038252354,-9.502733882982284e-05 | 90.5 | -0.08977023512125015,2.3369741439819336,-0.4718320965766907 | -16.358034133911133,-0.309124231338501,0.02422253042459488 | 1,5
9008 | 300.26668232679367 | 113.29559326171875,191.68934631347656,0.172256201505661 | -1.827090272854548e-05,2.0087016139314073e-07,2.059593271042104e-06 | 0 | -0.0001294628600589931,-0.009765413589775562,3.589240122892079e-07 | -0.0001747620408423245,5.037953769715386e-07,1.2014292224193923e-05 | 1,5
9049 | 301.63334906473756 | 113.29562377929688,191.68934631347656,0.1722090095281601 | -2.1329768173927732e-07,-1.729215171053511e-08,-2.288436888875367e-07 | 0 | 1.2280831469979603e-05,-0.00011456691572675481,1.0284724183406979e-08 | 8.5313979525381e-07,-8.42828569602716e-07,-2.4600694814580493e-05 | 1,5
9086 | 302.86668246239424 | 113.29562377929688,191.68934631347656,0.1722090095281601 | -1.0307207531923268e-08,-5.880938847013795e-09,5.7210922221884175e-08 | 0 | 3.6283281588112004e-06,-5.508587946678745e-06,6.234957689033038e-11 | -5.734764840781281e-07,-1.1925646958843572e-06,-5.148982381797396e-06 | 1,5
9128 | 304.2666825354099 | 113.29562377929688,191.68934631347656,0.1722090095281601 | -1.1725173054699667e-09,-1.1236619412713367e-09,-3.432655262258777e-07 | 0 | 8.193260896405263e-07,-6.275571422520443e-07,3.738069229153318e-11 | -3.903230627599896e-09,-3.653104263534601e-09,-1.1442178902143496e-06 | 1,5
9168 | 305.600015938282 | 113.29562377929688,191.68934631347656,0.1722090095281601 | -1.3026456580078616e-09,-1.2472263222207403e-09,-4.386170644465892e-07 | 0 | 9.10427957023785e-07,-6.972915684855252e-07,4.053908597700939e-11 | -3.884132571130294e-09,-2.6025179233890583e-10,-1.1442186860222137e-06 | 1,5
9210 | 307.0000160112977 | 113.29562377929688,191.68934631347656,0.1722090095281601 | -1.317069647788216e-10,-2.721378157544141e-11,-1.3349215066682518e-07 | 0 | -4.068042569471686e-10,-6.972601340748952e-08,1.5793217970384854e-13 | -3.909164991711123e-09,-4.270086950697305e-09,-1.1442184586485382e-06 | 1,5
9248 | 308.2666827440262 | 113.29562377929688,191.68934631347656,0.1722090095281601 | -1.9676391072032118e-10,-8.84207151941041e-11,-1.5256246399530937e-07 | 0 | 4.513386286930654e-08,-1.0459107357974062e-07,2.2714571109444526e-12 | -3.90327814514535e-09,-3.6534459901815808e-09,-1.1442184586485382e-06 | 1,5
9290 | 309.6666828170419 | 113.32137298583984,191.68923950195312,0.17187358438968658 | 0.30750221014022827,-0.0013189450837671757,4.767576911035576e-07 | 0 | -0.00510864332318306,-0.3982994556427002,-0.09437239915132523 | 3.2043731212615967,-0.010619975626468658,5.72109183849534e-06 | 0,0
9332 | 311.06668289005756 | 116.93970489501953,191.66712951660156,0.1712762415409088 | 3.9384641647338867,-0.03231274336576462,6.026216851751087e-06 | 90.5 | -0.002588982693850994,0.3927883207798004,-0.20544840395450592 | -0.0695800706744194,-0.013407244347035885,-5.206194327911362e-05 | 0,0
9374 | 312.46668296307325 | 123.62100982666016,191.61380004882812,0.17272990942001343 | 5.071531772613525,-0.04011194035410881,-0.00018912024097517133 | 90.5 | 0.0010671050986275077,0.03084503673017025,0.00696816761046648 | -0.001158714178018272,0.0019239260582253337,0.0010006189113482833 | 0,0
9414 | 313.80001636594534 | 129.81468200683594,192.70068359375,0.17276664078235626 | 3.8837785720825195,2.104557991027832,0.0013503495138138533 | 61.5 | -2.695021152496338,-1.433855652809143,10.342605590820312 | -1.084205985069275,1.7104624509811401,-0.009769330732524395 | 0,0
9456 | 315.20001643896103 | 132.14468383789062,198.0047149658203,0.17237457633018494 | 0.14561040699481964,5.032378196716309,-0.009363378398120403 | 1.7 | 0.09609834849834442,1.701035499572754,26.895727157592773 | -3.8491954803466797,-0.06610392779111862,0.12487425655126572 | 0,0
9498 | 316.6000165119767 | 132.33213806152344,203.5687713623047,0.17364326119422913 | -0.05034250766038895,2.230573892593384,0.0007213343633338809 | 358.7 | 1.5023499727249146,-0.0037297257222235203,1.8461906909942627 | 0.2137928307056427,2.811469793319702,-0.0027695815078914165 | 0,0
9538 | 317.9333499148488 | 132.29507446289062,205.4693145751953,0.17286239564418793 | -0.0008415836491622031,0.07682622969150543,1.2071504897903651e-05 | 0 | 0.517707884311676,0.02586333453655243,-0.007815937511622906 | -0.035972170531749725,2.323291301727295,-4.691295180236921e-05 | 0,0
9578 | 319.2666833177209 | 132.2411651611328,207.74246215820312,0.1737813949584961 | -0.04159201681613922,1.6514655351638794,-5.663880983775016e-06 | 358.6 | -0.07528986036777496,0.004628789145499468,0.09433883428573608 | -0.07206524908542633,0.5124484896659851,5.206194327911362e-05 | 0,0
9619 | 320.6333500556648 | 132.18910217285156,209.90069580078125,0.17371085286140442 | 6.540673348354176e-05,-0.001226196764037013,2.5916548111126758e-05 | 0 | 0.6832178831100464,0.021273279562592506,8.600522414781153e-05 | -0.0001478246704209596,0.0038793261628597975,-0.00014073886268306524 | 0,0
9661 | 322.03335012868047 | 132.18905639648438,209.901611328125,0.17221397161483765 | 1.1583234993395308e-07,-4.26844735557097e-06,-7.437419640154985e-07 | 0 | 0.0022884297650307417,7.016491872491315e-05,1.1484717177268067e-08 | -2.2172437184053706e-06,8.755363523960114e-06,-8.58163730299566e-06 | 0,0
9700 | 323.33335019648075 | 132.18905639648438,209.90164184570312,0.17220836877822876 | 2.153704059537631e-08,-7.463508922000983e-08,-1.907030799941367e-08 | 0 | 3.977772576035932e-05,1.5533512851106934e-05,-6.363281013221922e-10 | 5.4910259450480225e-08,-5.086848204882699e-07,0.0 | 0,0
9742 | 324.73335026949644 | 132.18678283691406,209.97283935546875,0.17144431173801422 | -0.013703652657568455,0.565739095211029,-1.5828354662517086e-06 | 0 | 0.4075123369693756,0.01059967465698719,-0.6390670537948608 | -0.07875532656908035,3.105221748352051,4.004766196885612e-06 | 0,0
9784 | 326.13335034251213 | 132.12864685058594,212.60108947753906,0.17431017756462097 | -0.019265741109848022,0.979523241519928,3.077947621932253e-05 | 0 | 1.3286693096160889,0.02888108231127262,-0.24207459390163422 | -0.07129260897636414,3.4910147190093994,0.0002471512125339359 | 0,0
9826 | 327.5333504155278 | 132.0653533935547,216.8531036376953,0.17187201976776123 | -0.027844570577144623,3.915501356124878,1.2014294270557002e-06 | 359.6 | -0.18691177666187286,0.003190011251717806,-0.6622734665870667 | -0.029246358200907707,-0.06907223910093307,-9.439801215194166e-05 | 0,0
9865 | 328.8333504833281 | 132.05081176757812,222.05479431152344,0.17247912287712097 | 0.010748341679573059,3.321483612060547,0.0003031225351151079 | 0.2 | 0.8153501749038696,0.032362792640924454,-0.32895171642303467 | -0.06624697893857956,2.2573182582855225,-0.0014016680652275681 | 0,0
13442 | 448.06669003516436 | 99.14283752441406,191.55776977539062,0.17536014318466187 | 0.8965392112731934,0.005587611813098192,3.943739284295589e-05 | 0 | 0.011251532472670078,-1.431130051612854,-0.041043031960725784 | 3.519864559173584,0.01251236442476511,0.0004096301272511482 | 0,0
13483 | 449.43335677310824 | 101.67310333251953,191.57388305664062,0.1762574315071106 | -0.0012752574402838945,1.4351334129969473e-06,-4.481521955312928e-06 | 0 | 0.003907560836523771,-0.7509517073631287,0.0001617273228475824 | -0.01479917112737894,-0.0005899624666199088,0.0006544928182847798 | 0,0
13523 | 450.76669017598033 | 103.82774353027344,191.58474731445312,0.17105956375598907 | 2.8365490436553955,0.012749162502586842,1.493205036240397e-05 | 89.7 | -0.009887585416436195,1.249295711517334,-0.011825266294181347 | -6.3013596534729,-0.028909070417284966,0.0001029796403599903 | 0,0
13565 | 452.166690248996 | 104.26549530029297,191.58680725097656,0.17226840555667877 | -5.563414379139431e-05,-3.942036244097835e-07,-8.390935590796289e-07 | 0 | 0.0002389892761129886,-0.029893342405557632,3.193304962678667e-07 | 0.00023720620083622634,-2.4165397007891443e-06,1.4302730050985701e-05 | 0,0
13604 | 453.4666903167963 | 104.26553344726562,191.58680725097656,0.17220905423164368 | 0.0,0.0,0.0 | 0 | 0.0,0.0,0.0 | 1.6324021999025717e-05,-1.2969669569429243e-06,8.009528755792417e-06 | 0,0
13645 | 454.8333570547402 | 104.26553344726562,191.58680725097656,0.17220905423164368 | -3.20468607206692e-09,1.4045039575805163e-09,-2.479139880051662e-07 | 0 | -9.861525995802367e-07,-1.711791924208228e-06,-4.384459115214234e-11 | -2.7373614486236875e-08,1.1298444846374878e-08,-2.288436689923401e-06 | 0,0
13685 | 456.1666904576123 | 104.26553344726562,191.58680725097656,0.17220905423164368 | -1.168780183746776e-09,-5.248155243720021e-10,-3.432655262258777e-07 | 0 | 5.378988703341747e-07,-6.257041604840197e-07,-1.360749186940513e-11 | 3.8248302303145465e-09,2.558592804291493e-08,-1.1442178902143496e-06 | 0,0
13726 | 457.53335719555616 | 104.26553344726562,191.58680725097656,0.17220905423164368 | 5.835684713240141e-10,-5.027832039594671e-10,-4.767576911035576e-07 | 0 | 4.483658955223291e-08,3.13944440222258e-07,2.9841972642996595e-11 | -1.138450755888698e-08,-6.996790347102433e-08,-2.2884373720444273e-06 | 0,0
13763 | 458.76669059321284 | 104.26553344726562,191.58680725097656,0.17220905423164368 | -6.386779993761138e-10,-2.321344227951272e-09,-5.911795142310439e-07 | 0 | 1.584723236192076e-06,-3.4315087305003544e-07,3.378269539111578e-11 | 1.1797735233187723e-08,-2.5745787723963076e-08,-2.2884357804286992e-06 | 0,0
13805 | 460.16669066622853 | 104.26553344726562,191.58680725097656,0.17220905423164368 | 1.2808878957493164e-10,1.042161912323536e-09,-3.814061599882734e-08 | 0 | -6.334895488180337e-07,6.752372883056523e-08,-1.482770850547155e-11 | 3.8426635207144955e-09,3.12648538169924e-08,-1.1442184586485382e-06 | 0,0
13846 | 461.5333574041724 | 104.26553344726562,191.58680725097656,0.17220905423164368 | -4.625052563156373e-10,9.541046841476941e-10,-2.0977338976990723e-07 | 0 | -1.012141865430749e-06,-2.4757696337474044e-07,3.6154489124751166e-11 | -1.537779503735237e-08,-4.3841957619861205e-08,-2.2884369172970764e-06 | 0,0
13887 | 462.9000241421163 | 104.26553344726562,191.58680725097656,0.17220905423164368 | 7.81177844633163e-10,-1.2422632922337584e-09,-4.386170644465892e-07 | 0 | 5.931845521445211e-07,4.204540573482518e-07,2.7615194853058966e-11 | -1.1534091015619197e-08,-5.9288058906759034e-08,-2.288436689923401e-06 | 0,0
13927 | 464.2333575449884 | 104.26553344726562,191.58680725097656,0.17220905423164368 | -3.1948899081868376e-10,-1.5105344752797123e-09,-5.911795142310439e-07 | 0 | 1.2748427025144338e-06,-1.6988973072784574e-07,-1.3580653962508293e-11 | 3.824449645861705e-09,2.573615454082301e-08,-1.1442186860222137e-06 | 0,0
13969 | 465.6333576180041 | 104.26553344726562,191.58680725097656,0.17220905423164368 | 5.850860351763743e-10,6.121636531020158e-10,-1.1442184444376835e-07 | 0 | -3.102381356256956e-07,3.1270712952391477e-07,-1.3897788302130731e-11 | 3.819640159719029e-09,2.6958897336726295e-08,-1.1442183449617005e-06 | 0,0
14010 | 467.00002435594797 | 104.26553344726562,191.58680725097656,0.17220905423164368 | 1.2261505699662223e-10,6.96942937389311e-12,-3.2419524131910293e-07 | 0 | -4.5041858243166644e-08,6.958957499136886e-08,-1.984258590770338e-11 | -1.9507394810602818e-08,-7.804564106095313e-09,-2.2884373720444273e-06 | 0,0
14050 | 468.33335775882006 | 104.26553344726562,191.58680725097656,0.17220905423164368 | 1.933668086762097e-10,9.83319203839983e-10,-4.386170644465892e-07 | 0 | -5.872679480489751e-07,1.0254872506720858e-07,-1.3482714077139857e-11 | 3.824796035445388e-09,2.5564816041878657e-08,-1.1442186860222137e-06 | 0,0
14091 | 469.70002449676394 | 104.26553344726562,191.58680725097656,0.17220905423164368 | -1.3027181555713696e-09,-2.1105601710758037e-09,-6.674607675449806e-07 | 0 | 1.5349418163168593e-06,-6.919547104189405e-07,-2.0221737478953727e-11 | -1.9505062454072686e-08,-7.064282048219184e-09,-2.2884373720444273e-06 | 0,0
14132 | 471.06669123470783 | 104.26553344726562,191.58680725097656,0.17220905423164368 | 4.056279617747904e-12,-9.053015004312215e-10,-1.5256246399530937e-07 | 0 | 8.225725309785048e-07,2.863169035194346e-09,-1.3990808511721298e-11 | 3.8195109297589624e-09,2.7076248798607594e-08,-1.1442184586485382e-06 | 0,0
14174 | 472.4666913077235 | 104.26553344726562,191.58680725097656,0.17220905423164368 | -3.1804389677425604e-10,-7.95429999644881e-10,-4.386170644465892e-07 | 0 | 4.49423339432542e-07,-1.7278239283768926e-07,3.600409900772483e-11 | 1.1947094868958175e-08,-3.63183225715602e-08,-1.7163281427201582e-06 | 0,0
14215 | 473.8333580456674 | 104.26553344726562,191.58680725097656,0.17220905423164368 | -6.44403974625618e-10,-1.6765735466606202e-09,-6.483904826382059e-07 | 0 | 1.3620276604342507e-06,-3.4391686654089426e-07,-2.2521083956061894e-11 | 7.670503343604196e-09,1.0987223575398275e-08,-1.7163289385280223e-06 | 0,0
14257 | 475.2333581186831 | 104.26553344726562,191.58680725097656,0.17220905423164368 | -7.834199400313935e-10,1.1163716617801356e-09,-1.5256246399530937e-07 | 0 | -6.878797194076469e-07,-4.2078286810465215e-07,-1.3895852350731541e-11 | 3.826748695701099e-09,2.6453678358961952e-08,-1.1442184586485382e-06 | 0,0
14297 | 476.5666915215552 | 104.26553344726562,191.58680725097656,0.17220905423164368 | 1.7648457140140295e-09,-1.962530360444248e-09,-3.432655262258777e-07 | 0 | 1.613857193660806e-06,9.469812312090653e-07,-1.3777458340857862e-11 | 3.819557559125997e-09,2.697005108132089e-08,-1.1442178902143496e-06 | 0,0
14339 | 477.9666915945709 | 104.26553344726562,191.58680725097656,0.17220905423164368 | 1.206815897214497e-10,6.163105581435957e-10,-5.530388875740755e-07 | 0 | -5.004308150091674e-07,6.799873375484822e-08,-2.009113188317091e-11 | -1.9505073112213722e-08,-7.099405507915435e-09,-2.2884357804286992e-06 | 0,0
14378 | 479.26669166237116 | 104.38721466064453,191.58799743652344,0.17107073962688446 | 0.8731355667114258,0.002935779979452491,-5.759232863056241e-06 | 0 | -0.005046667065471411,-0.5913642048835754,-0.2790987491607666 | 5.507806777954102,0.006959312129765749,-7.837895827833563e-05 | 0,0
14419 | 480.63335840031505 | 107.00680541992188,191.5956573486328,0.17394831776618958 | 1.012300968170166,0.003807010827586055,3.3392105251550674e-05 | 89.8 | 0.017098261043429375,-1.3095810413360596,-0.18176017701625824 | 3.4177403450012207,0.01752488873898983,0.00010584013216430321 | 0,0
14451 | 481.7000251226127 | 110.045166015625,191.60618591308594,0.1708221733570099 | 3.935868740081787,0.013617894612252712,7.22764616511995e-06 | 89.8 | -0.0041273608803749084,0.44992539286613464,-0.006886851973831654 | -0.06915806978940964,-0.0013940500793978572,-4.119186633033678e-05 | 0,0
14486 | 482.8666918501258 | 115.20706176757812,191.62310791015625,0.17440035939216614 | 2.938612699508667,0.007782488130033016,-0.0023307157680392265 | 89.8 | -0.025412283837795258,2.448124408721924,-0.09150933474302292 | -14.272191047668457,-0.07226717472076416,0.04750479757785797 | 0,0
14523 | 484.10002524778247 | 119.34386444091797,191.6325225830078,0.17204532027244568 | 3.7417097091674805,0.005491058807820082,7.246716904774075e-06 | 89.9 | -0.0023458986543118954,0.24972669780254364,-0.07317152619361877 | -1.6331361532211304,-0.007630618754774332,-7.380206807283685e-05 | 0,0
14561 | 485.36669198051095 | 124.7608642578125,191.63726806640625,0.17189036309719086 | 4.777299404144287,-0.00013606897846329957,8.772341288931784e-07 | 90.0 | -0.0021133406553417444,0.18027958273887634,-0.08165208250284195 | -0.21351812779903412,-0.005272281356155872,-6.865308932901826e-06 | 0,0
14603 | 486.76669205352664 | 131.5866241455078,191.6339874267578,0.1727479100227356 | 5.053875923156738,-0.004140176810324192,-0.0008115559467114508 | 90.0 | -0.0013275635428726673,0.21904346346855164,-0.02124933898448944 | -0.4486798942089081,0.0006903474568389356,0.0031088441610336304 | 0,0
14644 | 488.1333587914705 | 138.47161865234375,191.6276397705078,0.1724902242422104 | 5.003838539123535,-0.0050987075082957745,-0.012129430659115314 | 90.1 | 0.00032902107341215014,-0.013252767734229565,-0.00302907545119524 | -0.5626057982444763,-0.0006295088096521795,-0.39702633023262024 | 0,0
14682 | 489.400025524199 | 144.3453826904297,191.6217498779297,0.1719001680612564 | 4.905632972717285,-0.005239028949290514,1.8231214198749512e-05 | 90.1 | -0.0007179912645369768,0.1279694139957428,-0.0009368130704388022 | -0.09977816790342331,3.845896208076738e-05,-0.00013845037028659135 | 0,0
14723 | 490.7666922621429 | 151.20176696777344,191.61488342285156,0.1725354790687561 | 5.281167507171631,-0.005140660330653191,-0.0008110410999506712 | 90.1 | -0.0010343282483518124,0.2868809401988983,0.0009877431439235806 | -0.5390309691429138,0.0014307907549664378,0.0031139885541051626 | 0,0
14763 | 492.100025665015 | 156.32179260253906,191.61050415039062,0.17360526323318481 | 1.890877366065979,-0.0014540549600496888,0.0005166336777620018 | 90.0 | 0.003818023484200239,-0.7211450338363647,0.01018113736063242 | -0.0317072831094265,-0.00027473780210129917,-0.002485815668478608 | 0,0
14804 | 493.46669240295887 | 159.17320251464844,191.60943603515625,0.17584922909736633 | 0.4051448404788971,-0.001579875941388309,-3.2038115023169667e-06 | 0 | -0.003697440028190613,-0.9501290917396545,-0.5636951327323914 | 3.005147695541382,-0.00603063590824604,0.0006939684390090406 | 0,0
14843 | 494.76669247075915 | 162.48831176757812,191.6031036376953,0.17098045349121094 | 3.9334781169891357,-0.005699758417904377,7.532771178375697e-06 | 90.1 | 8.464106940664351e-05,0.44404342770576477,0.06405874341726303 | -0.06922244280576706,0.01041075587272644,-4.004773018095875e-06 | 0,0
14884 | 496.13335920870304 | 168.90989685058594,191.59877014160156,0.17276808619499207 | 5.060820579528809,0.0005443322588689625,-0.0003351797058712691 | 90.0 | -0.000963512051384896,0.040220633149147034,0.05476570129394531 | -0.1611327975988388,0.0036352581810206175,0.0017392125446349382 | 0,0
