Simulation Frame | Timestamp | Position | Velocity | Heading | Angular Velocity | Acceleration | Stopped at Red Light + Light ID 
1354 | 45.1333356872201 | 101.19991302490234,191.6616973876953,0.21760855615139008 | 1.8550807237625122,-0.009536356665194035,1.9985682229162194e-05 | 90.3 | 0.010654843412339687,2.1253883838653564,-0.1006244346499443 | -5.1977739334106445,0.025324298068881035,-0.0010320848086848855 | 0,0
1395 | 46.500002425163984 | 104.26229095458984,191.64610290527344,0.21998214721679688 | 1.2564620971679688,-0.007038005627691746,-2.3456477720174007e-05 | 90.3 | -0.008090480230748653,-0.8078524470329285,-0.013513765297830105 | 0.8070051074028015,-0.0006016669212840497,0.0010280803544446826 | 0,0
1436 | 47.86666916310787 | 104.5830078125,191.64468383789062,0.2146805077791214 | -0.00018953731341753155,5.062633476882183e-07,-1.620976036065258e-06 | 0 | -8.909491589292884e-05,-0.04717474430799484,3.062999098801811e-07 | 0.000574507808778435,-1.0297673043169198e-06,2.402859172434546e-05 | 0,0
1474 | 49.13333589583635 | 104.58311462402344,191.64468383789062,0.21456611156463623 | -1.9740036805160344e-06,7.002549651247136e-09,-9.153747555501468e-07 | 0 | -3.6938733956048964e-06,-0.0004906560643576086,-5.026795868445788e-09 | 5.79491097596474e-06,-1.6395174498029519e-06,-1.258640259038657e-05 | 0,0
1515 | 50.50000263378024 | 104.58311462402344,191.64468383789062,0.21456503868103027 | -2.176542857057484e-08,4.192436175998182e-09,-9.7258566711389e-07 | 0 | -1.23086977055209e-06,-5.399785550253e-06,-3.068589826682455e-09 | -1.260431190530653e-07,-2.16461906177301e-08,-2.86054591924767e-06 | 0,0
1556 | 51.86666937172413 | 104.58311462402344,191.64468383789062,0.21456503868103027 | -7.640736043867946e-09,-7.012999958533328e-09,-2.479139880051662e-07 | 0 | 2.0632660380215384e-06,-1.9013031078429776e-06,4.781881557391898e-09 | -6.47039186674192e-08,-5.5261153875107993e-08,-2.288436689923401e-06 | 0,0
1595 | 53.16666943952441 | 104.58311462402344,191.64468383789062,0.21456503868103027 | -3.8276734670716905e-08,-9.457659899680948e-08,-5.7210922221884175e-08 | 0 | 2.3734108253847808e-05,-9.451943697058596e-06,5.2570566566600974e-08 | -1.199561211251421e-06,-2.937316821771674e-06,7.437420208589174e-06 | 0,0
1631 | 54.36666950210929 | 104.58311462402344,191.64468383789062,0.21456503868103027 | 2.0547001877702087e-09,2.177247937495963e-09,-2.479139880051662e-07 | 0 | -6.332081738946727e-07,5.111274390401377e-07,-1.4607379750231075e-09 | 2.0500010577961802e-08,2.1065298838607305e-08,-2.288436689923401e-06 | 0,0
1672 | 55.73333624005318 | 104.58311462402344,191.64468383789062,0.21456503868103027 | 2.625569095471292e-09,4.4385601860597035e-09,-5.530388875740755e-07 | 0 | -1.2616955018529552e-06,6.560821361745184e-07,-2.9638962395495128e-09 | -2.1131162597498587e-08,1.8371157040064645e-08,-3.432654466450913e-06 | 0,0
1713 | 57.100002977997065 | 104.58311462402344,191.64468383789062,0.21456503868103027 | 2.9941285006884755e-09,1.0417808837814846e-08,-8.96304470643372e-07 | 0 | -2.5843189632723806e-06,7.447940788551932e-07,-5.267518865537113e-09 | 1.1868831961692194e-06,3.01393242807535e-06,-1.3730621503782459e-05 | 0,0
1754 | 58.46666971594095 | 104.89959716796875,191.6435089111328,0.21053668856620789 | 1.4120619297027588,-0.011028006672859192,-7.345882477238774e-05 | 90.4 | 0.00038819247856736183,-0.8795250058174133,-0.030872240662574768 | 4.072536945343018,-0.030459163710474968,-4.061970321345143e-05 | 0,0
1791 | 59.70000311359763 | 107.70785522460938,191.62222290039062,0.21891452372074127 | 1.384129285812378,-0.010539001785218716,3.327768718008883e-05 | 90.4 | -0.011364986188709736,-1.5970920324325562,0.01319051068276167 | 1.7527912855148315,-0.014291730709373951,0.000944552244618535 | 0,0
1832 | 61.06666985154152 | 112.03207397460938,191.59034729003906,0.21126048266887665 | 4.599862098693848,-0.03118027374148369,1.2777106348949019e-05 | 90.4 | 0.006078763399273157,0.20970819890499115,0.05846477672457695 | 1.4771031141281128,-0.003083757823333144,4.1191895434167236e-05 | 0,0
1872 | 62.400003254413605 | 117.73561096191406,191.560302734375,0.21285480260849 | 4.373992919921875,-0.012076383456587791,-3.045528137590736e-05 | 90.2 | 0.0022871585097163916,-0.35834795236587524,0.19423411786556244 | 1.252684473991394,-0.004806406330317259,0.00012185922241769731 | 0,0
1912 | 63.73333665728569 | 123.8048095703125,191.55653381347656,0.21447204053401947 | 4.563724994659424,0.009598334319889545,-1.4684136431242223e-06 | 89.9 | -0.00302748940885067,-0.020086189731955528,0.1814807504415512 | 0.046591755002737045,0.0277399905025959,2.2884363716002554e-05 | 0,0
1951 | 65.03333672508597 | 129.78372192382812,191.57403564453125,0.21440856158733368 | 4.63073205947876,0.018636344000697136,-9.153747555501468e-07 | 89.8 | -0.0005448847077786922,0.002828979166224599,0.07218914479017258 | 0.04172801598906517,0.00434316648170352,3.37544443027582e-05 | 0,0
1991 | 66.36667012795806 | 135.99493408203125,191.59976196289062,0.21442320942878723 | 4.683676242828369,0.0197455994784832,7.246716791087238e-07 | 89.8 | -0.0012455107644200325,0.0018328435253351927,0.004174253903329372 | 0.03374576196074486,-0.0007100588991306722,2.86054591924767e-06 | 0,0
2031 | 67.70000353083014 | 142.27093505859375,191.626220703125,0.2144182175397873 | 4.731961727142334,0.01922416314482689,-2.4028588541114004e-06 | 89.8 | -0.001761195482686162,-0.0018721494125202298,-0.013532399199903011 | 0.042929645627737045,-0.0031950136180967093,-3.146601011394523e-05 | 0,0
2070 | 69.00000359863043 | 148.45883178710938,191.6483917236328,0.21441859006881714 | 4.785388469696045,0.012916335836052895,1.353991819996736e-06 | 89.8 | -0.0015312773175537586,-2.1687343178200535e-05,-0.07189451158046722 | 0.03901004418730736,-0.00736992759630084,7.895106682553887e-05 | 0,0
2110 | 70.33333700150251 | 154.8791046142578,191.65953063964844,0.21442100405693054 | 4.841193675994873,0.0019503525691106915,-1.411202788403898e-06 | 90.0 | 7.668569014640525e-05,0.0011454853229224682,-0.09617489576339722 | 0.035333629697561264,-0.01189738791435957,-2.3456477720174007e-05 | 0,0
2151 | 71.7000037394464 | 158.5777587890625,191.65927124023438,0.21155619621276855 | 2.5301027297973633,-0.0022156185004860163,-7.555655611213297e-05 | 90.1 | 0.00644392566755414,-0.7047505378723145,-0.029833156615495682 | 2.5478694438934326,-0.004359036218374968,-1.0297952940163668e-05 | 0,0
2193 | 73.10000381246209 | 162.08499145507812,191.65565490722656,0.21128307282924652 | 3.0987048149108887,-0.004249290097504854,-3.701546665979549e-05 | 90.1 | 0.004337650258094072,-0.29798251390457153,-0.01883055455982685 | 2.2965643405914307,-0.0029443108942359686,0.00017277698498219252 | 0,0
2230 | 74.33333721011877 | 166.40444946289062,191.6494903564453,0.21428969502449036 | 3.4404146671295166,-0.00576447369530797,-1.9985682229162194e-05 | 90.1 | 0.007165972143411636,-1.0782346725463867,-0.00525854155421257 | 1.9674752950668335,-0.002910629613325,-0.00017163273878395557 | 0,0
14451 | 481.7000251226127 | 98.86164093017578,191.5517578125,0.21735648810863495 | 1.9850260019302368,-0.0046267518773674965,6.121568731032312e-06 | 90.1 | -0.014431925490498543,0.1377130001783371,0.09272846579551697 | 0.07126807421445847,0.002660332014784217,-0.000278045074082911 | 0,0
14486 | 482.8666918501258 | 101.76029205322266,191.54701232910156,0.21539749205112457 | 2.371244192123413,-0.00012028381752315909,4.386170644465892e-07 | 90.0 | 0.0053946184925735,-1.3442364931106567,0.11444442719221115 | 2.194561719894409,-0.005353973247110844,-9.725856216391549e-05 | 0,0
14523 | 484.10002524778247 | 104.87454223632812,191.54893493652344,0.2118082344532013 | 3.0493595600128174,0.006098506972193718,-4.6035722334636375e-05 | 89.9 | 0.009542512707412243,-0.48380789160728455,0.12020120769739151 | 2.280878782272339,0.010304445400834084,-4.0047593756753486e-06 | 0,0
14561 | 485.36669198051095 | 108.755126953125,191.55880737304688,0.21130748093128204 | 3.932110548019409,0.013853516429662704,-1.893681474030018e-05 | 89.8 | 0.006235599517822266,-0.14497680962085724,0.09717786312103271 | 2.1192238330841064,0.013421605341136456,4.519662616075948e-05 | 0,0
14603 | 486.76669205352664 | 114.27371978759766,191.57968139648438,0.2127344012260437 | 4.035834789276123,0.016278160735964775,-4.201188494334929e-05 | 89.8 | 0.009068493731319904,-0.6476793885231018,0.02451535500586033 | 1.9866584539413452,0.00372754386626184,7.437410658894805e-06 | 0,0
14644 | 488.1333587914705 | 120.46070098876953,191.60479736328125,0.21453121304512024 | 4.5806756019592285,0.01880301721394062,-1.5065542129377718e-06 | 89.8 | -8.213990076910704e-05,-0.011118419468402863,-0.0008052000193856657 | 0.01413345243781805,-0.00012349335884209722,1.1442203913247795e-06 | 0,0
14682 | 489.400025524199 | 126.29818725585938,191.62771606445312,0.21441203355789185 | 4.637047290802002,0.016070812940597534,-1.7163276879728073e-06 | 89.8 | -0.0032475788611918688,-0.0007099752547219396,-0.038590479642152786 | 0.047163959592580795,-0.0058208960108459,-3.2610227208351716e-05 | 0,0
14723 | 490.7666922621429 | 132.67794799804688,191.64540100097656,0.21441638469696045 | 4.696568012237549,0.007896067574620247,6.865310524517554e-07 | 89.9 | 0.0008980001439340413,0.0019509081030264497,-0.07921871542930603 | 0.03676414117217064,-0.005533592309802771,-3.661499067675322e-05 | 0,0
14763 | 492.100025665015 | 138.97206115722656,191.65048217773438,0.2144242376089096 | 4.7439398765563965,-0.0013687281170859933,-6.102498559812375e-07 | 90.0 | 0.004104104824364185,-0.0009559483733028173,-0.07478369027376175 | 0.037508007138967514,0.0006754660862497985,-2.7461243007564917e-05 | 0,0
14804 | 493.46669240295887 | 143.99981689453125,191.6466522216797,0.21187137067317963 | 3.940213203430176,-0.005171235650777817,-3.815968375420198e-05 | 90.1 | 0.0032966644503176212,-0.38564255833625793,-0.027048207819461823 | 2.103459596633911,-0.004068966489285231,0.00013673414650838822 | 0,0
14843 | 494.76669247075915 | 147.34725952148438,191.6419677734375,0.21135452389717102 | 2.8794667720794678,-0.004716360941529274,-5.396896813181229e-05 | 90.1 | 0.005771429277956486,-0.43348827958106995,-0.0035791518166661263 | 2.3772308826446533,-0.0031246475409716368,0.00018707969866227359 | 0,0
14884 | 496.13335920870304 | 152.03298950195312,191.63450622558594,0.21351772546768188 | 3.5358169078826904,-0.005939688067883253,-3.3926076866919175e-05 | 90.1 | 0.007331857457756996,-0.9096689820289612,0.005724910646677017 | 2.0467183589935303,-0.0031111666467040777,-0.00017048855079337955 | 0,0
14926 | 497.53335928171873 | 158.2000274658203,191.62481689453125,0.21450766921043396 | 4.596457481384277,-0.0069883400574326515,2.479139880051662e-07 | 90.1 | -0.000507317075971514,0.04752746596932411,0.0010566451819613576 | -0.04344462975859642,0.0001409416872775182,-1.0870075129787438e-05 | 0,0
14965 | 498.833359349519 | 163.4951629638672,191.6168670654297,0.21244677901268005 | 4.572471618652344,-0.005999373737722635,9.039325959747657e-06 | 90.1 | 0.0009105156641453505,0.23328489065170288,0.016876155510544777 | 0.5981397032737732,0.0017140571726486087,0.00023456476628780365 | 0,0
