Simulation Frame | Timestamp | Position | Velocity | Heading | Angular Velocity | Acceleration | Stopped at Red Light + Light ID 
150 | 5.000000260770321 | 168.21792602539062,187.53460693359375,0.25592508912086487 | -4.52473258972168,-0.05291967839002609,0.00036124885082244873 | 269.3 | -0.012951620854437351,-0.645861029624939,-1.4316259622573853 | 5.532717227935791,0.14376594126224518,0.011150408536195755 | 0,0
160 | 5.333333611488342 | 167.16339111328125,187.522705078125,0.2593006491661072 | -2.041450262069702,-0.008802033960819244,0.0003906933998223394 | 269.8 | -0.021061407402157784,-0.3071591258049011,-0.6612222790718079 | 4.091383934020996,0.042663492262363434,-0.0016430973773822188 | 0,0
170 | 5.666666962206364 | 166.44078063964844,187.51815795898438,0.25655117630958557 | -2.437818765640259,-0.003531747730448842,0.00010650766489561647 | 269.9 | 0.009909695945680141,0.8889078497886658,-0.6972478628158569 | -2.1157047748565674,0.13479062914848328,-0.0006253152387216687 | 0,0
180 | 6.000000312924385 | 165.49996948242188,187.51551818847656,0.2548074424266815 | -3.0804765224456787,0.0026803615037351847,7.666263627470471e-06 | 270.0 | -0.01607179082930088,0.0157411340624094,-0.7357820272445679 | 0.1659536212682724,-0.017270462587475777,-9.725855488795787e-05 | 0,0
190 | 6.3333336636424065 | 164.78390502929688,187.51524353027344,0.25796905159950256 | -1.2100377082824707,0.004931286908686161,-1.933729072334245e-05 | 270.2 | -0.006025832146406174,-0.6540184617042542,-0.31295496225357056 | 5.065197467803955,-0.04602758213877678,-0.00017048850713763386 | 0,0
200 | 6.666667014360428 | 164.2513427734375,187.516357421875,0.2557734549045563 | -1.970308542251587,0.008663089014589787,8.257442459580489e-06 | 270.3 | -0.006041370332241058,0.6822348833084106,-0.35090482234954834 | -2.4453518390655518,-0.035031210631132126,-0.00014474363706540316 | 0,0
210 | 7.000000365078449 | 163.45236206054688,187.51947021484375,0.2544914484024048 | -2.7742788791656494,0.016968727111816406,-4.100116257177433e-06 | 270.4 | -0.0028347852639853954,0.13922180235385895,-0.4367859363555908 | -2.3773953914642334,0.015414039604365826,-2.8033358830725774e-05 | 0,0
220 | 7.333333715796471 | 162.4150390625,187.52517700195312,0.2547568082809448 | -3.0899155139923096,0.024001173675060272,6.369482434820384e-06 | 270.4 | -0.010827875696122646,-0.696117103099823,-0.4293988049030304 | 3.9614007472991943,-0.0289615411311388,0.0001441715139662847 | 0,0
230 | 7.666667066514492 | 161.76502990722656,187.52972412109375,0.25830531120300293 | -1.2425400018692017,0.010302259586751461,-1.746840098348912e-05 | 270.5 | 0.004365479573607445,0.015918362885713577,-0.15927162766456604 | -2.0336148738861084,0.029526090249419212,0.00016419535677414387 | 0,0
240 | 8.000000417232513 | 161.30520629882812,187.53280639648438,0.2570165991783142 | -0.5687114000320435,0.004510099999606609,-3.2038115023169667e-06 | 0 | -0.019834117963910103,-1.3512755632400513,-0.11896421015262604 | 14.449563026428223,-0.12280697375535965,-0.000314660050207749 | 0,0
250 | 8.333333767950535 | 161.29640197753906,187.53286743164062,0.2573528587818146 | 0.0007223786087706685,-4.6799000301689375e-06,1.2109644558222499e-05 | 0 | 0.004235633183270693,0.5591781139373779,1.7676302377367392e-05 | -0.0003709498269017786,0.00013475910236593336,-4.634087235899642e-05 | 0,0
260 | 8.666667118668556 | 161.29571533203125,187.5328826904297,0.2560982406139374 | 0.00022538189659826458,3.297974728866393e-07,1.411202788403898e-06 | 0 | 0.0011778563493862748,0.1680316925048828,4.266392750196246e-07 | -0.0011818037601187825,-1.5616744349244982e-05,-4.119185541640036e-05 | 0,0
270 | 9.000000469386578 | 161.2955780029297,187.5328826904297,0.2558932304382324 | 6.022317029419355e-05,-4.5735686171610723e-07,-2.2884369172970764e-06 | 0 | 0.0003442173474468291,0.04454909637570381,2.5191152417392004e-06 | -0.00020913164189551026,1.060017666532076e-06,-9.725858035380952e-06 | 0,0
280 | 9.333333820104599 | 161.2955322265625,187.5328826904297,0.2558264136314392 | 1.6555159163544886e-05,-1.8884132657603914e-07,-1.2586402817760245e-06 | 0 | 0.0001483191008446738,0.012208783067762852,6.317555971691036e-07 | -3.407494295970537e-05,-1.9084432096860837e-06,-2.6317022275179625e-05 | 0,0
290 | 9.66666717082262 | 161.29551696777344,187.5328826904297,0.2558048963546753 | 3.973270395363215e-06,1.884980527222524e-08,-7.818825906724669e-07 | 0 | -9.760615284903906e-06,0.0029236716218292713,1.3733023251916165e-07 | 3.1805118396732723e-06,-1.7274944639211753e-06,-8.009527846297715e-06 | 0,0
300 | 10.000000521540642 | 161.29551696777344,187.5328826904297,0.2557990252971649 | 6.73694160013838e-07,-1.8391290268482408e-08,3.623358395543619e-07 | 0 | 1.496279855928151e-05,0.0004925752291455865,1.1996976745365373e-08 | 6.332506018225104e-06,-1.1980198451055912e-06,1.7735384972183965e-05 | 0,0
310 | 10.333333872258663 | 161.29551696777344,187.5328826904297,0.2557968199253082 | 4.41077446566851e-07,-1.564732698966509e-08,-1.6400463209720328e-06 | 0 | 1.600612267793622e-05,0.00032498143264092505,1.714997743818003e-08 | -2.0034140106872655e-06,-1.0132674788110307e-06,0.0 | 0,0
320 | 10.666667222976685 | 161.29551696777344,187.5328826904297,0.2557968199253082 | 1.0867491084809444e-07,-1.4340110432442543e-08,-1.3349215350899613e-06 | 0 | 1.6259604308288544e-05,8.089605398708954e-05,7.155767978161975e-09 | -1.1456993433967e-06,9.553559721098281e-07,-8.581638212490361e-06 | 0,0
330 | 11.000000573694706 | 161.29551696777344,187.5328826904297,0.2557968199253082 | 4.116385099450781e-08,-8.475265822482925e-09,-1.029796635521052e-06 | 0 | 9.721465175971389e-06,3.0070421416894533e-05,1.196812315917839e-09 | 2.001993060218865e-08,-9.413141697223182e-07,1.1442169807196478e-06 | 0,0
340 | 11.333333924412727 | 161.29551696777344,187.5328826904297,0.2557968199253082 | 1.8670233359330268e-08,-8.141172180842204e-09,-6.102498559812375e-07 | 0 | 1.0644802387105301e-05,1.364365471090423e-05,4.044686252591134e-10 | 1.2256178649749927e-07,-2.856294933906156e-08,-4.576873834594153e-06 | 0,0
350 | 11.666667275130749 | 161.29551696777344,187.5328826904297,0.25579574704170227 | 4.92925700257274e-10,6.071152469644403e-10,-2.288436888875367e-07 | 0 | -6.27795770924422e-07,3.5901334172194765e-07,7.792515764604158e-12 | 9.714991477949297e-09,9.48016953827846e-09,-4.576873379846802e-06 | 0,0
360 | 12.00000062584877 | 161.29551696777344,187.5328826904297,0.25579574704170227 | 3.7285738940795454e-09,3.5677376608589384e-09,-1.7544682577863568e-06 | 0 | -4.827849352295743e-06,2.752620957835461e-06,1.1213825007461153e-10 | 9.70686819812272e-09,8.880702395686058e-09,-4.576874744088855e-06 | 0,0
370 | 12.333333976566792 | 161.29551696777344,187.5328826904297,0.25579574704170227 | 2.6346715920055885e-09,6.2905516351463575e-09,-1.3730621049035108e-06 | 0 | -2.6791565232997527e-06,1.9116600924462546e-06,-9.712729509558926e-10 | 4.346532023191685e-07,2.526535354263615e-06,6.865308932901826e-06 | 0,0
380 | 12.666667327284813 | 161.29551696777344,187.5328826904297,0.25579574704170227 | 9.687641799871471e-10,2.945726162995044e-10,-8.581638439864037e-07 | 0 | -5.360464570003387e-07,7.147721703404386e-07,2.801396614682261e-11 | -1.225019998635224e-11,-4.399874242722035e-09,-3.4326562854403164e-06 | 0,0
390 | 13.000000678002834 | 161.29551696777344,187.5328826904297,0.25579574704170227 | -2.1370394603231757e-12,-6.668589569436278e-10,-4.576873777750734e-07 | 0 | 8.275646905531175e-07,-3.786440050390638e-09,-3.2614345252257593e-12 | -1.224883736106186e-11,-4.399705488822292e-09,-3.4326553759456147e-06 | 0,0
400 | 13.333334028720856 | 161.29551696777344,187.5328826904297,0.25579574704170227 | -1.1148904065574894e-12,-3.0006511164692995e-10,-1.7163276311293885e-07 | 0 | 3.0965676955929666e-07,-1.4169659889873287e-09,-3.9397348230996165e-12 | -1.4488216182328983e-11,-4.693907929009811e-09,-3.4326549211982638e-06 | 0,0
410 | 13.666667379438877 | 161.29551696777344,187.5328826904297,0.25579574704170227 | 6.427486320959019e-10,-8.813904606164158e-10,-1.3921323898102855e-06 | 0 | 1.1269307833572384e-06,4.697240854056872e-07,1.8895177089639503e-11 | -1.2251865320889177e-11,-4.399697051127305e-09,-3.432654466450913e-06 | 0,0
420 | 14.000000730156898 | 161.29551696777344,187.5328826904297,0.25579574704170227 | 1.3522869889842637e-12,5.835076311022647e-10,-1.1251480600549257e-06 | 0 | -9.333116963716748e-07,4.2588954585198735e-09,-7.48117626875322e-12 | -2.538752819081225e-10,-1.1612901751334448e-08,-3.4326510558457812e-06 | 0,0
430 | 14.33333408087492 | 161.29551696777344,187.5328826904297,0.25579574704170227 | 3.288660177513947e-10,-3.509506296683895e-10,-7.818825906724669e-07 | 0 | 7.215622304101998e-07,2.3411926974858943e-07,5.8587605253346275e-12 | 9.94846516277903e-09,1.6076798559083727e-08,-4.576873379846802e-06 | 0,0
440 | 14.666667431592941 | 161.29551696777344,187.5328826904297,0.25579574704170227 | -2.1370533381109835e-12,-6.668589569436278e-10,-4.576873777750734e-07 | 0 | 8.275646905531175e-07,-3.786440050390638e-09,-3.255179546052256e-12 | -1.2249006496600767e-11,-4.3997037124654526e-09,-3.4326553759456147e-06 | 0,0
450 | 15.000000782310963 | 161.29551696777344,187.5328826904297,0.25579574704170227 | -1.1148869371105374e-12,-3.0006511164692995e-10,-1.7163276311293885e-07 | 0 | 3.0965676955929666e-07,-1.4169659889873287e-09,-3.941222348480267e-12 | -1.4488160671177752e-11,-4.693907929009811e-09,-3.4326549211982638e-06 | 0,0
460 | 15.333334133028984 | 161.29551696777344,187.5328826904297,0.25579574704170227 | 6.449966671873142e-10,-7.480682739924305e-11,-1.4302730733106728e-06 | 0 | -1.2430957596620829e-08,4.7493836063949857e-07,1.766566233574185e-11 | -1.2265187997184679e-11,-4.401420561350733e-09,-3.432654466450913e-06 | 0,0
470 | 15.666667483747005 | 161.29551696777344,187.5328826904297,0.25579574704170227 | 6.518520168086184e-10,-2.7120070078545666e-10,-1.106077775148151e-06 | 0 | 6.123421485426661e-07,4.720592130524892e-07,1.4397891733020085e-11 | 9.707952663973174e-09,8.992040889665986e-09,-4.5768715608573984e-06 | 0,0
480 | 16.000000834465027 | 161.29551696777344,187.5328826904297,0.25579574704170227 | -5.440073738705031e-11,7.670048485231007e-10,-8.009528755792417e-07 | 0 | -4.0695090319786686e-07,-3.7716063161497004e-08,3.668212261720427e-11 | -6.641275973606753e-09,3.657399361145508e-08,-4.5768715608573984e-06 | 0,0
490 | 16.33333418518305 | 161.29551696777344,187.5328826904297,0.25579574704170227 | -1.7715612088409216e-08,1.357755223807544e-07,-9.7258566711389e-07 | 0 | -6.42438608338125e-05,-1.2805197002307978e-05,1.1910035624396187e-08 | -8.566740348214807e-07,4.867026746069314e-06,-1.144218367699068e-05 | 0,0
500 | 16.66666753590107 | 161.29551696777344,187.5328826904297,0.25579574704170227 | -1.0275607031928757e-09,1.6308052686042629e-09,-1.9070306223056832e-07 | 0 | -1.946739530467312e-06,-7.429816832882352e-07,-2.30344758024581e-12 | -1.5968018018952534e-08,-6.7296399564042986e-09,-3.4326546938245883e-06 | 0,0
510 | 17.00000088661909 | 161.29551696777344,187.5328826904297,0.25579574704170227 | -1.2909141533512525e-09,1.2885457978395465e-10,-1.3349215350899613e-06 | 0 | -2.8909002480759227e-07,-9.484575116402993e-07,-4.8128896701360446e-11 | -1.2246869317278364e-11,-4.399686392986268e-09,-3.432654466450913e-06 | 0,0
520 | 17.333334237337112 | 161.29551696777344,187.5328826904297,0.25579574704170227 | 4.817801713130621e-10,-7.360961284952339e-10,-1.0870074902413762e-06 | 0 | 9.226102406501013e-07,3.5193716030335054e-07,1.3218673551584903e-11 | -1.225019998635224e-11,-4.399950181976919e-09,-3.432654466450913e-06 | 0,0
530 | 17.666667588055134 | 161.29551696777344,187.5328826904297,0.25579574704170227 | 3.208161791778963e-10,-5.908109557140051e-10,-7.818825906724669e-07 | 0 | 7.183027719293023e-07,2.3415348948674364e-07,7.542039041907866e-12 | -1.2248534651815302e-11,-4.399697051127305e-09,-3.432654466450913e-06 | 0,0
540 | 18.000000938773155 | 161.29551696777344,187.5328826904297,0.25579574704170227 | 1.5984996659668127e-10,-4.4551426436889585e-10,-4.767576911035576e-07 | 0 | 5.13979045990709e-07,1.1636821994898128e-07,1.8580846496835113e-12 | -1.225019998635224e-11,-4.3998635845809986e-09,-3.4326553759456147e-06 | 0,0
550 | 18.333334289491177 | 161.29551696777344,187.5328826904297,0.25579574704170227 | -1.1148904065574894e-12,-3.0006511164692995e-10,-1.7163276311293885e-07 | 0 | 3.0965676955929666e-07,-1.4169659889873287e-09,-3.9398137530177735e-12 | -1.4488216182328983e-11,-4.693907929009811e-09,-3.4326549211982638e-06 | 0,0
560 | 18.666667640209198 | 161.29551696777344,187.5328826904297,0.25579574704170227 | 9.667232570009787e-10,-4.386381535770312e-10,-1.4302730733106728e-06 | 0 | 4.997539235773729e-07,7.100334755705262e-07,2.9078321348019465e-11 | -1.3262723384810382e-11,-4.510485762665439e-09,-3.432654466450913e-06 | 0,0
570 | 19.00000099092722 | 161.29551696777344,187.5328826904297,0.25579574704170227 | 1.670071849910193e-12,6.105940197898008e-10,-1.1251480600549257e-06 | 0 | -9.329500585408823e-07,4.2575440950543e-09,-1.6239672800955063e-11 | 4.612657811264853e-09,-5.314801487799059e-09,-4.004763013654156e-06 | 0,0
580 | 19.33333434164524 | 161.29551696777344,187.5328826904297,0.25579574704170227 | -5.440073738705031e-11,7.670048485231007e-10,-8.009528755792417e-07 | 0 | -4.0695090319786686e-07,-3.7716063161497004e-08,3.668153281122244e-11 | -6.641276417695963e-09,3.657399361145508e-08,-4.5768715608573984e-06 | 0,0
590 | 19.666667692363262 | 161.29551696777344,187.5328826904297,0.25579574704170227 | -3.932909553583386e-09,6.49014175735374e-09,-5.721092293242691e-07 | 0 | -6.01229066887754e-06,-2.8613710583158536e-06,-3.202522136369623e-10 | -4.431929880865937e-07,9.88465558293683e-07,5.721084903598239e-07 | 0,0
600 | 20.000001043081284 | 161.29551696777344,187.5328826904297,0.25579574704170227 | -1.114887153950972e-12,-3.0006511164692995e-10,-1.7163276311293885e-07 | 0 | 3.0965676955929666e-07,-1.4169659889873287e-09,-3.941240563076764e-12 | -1.448817021215687e-11,-4.693907929009811e-09,-3.4326549211982638e-06 | 0,0
610 | 20.333334393799305 | 161.29551696777344,187.5328826904297,0.25579574704170227 | -7.457493511608959e-10,8.057932793237299e-11,-1.353991819996736e-06 | 0 | 1.1898087848294381e-07,-5.546020247493288e-07,-3.1645686071613e-11 | 9.945823720158842e-09,1.4918434487753984e-08,-4.5768715608573984e-06 | 0,0
620 | 20.666667744517326 | 161.29551696777344,187.5328826904297,0.25579574704170227 | 1.0747425865931248e-10,6.734120205909022e-11,-1.106077775148151e-06 | 0 | -2.1015058848661283e-07,8.009791230279006e-08,-7.495391568697329e-13 | -1.2411321102800965e-11,-4.417282983837367e-09,-3.432654466450913e-06 | 0,0
630 | 21.000001095235348 | 161.29551696777344,187.5328826904297,0.25579574704170227 | -3.157789568025704e-12,-1.0335005073969228e-09,-7.437419640154985e-07 | 0 | 1.345474174740957e-06,-6.155821630215996e-09,-2.696627426565512e-12 | -1.2248567611561345e-11,-4.399697051127305e-09,-3.432654466450913e-06 | 0,0
640 | 21.33333444595337 | 161.29551696777344,187.5328826904297,0.25579574704170227 | 3.2184135911883516e-10,-2.237105778402082e-10,-4.958279760103323e-07 | 0 | 2.0039810522121115e-07,2.365231637213583e-07,6.605013844890317e-12 | -2.2379596439914273e-11,-5.2792494820153024e-09,-3.4326553759456147e-06 | 0,0
650 | 21.66666779667139 | 161.29551696777344,187.5328826904297,0.25579574704170227 | -1.1148872623711892e-12,-3.0006511164692995e-10,-1.7163276311293885e-07 | 0 | 3.0965676955929666e-07,-1.4169659889873287e-09,-3.94125097141762e-12 | -1.448817021215687e-11,-4.693907929009811e-09,-3.4326549211982638e-06 | 0,0
660 | 22.000001147389412 | 161.29551696777344,187.5328826904297,0.25579574704170227 | 3.287602412527235e-10,-3.0412783402766763e-10,-1.3921323898102855e-06 | 0 | 6.176430247251119e-07,2.345964560390712e-07,1.4051844757223542e-11 | 5.079489273640547e-09,8.641636739525893e-09,-4.004763013654156e-06 | 0,0
670 | 22.333334498107433 | 161.29551696777344,187.5328826904297,0.25579574704170227 | 4.817841126047995e-10,-7.356887321563477e-10,-1.0870074902413762e-06 | 0 | 9.226166639564326e-07,3.51937387677026e-07,1.2886856512461797e-11 | -2.1496136468068805e-11,-5.182084539256948e-09,-3.432654466450913e-06 | 0,0
680 | 22.666667848825455 | 161.29551696777344,187.5328826904297,0.25579574704170227 | -6.2478716644776e-11,5.23906473759439e-10,-8.009528755792417e-07 | 0 | -4.10249754168035e-07,-3.768153788996642e-08,4.024042210559742e-11 | -1.637167024171049e-08,2.2288922707502934e-08,-3.432654466450913e-06 | 0,0
690 | 23.000001199543476 | 161.29551696777344,187.5328826904297,0.25579574704170227 | 5.369148181610939e-11,6.688533754628523e-11,-4.958279760103323e-07 | 0 | -2.092118336349813e-07,4.052674285048852e-08,-2.5592134748203543e-12 | -1.226737374876441e-11,-4.401612851978598e-09,-3.4326553759456147e-06 | 0,0
700 | 23.333334550261497 | 161.29551696777344,187.5328826904297,0.25579574704170227 | -1.1148905149777066e-12,-3.000650561357787e-10,-1.7163276311293885e-07 | 0 | 3.0965676955929666e-07,-1.4169659889873287e-09,-3.939576095901565e-12 | -1.4488223988584625e-11,-4.693906596742181e-09,-3.4326549211982638e-06 | 0,0
710 | 23.66666790097952 | 161.29551696777344,187.5328826904297,0.25579574704170227 | 6.427464116498527e-10,-8.813808016761016e-10,-1.3921323898102855e-06 | 0 | 1.1269210062891943e-06,4.697224653682497e-07,1.8892803987924367e-11 | -1.2268518666258554e-11,-4.401272235554643e-09,-3.432654466450913e-06 | 0,0
720 | 24.00000125169754 | 161.29551696777344,187.5328826904297,0.25579574704170227 | 2.0458654215183003e-10,-1.6819594328421061e-10,-1.0870074902413762e-06 | 0 | 5.167881909073913e-07,1.559471201062479e-07,5.780678366540393e-11 | -8.328058243023406e-09,1.2637377366786495e-08,-3.432654466450913e-06 | 0,0
730 | 24.33333460241556 | 161.29551696777344,187.5328826904297,0.25579574704170227 | -5.3113610731791994e-11,2.472094196015462e-10,-8.009528755792417e-07 | 0 | -4.140213150094496e-07,-3.768788658931044e-08,-1.9255383745808707e-11 | 4.89620255450518e-09,-1.2459437925826933e-08,-4.004763013654156e-06 | 0,0
740 | 24.666667953133583 | 161.29551696777344,187.5328826904297,0.25579574704170227 | -1.082976000543745e-10,-1.5444789891461141e-10,-4.767576911035576e-07 | 0 | 1.0437582176336946e-07,-7.962953674223172e-08,-7.694631390386952e-12 | -1.250895134002894e-11,-4.427483712987623e-09,-3.4326553759456147e-06 | 0,0
750 | 25.000001303851604 | 161.29551696777344,187.5328826904297,0.25579574704170227 | 3.232012157905473e-10,1.7240414651453762e-10,-2.0977338976990723e-07 | 0 | -3.171158482473402e-07,2.388912321293901e-07,-3.937287128275013e-12 | 4.623255556168715e-09,-3.5611620319286885e-09,-4.004764832643559e-06 | 0,0
760 | 25.333334654569626 | 161.29551696777344,187.5328826904297,0.25579574704170227 | 2.7652236056496804e-10,1.6518371392937325e-10,-1.411202788403898e-06 | 0 | -2.524616959931336e-09,1.9785113636316964e-07,1.3251233877548119e-12 | 9.7172323521022e-09,9.774315579136328e-09,-4.576874744088855e-06 | 0,0
770 | 25.666668005287647 | 161.29551696777344,187.5328826904297,0.25579574704170227 | -5.451065987482906e-11,-1.5400357378236862e-10,-1.0870074902413762e-06 | 0 | 1.0342294842757838e-07,-4.005512721505511e-08,-5.86094107274393e-12 | -1.2248950985449536e-11,-4.399713482428069e-09,-3.432654466450913e-06 | 0,0
780 | 26.00000135600567 | 161.29551696777344,187.5328826904297,0.25579574704170227 | -2.1541575467853846e-10,2.564789179648752e-11,-7.818825906724669e-07 | 0 | -1.0042271014754078e-07,-1.5784070228619385e-07,-1.8961977821252418e-11 | -8.054991340600282e-09,5.346714182508094e-09,-3.432654466450913e-06 | 0,0
790 | 26.33333470672369 | 161.29551696777344,187.5328826904297,0.25579574704170227 | -1.0826396723562226e-10,-1.5019645249747526e-10,-4.767576911035576e-07 | 0 | 1.0443260123338405e-07,-7.96275969605631e-08,-9.885087540184578e-12 | 2.6012980658407514e-10,-1.2578878383351366e-08,-3.4326553759456147e-06 | 0,0
800 | 26.66666805744171 | 161.29551696777344,187.5328826904297,0.25579574704170227 | 1.6090202781260388e-10,-7.542744900890241e-11,-1.9070306223056832e-07 | 0 | -3.89021659330524e-09,1.1873824234953645e-07,-7.537130099731504e-13 | -2.457196668359529e-10,-1.0996108912308955e-08,-3.4326546938245883e-06 | 0,0
810 | 27.000001408159733 | 161.29551696777344,187.5328826904297,0.25579574704170227 | 2.6878474446156986e-10,-4.818270088469134e-11,-1.411202788403898e-06 | 0 | -5.430405458639598e-09,1.9788367922046746e-07,-5.2989908468081826e-12 | 4.625494653964779e-09,-3.2668887595121987e-09,-4.004766196885612e-06 | 0,0
820 | 27.333334758877754 | 161.29551696777344,187.5328826904297,0.25579574704170227 | -5.4510652935935155e-11,-1.5400587749514472e-10,-1.0870074902413762e-06 | 0 | 1.0342620981873552e-07,-4.005512721505511e-08,-5.8607892844397824e-12 | -1.2248846902040977e-11,-4.399696607038095e-09,-3.432654466450913e-06 | 0,0
830 | 27.666668109595776 | 161.29551696777344,187.5328826904297,0.25579574704170227 | 1.6708712191615405e-10,-1.334158228338822e-09,-8.009528755792417e-07 | 0 | -1.2560315099108266e-07,1.1928082699341758e-07,2.7489294174287693e-10 | 4.174408161361498e-07,-9.321838660980575e-07,-9.153746759693604e-06 | 0,0
840 | 28.000001460313797 | 161.29551696777344,187.5328826904297,0.25579574704170227 | -2.137054422313156e-12,-6.668589569436278e-10,-4.576873777750734e-07 | 0 | 8.275646905531175e-07,-3.786440050390638e-09,-3.2546712720737947e-12 | -1.2249025578559003e-11,-4.3997037124654526e-09,-3.4326553759456147e-06 | 0,0
850 | 28.33333481103182 | 161.29551696777344,187.5328826904297,0.25579574704170227 | -1.1148865034296684e-12,-3.0006511164692995e-10,-1.7163276311293885e-07 | 0 | 3.0965676955929666e-07,-1.4169659889873287e-09,-3.941413168062624e-12 | -1.4488134650325613e-11,-4.693907929009811e-09,-3.4326549211982638e-06 | 0,0
860 | 28.66666816174984 | 161.29551696777344,187.5328826904297,0.25579574704170227 | 1.6228415833374754e-10,4.344518356180771e-10,-1.4302730733106728e-06 | 0 | -7.290337293852645e-07,1.2204334609577927e-07,5.153749063797897e-13 | -1.2379679746599148e-11,-4.413546861314899e-09,-3.432654466450913e-06 | 0,0
870 | 29.00000151246786 | 161.29551696777344,187.5328826904297,0.25579574704170227 | 9.43691305654859e-12,8.282083907573679e-10,-1.1251480600549257e-06 | 0 | -9.299840826315631e-07,4.2236854014277014e-09,-1.1807007628539257e-11 | 9.976984571835601e-09,-4.236594131068472e-10,-4.5768715608573984e-06 | 0,0
880 | 29.333334863185883 | 161.29551696777344,187.5328826904297,0.25579574704170227 | 5.100168985056053e-12,-1.5555053911597838e-09,-7.818825906724669e-07 | 0 | 1.8798242251705233e-07,-8.738243462147466e-10,2.6980803702336686e-10 | 4.174408161361498e-07,-9.321838660980575e-07,-9.153746759693604e-06 | 0,0
890 | 29.666668213903904 | 161.29551696777344,187.5328826904297,0.25579574704170227 | -2.137054855994025e-12,-6.668589569436278e-10,-4.576873777750734e-07 | 0 | 8.275646905531175e-07,-3.786440050390638e-09,-3.254411930914136e-12 | -1.2248980475748628e-11,-4.399705488822292e-09,-3.4326553759456147e-06 | 0,0
900 | 30.000001564621925 | 161.29551696777344,187.5328826904297,0.25579574704170227 | -1.1148869371105374e-12,-3.0006511164692995e-10,-1.7163276311293885e-07 | 0 | 3.0965676955929666e-07,-1.4169659889873287e-09,-3.94122104743766e-12 | -1.4488160671177752e-11,-4.693907929009811e-09,-3.4326549211982638e-06 | 0,0
910 | 30.333334915339947 | 161.29551696777344,187.5328826904297,0.25579574704170227 | 1.0645553188970425e-10,-2.992887326858096e-10,-1.3921323898102855e-06 | 0 | 3.077304597809416e-07,7.773015653356197e-08,-1.8237588360076745e-13 | -1.2248742818632419e-11,-4.399697051127305e-09,-3.432654466450913e-06 | 0,0
920 | 30.666668266057968 | 161.29551696777344,187.5328826904297,0.25579574704170227 | 4.817823917591113e-10,-7.360984044524344e-10,-1.0870074902413762e-06 | 0 | 9.226135375683953e-07,3.5193878034078807e-07,1.322296092065578e-11 | -1.2248534651815302e-11,-4.399698827484144e-09,-3.432654466450913e-06 | 0,0
930 | 31.00000161677599 | 161.29551696777344,187.5328826904297,0.25579574704170227 | 3.2081626244462313e-10,-5.907933031679136e-10,-7.818825906724669e-07 | 0 | 7.182891295087757e-07,2.3415351790845307e-07,7.529788424720518e-12 | -1.2376765411159507e-11,-4.413153842364181e-09,-3.432654466450913e-06 | 0,0
940 | 31.33333496749401 | 161.29551696777344,187.5328826904297,0.25579574704170227 | 5.375463962842275e-11,7.484324271445075e-11,-4.958279760103323e-07 | 0 | -2.0910475484470226e-07,4.052623125971877e-08,-7.0218397069110594e-12 | 1.9630025036021514e-11,-1.9662246941720696e-08,-3.4326553759456147e-06 | 0,0
950 | 31.666668318212032 | 161.29551696777344,187.5328826904297,0.25579574704170227 | -1.1148906233979239e-12,-3.000650561357787e-10,-1.7163276311293885e-07 | 0 | 3.0965676955929666e-07,-1.4169659889873287e-09,-3.93956525387984e-12 | -1.4488227458031577e-11,-4.693906596742181e-09,-3.4326549211982638e-06 | 0,0
960 | 32.000001668930054 | 161.29551696777344,187.5328826904297,0.25579574704170227 | 6.427464116498527e-10,-8.813808016761016e-10,-1.3921323898102855e-06 | 0 | 1.1269210062891943e-06,4.697224653682497e-07,1.8894580344763767e-11 | -1.2268518666258554e-11,-4.4012709032870134e-09,-3.432654466450913e-06 | 0,0
970 | 32.333335019648075 | 161.29551696777344,187.5328826904297,0.25579574704170227 | 4.817801713130621e-10,-7.360984044524344e-10,-1.0870074902413762e-06 | 0 | 9.226135375683953e-07,3.5193716030335054e-07,1.3217438428470007e-11 | -1.225019998635224e-11,-4.399695274770465e-09,-3.432654466450913e-06 | 0,0
980 | 32.6666683703661 | 161.2950439453125,187.5328826904297,0.2557878792285919 | 0.0044169058091938496,-8.33908561617136e-05,-1.2586402817760245e-06 | 0 | -0.0017343860818073153,-0.032132621854543686,-0.002255386672914028 | -0.14816752076148987,0.0014767891261726618,-9.153746759693604e-06 | 0,0
990 | 33.00000172108412 | 161.19732666015625,187.53370666503906,0.25493818521499634 | -0.7059077024459839,0.006126037798821926,-5.320615400705719e-06 | 0 | 0.007198526058346033,0.4302492141723633,-0.05382399260997772 | -3.7488160133361816,0.05969321355223656,-4.9201378715224564e-05 | 0,0
1000 | 33.33333507180214 | 160.77113342285156,187.53707885742188,0.25406375527381897 | -1.7200977802276611,0.015301440842449665,-1.8307495111002936e-06 | 270.5 | 0.0036491230130195618,0.029862992465496063,-0.127733513712883 | -2.602504253387451,0.04750186204910278,-1.5446947145392187e-05 | 0,0
1010 | 33.66666842252016 | 160.05160522460938,187.54306030273438,0.2541622221469879 | -2.5467782020568848,0.023767706006765366,-5.7210922221884175e-08 | 270.5 | 0.006622756365686655,-0.03909862041473389,-0.1638125479221344 | -2.4130795001983643,0.05808038264513016,4.2908184695988894e-05 | 0,0
1020 | 34.00000177323818 | 159.0749969482422,187.5514678955078,0.2544826567173004 | -3.078068256378174,0.028319736942648888,4.443381385499379e-06 | 270.5 | -0.005033544730395079,-0.46423330903053284,-0.132856547832489 | 2.0565173625946045,-0.017671452835202217,6.064356421120465e-05 | 0,0
1030 | 34.3333351239562 | 158.41998291015625,187.55751037597656,0.25845152139663696 | -0.8158395886421204,0.007555427495390177,-2.7213329303776845e-05 | 0 | -0.011880080215632915,-0.8842008113861084,0.0557025782763958 | 7.472106456756592,-0.11188539117574692,-0.00016877222515176982 | 0,0
1040 | 34.666668474674225 | 158.00125122070312,187.5611114501953,0.2558830678462982 | -1.6775187253952026,0.014680999331176281,1.0431457667436916e-05 | 270.5 | 0.002135024406015873,0.8158090114593506,-0.030139435082674026 | -2.656663417816162,0.011460687033832073,-0.00016076267638709396 | 0,0
1050 | 35.000001825392246 | 157.29319763183594,187.5672607421875,0.2544385492801666 | -2.5120794773101807,0.022182101383805275,-3.2800926419440657e-06 | 270.5 | -0.0009563268977217376,0.13964158296585083,-0.03759660944342613 | -2.425889730453491,0.011380444280803204,-1.0870068763324525e-05 | 0,0
1060 | 35.33333517611027 | 156.31678771972656,187.57574462890625,0.2542846202850342 | -3.3007638454437256,0.02901485189795494,-3.8140612446113664e-07 | 270.5 | -0.0006856811814941466,-0.0016422269400209188,-0.027851056307554245 | -2.3218986988067627,0.018151288852095604,8.009527664398775e-05 | 0,0
1070 | 35.66666852682829 | 155.08314514160156,187.58644104003906,0.254323810338974 | -4.0585126876831055,0.035135310143232346,2.0214527012285544e-06 | 270.5 | -4.862063724431209e-05,-0.013852541334927082,-0.007490996271371841 | -2.234637498855591,0.018169058486819267,1.716332349133154e-06 | 0,0
1080 | 36.00000187754631 | 153.60687255859375,187.59912109375,0.2544387876987457 | -4.728616714477539,0.04031482711434364,1.0679372053346015e-06 | 270.5 | 5.0119375373469666e-05,-0.07424665242433548,0.005456032231450081 | -1.6438864469528198,0.014485268853604794,-3.3754440664779395e-05 | 0,0
1090 | 36.33333522826433 | 151.96409606933594,187.61306762695312,0.2557483911514282 | -5.042163848876953,0.04237603396177292,0.0050047156400978565 | 270.5 | -0.0012512234970927238,-0.19750210642814636,0.010849145241081715 | -0.38168904185295105,0.0023014468606561422,-0.11858966201543808 | 0,0
1100 | 36.66666857898235 | 150.28395080566406,187.6270294189453,0.25623366236686707 | -5.01253080368042,0.03909125551581383,0.0005153369274921715 | 270.4 | -0.004278860986232758,-0.13105235993862152,0.00859906803816557 | 0.19725321233272552,-0.01672658883035183,-0.02034877799451351 | 0,0
1110 | 37.000001929700375 | 148.61891174316406,187.63973999023438,0.25544169545173645 | -4.97816801071167,0.03477732092142105,-0.0005885668797418475 | 270.4 | -0.0107768215239048,-0.017775889486074448,0.10758309811353683 | 0.10059355944395065,-0.05470029637217522,0.030063768848776817 | 0,0
1120 | 37.333335280418396 | 146.9633331298828,187.65097045898438,0.2556686997413635 | -4.960849285125732,0.029658786952495575,0.0006408576737158 | 270.3 | 0.00016014343418646604,0.008680975064635277,0.15226426720619202 | 0.016837118193507195,-0.01465452741831541,-0.002331916941329837 | 0,0
1130 | 37.66666863113642 | 145.3094482421875,187.6602325439453,0.25574254989624023 | -4.96427059173584,0.022209279239177704,0.00013650525943376124 | 270.3 | -0.00499195558950305,0.009025714360177517,0.21514035761356354 | -0.025792120024561882,-0.038032155483961105,-0.0007654820801690221 | 0,0
1140 | 38.00000198185444 | 143.65284729003906,187.66709899902344,0.2557407319545746 | -4.974974632263184,0.014561560936272144,2.036708792729769e-05 | 270.2 | 0.003007994731888175,0.003368494799360633,0.24628321826457977 | -0.033774372190237045,-0.014694872312247753,-0.00018135861319024116 | 0,0
1150 | 38.33333533257246 | 141.9926300048828,187.6714630126953,0.2557385265827179 | -4.985620498657227,0.006337279919534922,2.1740149804827524e-06 | 270.1 | -0.0027382138650864363,8.193330722860992e-05,0.2681093215942383 | -0.0294113140553236,-0.03638815879821777,-1.3730625141761266e-05 | 0,0
1160 | 38.66666868329048 | 140.3291473388672,187.6732177734375,0.2557409107685089 | -4.994513034820557,-0.000901587016414851,2.421929139018175e-06 | 270.0 | -0.0022885682992637157,-0.0006969576352275908,0.2564471662044525 | -0.024776456877589226,-0.03438909724354744,4.634084689314477e-05 | 0,0
1170 | 39.0000020340085 | 138.66293334960938,187.6726837158203,0.25659194588661194 | -5.001430034637451,-0.007628147024661303,0.00357707473449409 | 269.9 | -0.007068678271025419,-0.0033198853489011526,0.24906803667545319 | 0.002245902782306075,-0.04663453251123428,-0.09576477855443954 | 0,0
1180 | 39.333335384726524 | 137.0070037841797,187.67184448242188,0.2557641863822937 | -4.859012603759766,-0.005581696517765522,-0.00295481039211154 | 269.9 | -0.0038482428062707186,-0.14273709058761597,0.10398299992084503 | 0.8157491087913513,-0.0035121149849146605,0.056015223264694214 | 0,0
1190 | 39.666668735444546 | 135.41998291015625,187.6686248779297,0.25593069195747375 | -4.705546855926514,-0.01271298062056303,0.0006138922763057053 | 269.8 | 0.005512201227247715,0.039009060710668564,0.16346785426139832 | 0.20034311711788177,0.0014036892680451274,-0.0012580676702782512 | 0,0
1200 | 40.00000208616257 | 133.85476684570312,187.664306640625,0.2558319866657257 | -4.699400424957275,-0.016603050753474236,0.00015715841436758637 | 269.8 | -0.008382031694054604,0.057137083262205124,0.1518969088792801 | -0.07588862627744675,-0.043818771839141846,-0.0008890570607036352 | 0,0
1210 | 40.33333543688059 | 132.282470703125,187.6589813232422,0.2557244896888733 | -4.732958793640137,-0.018368488177657127,2.6374234948889352e-05 | 269.8 | -0.00115595490206033,0.01829330250620842,0.10736982524394989 | -0.10190963000059128,-0.010167079977691174,-7.723475573584437e-05 | 0,0
1220 | 40.66666878759861 | 130.69960021972656,187.65289306640625,0.2557065188884735 | -4.760866165161133,-0.019659249112010002,2.91775700134167e-06 | 269.8 | 0.002413976937532425,-0.001487234840169549,0.07159771770238876 | -0.06747721880674362,0.0050519960932433605,-6.121568731032312e-05 | 0,0
1230 | 41.00000213831663 | 129.10946655273438,187.64637756347656,0.25572192668914795 | -4.7776641845703125,-0.020922750234603882,3.108460077783093e-06 | 269.7 | -0.002971575129777193,-0.004794558044523001,0.05485745146870613 | -0.03992557153105736,-0.021088363602757454,2.631702591315843e-05 | 0,0
1240 | 41.33333548903465 | 127.51485443115234,187.6394805908203,0.2557344436645508 | -4.789429187774658,-0.02110787108540535,1.8307495111002936e-06 | 269.7 | -0.00031860143644735217,-0.0021488373167812824,0.029685281217098236 | -0.033731456845998764,-0.005057695787400007,7.437420663336525e-06 | 0,0
1250 | 41.666668839752674 | 125.91631317138672,187.6325225830078,0.25573816895484924 | -4.800929546356201,-0.02120233327150345,5.721092293242691e-07 | 269.7 | -0.0003526390646584332,-0.00014697057486046106,0.015058555640280247 | -0.03554820641875267,-0.0018026678590103984,5.721092747990042e-06 | 0,0
1260 | 42.000002190470695 | 124.31387329101562,187.62551879882812,0.25573790073394775 | -4.81284761428833,-0.02109658345580101,-9.916559520206647e-07 | 269.7 | 0.00017053338524419814,8.253710984718055e-05,0.003988135140389204 | -0.035562511533498764,0.0006449594511650503,5.72109183849534e-06 | 0,0
1270 | 42.33333554118872 | 122.70752716064453,187.6184844970703,0.2557379901409149 | -4.8245649337768555,-0.021133555099368095,-1.0679372053346015e-06 | 269.7 | 1.4361685316544026e-05,4.1056655391003005e-06,0.0011508831521496177 | -0.03561973199248314,-0.0001555681083118543,4.004766196885612e-06 | 0,0
1280 | 42.66666889190674 | 121.09717559814453,187.61146545410156,0.2557368278503418 | -4.837176322937012,-0.021206015720963478,-1.5065542129377718e-06 | 269.7 | 1.6701675122021697e-05,0.0004917842452414334,0.0006947448127903044 | -0.03906726464629173,4.0289010939886793e-05,1.4302730050985701e-05 | 0,0
1290 | 43.00000224262476 | 119.48252868652344,187.60443115234375,0.255735844373703 | -4.849977016448975,-0.020980166271328926,-4.576873777750734e-07 | 269.8 | 0.0003261152596678585,5.560216959565878e-05,-0.005775953643023968 | -0.038080211728811264,0.0014362669317051768,5.148982381797396e-06 | 0,0
1300 | 43.33333559334278 | 117.86370086669922,187.59744262695312,0.25573641061782837 | -4.862176895141602,-0.0203299131244421,1.6781871181592578e-06 | 269.8 | 0.0007481123320758343,-0.000349191774148494,-0.017630940303206444 | -0.03529071435332298,0.003489162540063262,1.0870075129787438e-05 | 0,0
1310 | 43.6666689440608 | 116.2409439086914,187.59075927734375,0.2557373642921448 | -4.873934745788574,-0.019203199073672295,-2.0977338976990723e-07 | 269.8 | 0.000672228925395757,-0.00012604058429133147,-0.03284292295575142 | -0.03507613763213158,0.003954972606152296,-2.803335155476816e-05 | 0,0
1320 | 44.000002294778824 | 114.61428833007812,187.58450317382812,0.25573769211769104 | -4.8856201171875,-0.017560740932822227,-1.1823590284620877e-06 | 269.8 | 0.0012793807545676827,-1.562567013024818e-05,-0.05003008246421814 | -0.03536223992705345,0.008331834338605404,-5.1489827455952764e-05 | 0,0
1330 | 44.333335645496845 | 112.98371887207031,187.57875061035156,0.2557374835014343 | -4.897341728210449,-0.01583552360534668,2.784264779620571e-06 | 269.8 | -0.0016395453130826354,-7.555008050985634e-05,-0.05826500058174133 | -0.03428935632109642,-0.001485440763644874,8.352793520316482e-05 | 0,0
1340 | 44.66666899621487 | 111.34930419921875,187.57374572753906,0.25573810935020447 | -4.908543586730957,-0.012998922728002071,7.628123199765469e-08 | 269.8 | -0.00035776017466560006,-0.00011247192014707252,-0.08030784130096436 | -0.03355979546904564,0.003263521706685424,5.2061939641134813e-05 | 0,0
1350 | 45.00000234693289 | 109.71116638183594,187.56964111328125,0.2557382881641388 | -4.919748306274414,-0.009913221001625061,1.4684136431242223e-06 | 269.9 | 0.0020511189941316843,5.544894520426169e-05,-0.09672552347183228 | -0.03393172845244408,0.016750505194067955,-2.4028588086366653e-05 | 0,0
1360 | 45.33333569765091 | 108.06927490234375,187.56651306152344,0.25573810935020447 | -4.931052207946777,-0.007195839658379555,7.628123199765469e-08 | 269.9 | -0.0011087877210229635,2.4591550754848868e-05,-0.0962638109922409 | -0.03381728753447533,0.005099200177937746,-3.775920777115971e-05 | 0,0
1370 | 45.66666904836893 | 106.42362976074219,187.5642852783203,0.2557380497455597 | -4.942343235015869,-0.004120176192373037,-3.623358395543619e-07 | 270.0 | -0.0011220554588362575,-2.5966954126488417e-05,-0.10204220563173294 | -0.03340243920683861,0.0021578927990049124,5.721084903598239e-07 | 0,0
1380 | 46.00000239908695 | 104.77424621582031,187.56309509277344,0.25573816895484924 | -4.953416347503662,-0.001431493554264307,-1.5256244978445466e-06 | 270.0 | -0.0005024724523536861,-2.4702279915800318e-05,-0.09726925939321518 | -0.03351688012480736,0.008178407326340675,-1.3158509318600409e-05 | 0,0
1390 | 46.333335749804974 | 103.12116241455078,187.562744140625,0.25573796033859253 | -4.964657306671143,0.0011083174031227827,-1.3349215066682518e-07 | 270.0 | -0.001246045925654471,8.957144018495455e-05,-0.09071017056703568 | -0.033774372190237045,0.0005869182641617954,-6.8653098423965275e-06 | 0,0
1400 | 46.666669100522995 | 101.4643325805664,187.56321716308594,0.2557380497455597 | -4.975721836090088,0.003115756204351783,-7.628122489222733e-07 | 270.0 | -0.0015200772322714329,-5.3410294640343636e-05,-0.07647808641195297 | -0.03271579369902611,0.0022909485269337893,5.721093657484744e-06 | 0,0
1410 | 47.000002451241016 | 99.8038558959961,187.5643310546875,0.2557382881641388 | -4.986528396606445,0.005017033778131008,6.102498559812375e-07 | 270.1 | -0.0011980780400335789,-0.0001355061976937577,-0.06868191063404083 | -0.03177165612578392,-0.0007604201673530042,5.4922486015129834e-05 | 0,0
1420 | 47.33333580195904 | 98.13982391357422,187.56594848632812,0.2557387948036194 | -4.997092247009277,0.0062801712192595005,-2.2884369172970764e-06 | 270.1 | -0.0012336948420852423,-0.0001518172211945057,-0.05305862054228783 | -0.031228063628077507,0.0008454545750282705,-0.00011613816604949534 | 0,0
11700 | 390.00002034008503 | 135.96128845214844,226.29559326171875,0.2546437084674835 | -0.013928367756307125,-2.9056596755981445,-3.0131084258755436e-06 | 180.3 | -0.19730986654758453,0.0006955128046683967,3.5888240337371826 | -0.06406983733177185,-2.347097158432007,2.974967719637789e-05 | 0,0
11710 | 390.33335369080305 | 135.95127868652344,225.3665008544922,0.2564399242401123 | 0.012835419736802578,-2.0144195556640625,2.4600697088317247e-06 | 179.6 | 1.2775064706802368,0.07907269895076752,2.0518569946289062 | -0.02324209362268448,7.230448246002197,-0.00011785449169110507 | 0,0
11720 | 390.6666870415211 | 135.94984436035156,224.8642578125,0.256897509098053 | 0.014139198698103428,-1.6791354417800903,1.3768762073596008e-05 | 179.5 | -0.8439375162124634,-0.04942089319229126,1.4069011211395264 | 0.16887949407100677,-2.4503657817840576,0.0001310130173806101 | 0,0
11730 | 391.0000203922391 | 135.9512176513672,224.16065979003906,0.2547842264175415 | 0.032868314534425735,-2.490772247314453,-3.89034266845556e-06 | 179.2 | -0.29583504796028137,-0.05477377399802208,1.7819799184799194 | 0.2793368399143219,-2.4016640186309814,-1.887960752355866e-05 | 0,0
11740 | 391.3333537429571 | 135.95730590820312,223.271728515625,0.25552818179130554 | 0.036322224885225296,-2.231691837310791,7.017873031145427e-06 | 179.1 | 1.1439327001571655,0.01974760740995407,1.2117407321929932 | 0.10874255746603012,6.7365570068359375,4.004763832199387e-05 | 0,0
11750 | 391.66668709367514 | 135.96034240722656,223.00755310058594,0.2593134939670563 | -0.00016476880409754813,0.00047528045251965523,-1.8517268472351134e-05 | 0 | -0.3834138512611389,-0.023188933730125427,9.661711374064907e-05 | -0.001125468173995614,0.01350326742976904,0.0004782832693308592 | 0,0
11760 | 392.00002044439316 | 135.9603729248047,223.00628662109375,0.25682616233825684 | -3.872278466587886e-05,0.0006476993439719081,1.580928437761031e-05 | 0 | -0.49433112144470215,-0.009800867177546024,0.0001079674475477077 | 0.00022357764828484505,-0.0024458374828100204,-0.0001498926430940628 | 0,0
11770 | 392.3333537951112 | 135.96038818359375,223.0058135986328,0.2560972273349762 | -2.8798012863262556e-06,0.00015105083002708852,1.3158512501831865e-06 | 0 | -0.11223889142274857,-0.0028270490001887083,-2.7524492907105014e-05 | 8.580133908253629e-06,-0.00017015218327287585,-4.5768715608573984e-06 | 0,0
11780 | 392.6666871458292 | 135.9604034423828,223.00567626953125,0.255883127450943 | -7.589663368889887e-07,3.3089647331507877e-05,-1.1823590284620877e-06 | 0 | -0.02435874007642269,-0.0007988860015757382,-5.779498224001145e-06 | 3.16064006256056e-06,9.972030238714069e-05,-4.004763013654156e-06 | 0,0
11790 | 393.0000204965472 | 135.9604034423828,223.005615234375,0.25581932067871094 | -3.450016663464339e-07,4.023489964311011e-06,7.628123199765469e-08 | 0 | -0.0028479848988354206,-0.0002458530943840742,-2.2942901978240116e-07 | -7.671405342080106e-07,-0.000365837593562901,4.348029688117094e-05 | 0,0
11800 | 393.33335384726524 | 135.9604034423828,223.005615234375,0.25580236315727234 | -9.770484155069425e-08,4.330181582190562e-06,-3.432655262258777e-07 | 0 | -0.0031931258272379637,-9.896911797113717e-05,-8.236359576585528e-07 | -2.571998720668489e-06,-1.772885661921464e-05,1.659116787777748e-05 | 0,0
11810 | 393.66668719798326 | 135.9604034423828,223.005615234375,0.2557979226112366 | -1.2144446337458703e-08,1.2198181593703339e-06,-3.8140612446113664e-07 | 0 | -0.0008999905548989773,-3.782171188504435e-05,-2.38145062780859e-07 | -1.2995765246159863e-06,-4.46780040874728e-06,5.721093430111068e-07 | 0,0
11820 | 394.0000205487013 | 135.9604034423828,223.005615234375,0.255796879529953 | -8.066772494430552e-08,3.444745004799188e-07,-5.14898317760526e-07 | 0 | -0.0002530908095650375,-3.764939174288884e-05,-5.5136720078508006e-08 | -1.996182618313469e-06,-5.242483211986837e-07,-1.7163276424980722e-05 | 0,0
11830 | 394.3333538994193 | 135.9604034423828,223.005615234375,0.255796879529953 | 1.1341528605157691e-08,7.810282198761342e-08,2.0977338976990723e-07 | 0 | -5.726380186388269e-05,-4.120859557588119e-06,-1.4258326075378136e-08 | 1.43099623528542e-06,2.7459356033432414e-07,6.865310751891229e-06 | 0,0
11840 | 394.66668725013733 | 135.9604034423828,223.005615234375,0.2557958662509918 | 1.2752592315479205e-09,4.808788478527504e-09,-3.814061599882734e-08 | 0 | -3.40218389283109e-06,9.119375476984715e-07,-3.4601893572627773e-10 | -4.726824442968791e-07,-7.715914307482308e-07,2.002382097998634e-05 | 0,0
11850 | 395.00002060085535 | 135.9604034423828,223.005615234375,0.2557958662509918 | 4.873376369118887e-08,7.663142120861721e-09,-8.200231604860164e-07 | 0 | -5.20804496773053e-06,2.096632306347601e-05,-4.308370993300059e-09 | 1.825785489018017e-06,-3.1829094382374024e-07,1.1442203913247795e-06 | 0,0
11860 | 395.3333539515734 | 135.9604034423828,223.005615234375,0.2557958662509918 | 6.969321475480683e-08,6.996164536587912e-09,-2.8605461466213455e-07 | 0 | -4.7577477744198404e-06,4.390057802083902e-05,-3.182978991489449e-09 | 2.3002039597486146e-06,4.1569501263438724e-07,8.581638212490361e-06 | 0,0
11870 | 395.6666873022914 | 135.9604034423828,223.005615234375,0.2557958662509918 | 1.736927407458566e-10,4.908145001536468e-09,-2.0977338976990723e-07 | 0 | -3.600814807214192e-06,4.033605591757805e-07,-8.380406368857507e-10 | -4.5642689627811706e-09,1.9393166184045185e-08,-1.1442186860222137e-06 | 0,0
11880 | 396.0000206530094 | 135.9604034423828,223.005615234375,0.2557958662509918 | 4.121227448194986e-08,-9.588621008305154e-10,-2.0977338976990723e-07 | 0 | 1.114805286306364e-06,8.01819987827912e-06,-3.2322571286158563e-09 | 1.0680737432267051e-06,-2.1605899291898822e-09,-1.7163276879728073e-06 | 0,0
11890 | 396.33335400372744 | 135.9604034423828,223.005615234375,0.2557958662509918 | -1.4485447563661324e-10,3.357576439100285e-10,-1.907030799941367e-08 | 0 | -2.3747230670778663e-07,-1.0343637768528424e-07,-1.339961128166145e-11 | -1.4325941322113067e-07,-2.571166035636452e-08,2.2312256987788714e-05 | 0,0
11900 | 396.66668735444546 | 135.9604034423828,223.005615234375,0.2557958662509918 | 1.2923347947335628e-09,4.0703560522104e-09,-4.1954677953981445e-07 | 0 | -3.006799261129345e-06,1.1222862212889595e-06,-8.276685448116439e-10 | 3.048763375090857e-08,-1.3506621598935453e-08,-1.7163281427201582e-06 | 0,0
11910 | 397.0000207051635 | 135.9604034423828,223.005615234375,0.2557958662509918 | -1.0197418909285716e-08,-5.456957108407323e-09,-8.009528755792417e-07 | 0 | 4.028359398944303e-06,-1.218796842294978e-05,1.0276088868721445e-09 | 4.0457447170183514e-08,-4.965933886325047e-09,-3.432654466450913e-06 | 0,0
11920 | 397.3333540558815 | 135.9604034423828,223.005615234375,0.2557958662509918 | 1.5417697118991214e-09,2.7935942448209516e-09,-2.479139880051662e-07 | 0 | -2.056618086498929e-06,1.749761963765195e-06,-4.959310739849343e-10 | 1.7405456631536254e-08,2.9269651147245668e-09,-1.7163276879728073e-06 | 0,0
11930 | 397.6666874065995 | 135.9604034423828,223.005615234375,0.2557958662509918 | 7.813847346938019e-09,-1.3278776966885175e-09,-2.288436888875367e-07 | 0 | 9.558704050505185e-07,9.309593224315904e-06,1.2601403254208776e-10 | 6.612102509961915e-08,-1.3231058915152971e-08,-2.288436689923401e-06 | 0,0
11940 | 398.00002075731754 | 135.9604034423828,223.005615234375,0.2557958662509918 | -1.2931908877078513e-09,1.1330678062471122e-10,-3.814061599882734e-08 | 0 | -7.974756499606883e-08,-9.239174119102245e-07,5.275886325040169e-11 | -1.2529093318391915e-08,-2.2511438046990406e-08,2.1168038074392825e-05 | 0,0
11950 | 398.33335410803556 | 135.9604034423828,223.005615234375,0.2557958662509918 | 3.761101208255013e-09,9.515164212103855e-10,-5.721092293242691e-07 | 0 | -7.09924108832638e-07,3.6068420286028413e-06,-2.646904639913572e-10 | 6.654899209479481e-08,-1.322833753647501e-08,-2.2884373720444273e-06 | 0,0
11960 | 398.6666874587536 | 135.9604034423828,223.005615234375,0.2557958662509918 | -2.461832515621154e-09,-2.3572843677044375e-09,-4.576873777750734e-07 | 0 | 1.7395764189132024e-06,-2.4704695533728227e-06,4.792141128362459e-10 | -3.98010371327473e-08,6.646309724800403e-09,-2.2884373720444273e-06 | 0,0
11970 | 399.0000208094716 | 135.9604034423828,223.0041961669922,0.2557712197303772 | -4.7572881157975644e-05,-0.009857845492661,-1.106077775148151e-06 | 0 | 0.014719790779054165,0.006536607630550861,0.0005261996993795037 | 0.007078273221850395,-0.4281715452671051,-2.5744911908986978e-05 | 0,0
11980 | 399.33335416018963 | 135.96157836914062,222.87600708007812,0.2547408640384674 | 0.012590396218001842,-0.8579822182655334,-3.604288167480263e-06 | 0 | -0.43917763233184814,-0.015518030151724815,0.36879661679267883 | 0.05779891833662987,-3.7679758071899414,2.059592770820018e-05 | 0,0
11990 | 399.66668751090765 | 135.96678161621094,222.4148712158203,0.2540745735168457 | 0.030108148232102394,-1.8083771467208862,-8.581638439864037e-07 | 179.0 | -0.006302251014858484,-0.015362503938376904,0.6873175501823425 | 0.14669692516326904,-2.5558159351348877,4.119185541640036e-05 | 0,0
12000 | 400.00002086162567 | 135.97645568847656,221.66737365722656,0.2541828453540802 | 0.0453350804746151,-2.6280269622802734,2.307507202203851e-06 | 179.0 | 0.034582823514938354,0.008005098439753056,0.757378101348877 | -0.014658941887319088,-2.4021289348602295,1.659116787777748e-05 | 0,0
12010 | 400.3333542123437 | 135.99119567871094,220.70054626464844,0.25505003333091736 | 0.0482286773622036,-2.674370050430298,9.706785931484774e-06 | 179.0 | 0.9945580959320068,0.03574154153466225,0.5037557482719421 | -0.10126344114542007,5.788964748382568,9.439801215194166e-05 | 0,0
12020 | 400.6666875630617 | 136.00006103515625,220.14718627929688,0.2577712833881378 | 0.02570679597556591,-1.3893197774887085,-4.0047643778962083e-07 | 178.9 | -0.5916995406150818,-0.027301529422402382,0.09281258285045624 | 0.08478115499019623,-2.1888718605041504,0.00022426679788623005 | 0,0
12030 | 401.00002091377974 | 136.0099334716797,219.54196166992188,0.255167156457901 | 0.039971742779016495,-2.1969308853149414,-1.4684136431242223e-06 | 179.0 | -0.47004440426826477,-0.02033105492591858,0.25907102227211 | 0.06932369619607925,-2.432698965072632,-0.00012357559171505272 | 0,0
12040 | 401.33335426449776 | 136.02474975585938,218.6688690185547,0.2543841600418091 | 0.053697723895311356,-2.9939215183258057,1.907030799941367e-08 | 179.0 | -0.07088903337717056,0.0032931361347436905,0.21839800477027893 | 0.03129947558045387,-2.3534128665924072,9.49701206991449e-05 | 0,0
12050 | 401.6666876152158 | 136.04025268554688,217.767822265625,0.25673815608024597 | 0.034511223435401917,-1.9681496620178223,-2.91775700134167e-06 | 179.0 | 0.9194827079772949,0.020894672721624374,0.056460849940776825 | -0.06283688545227051,3.206019163131714,-0.00017392118752468377 | 0,0
12060 | 402.0000209659338 | 136.05255126953125,217.0485076904297,0.25581756234169006 | 0.041991718113422394,-2.4538230895996094,5.83551400268334e-06 | 179.0 | -0.5416874885559082,-0.004401373211294413,0.04054802656173706 | -0.0021819768007844687,-2.163541078567505,-1.6019052054616623e-05 | 0,0
12070 | 402.3333543166518 | 136.06863403320312,216.10891723632812,0.25483188033103943 | 0.05120189115405083,-2.953732490539551,-1.2014294270557002e-06 | 179.0 | 0.2829435467720032,0.0005862245452590287,0.028618743643164635 | -0.015019475482404232,2.1172711849212646,-4.80571725347545e-05 | 0,0
12080 | 402.66668766736984 | 136.08030700683594,215.42822265625,0.2574444115161896 | 0.027998264878988266,-1.6408236026763916,-4.4624516704061534e-06 | 179.0 | -0.1899409294128418,-0.008864544332027435,-0.24673734605312347 | 0.01640293560922146,-0.861775815486908,0.0001344456832157448 | 0,0
12090 | 403.00002101808786 | 136.09161376953125,214.7583770751953,0.25531330704689026 | 0.04018092527985573,-2.369997024536133,1.3921323898102855e-06 | 179.0 | -0.47948864102363586,-0.01020406000316143,0.007497335318475962 | 0.0405568964779377,-2.3589203357696533,-3.2610227208351716e-05 | 0,0
12100 | 403.3333543688059 | 136.10733032226562,213.8302459716797,0.2544436454772949 | 0.05334974080324173,-3.1537373065948486,-3.661499022200587e-06 | 179.0 | -0.09106039255857468,-0.0015718634240329266,0.002347172936424613 | 0.038006898015737534,-2.327570676803589,-3.947553341276944e-05 | 0,0
12110 | 403.6666877195239 | 136.12722778320312,212.6449432373047,0.2543356120586395 | 0.06519532948732376,-3.9153900146484375,-1.1442184444376835e-07 | 179.0 | 6.86036073602736e-05,-0.0008185021579265594,-0.022513030096888542 | 0.04093363508582115,-2.2485849857330322,3.604288212954998e-05 | 0,0
12120 | 404.0000210702419 | 136.15057373046875,211.21267700195312,0.2543977200984955 | 0.07207199186086655,-4.618668556213379,1.8879603658206179e-06 | 179.1 | 0.04996233433485031,0.005698908120393753,-0.11683066934347153 | 0.006234570872038603,-1.827463984489441,1.7163255279228906e-06 | 0,0
12130 | 404.33335442095995 | 136.17330932617188,209.70272827148438,0.2562657594680786 | 0.05068814754486084,-3.8234004974365234,2.2884369172970764e-06 | 179.2 | 1.265825629234314,0.026813218370079994,-0.282824844121933 | -0.15565550327301025,7.3835129737854,-0.00013845042849425226 | 0,0
12140 | 404.66668777167797 | 136.18655395507812,208.67922973632812,0.25745829939842224 | 0.033808186650276184,-3.0155162811279297,1.0011912308982573e-05 | 179.4 | -0.6927439570426941,-0.012861334718763828,-0.23208314180374146 | 0.0008283554925583303,-1.3270138502120972,7.609055319335312e-05 | 0,0
12150 | 405.000021122396 | 136.19857788085938,207.5674591064453,0.2552456855773926 | 0.03127250075340271,-3.6503169536590576,-1.5828354662517086e-06 | 179.5 | -0.3945458233356476,0.004037924110889435,-0.3768972158432007 | -0.034951526671648026,-2.1206257343292236,-4.805716889677569e-05 | 0,0
12160 | 405.333354473114 | 136.2100830078125,206.22454833984375,0.2545316219329834 | 0.02858210913836956,-4.366597652435303,-2.6507727852731477e-06 | 179.6 | -0.07200343161821365,-0.005027088802307844,-0.4231729805469513 | -0.002658962970599532,-2.0951411724090576,6.865308932901826e-06 | 0,0
12170 | 405.66668782383204 | 136.21908569335938,204.67002868652344,0.2546854019165039 | 0.016218123957514763,-4.864116191864014,2.5363508484588237e-06 | 179.8 | 0.14185939729213715,-0.004583894275128841,-0.5249279141426086 | -0.003173332428559661,-0.8753156065940857,5.721084903598239e-07 | 0,0
12180 | 406.00002117455006 | 136.22390747070312,203.0241241455078,0.25533172488212585 | 0.0022465302608907223,-4.9596076011657715,2.135874410669203e-06 | 180.0 | 0.17522919178009033,0.009087740443646908,-0.5111345648765564 | -0.0837349146604538,0.06279944628477097,-2.8605425086425385e-06 | 0,0
12190 | 406.3333545252681 | 136.22462463378906,201.38087463378906,0.25576335191726685 | -0.007365936413407326,-4.89931583404541,-5.7210922221884175e-08 | 180.1 | 0.06591831892728806,0.0016408329829573631,-0.40575090050697327 | -0.05055425688624382,0.1979684680700302,2.288436689923401e-06 | 0,0
12200 | 406.6666878759861 | 136.2220458984375,199.75698852539062,0.25584688782691956 | -0.01413510087877512,-4.8538079261779785,7.05601394201949e-07 | 180.2 | -0.004625916481018066,-0.0065347058698534966,-0.2981939911842346 | -0.0009730550809763372,0.07388591021299362,5.721101956623897e-07 | 0,0
12210 | 407.0000212267041 | 136.21656799316406,198.1404571533203,0.2557917833328247 | -0.033939212560653687,-4.851016044616699,-2.0977338976990723e-07 | 180.4 | -0.018204350024461746,0.050877757370471954,-0.5875563025474548 | -0.18820315599441528,-0.031485553830862045,-1.9451712432783097e-05 | 0,0
12220 | 407.33335457742214 | 136.1811981201172,196.5219268798828,0.2557601034641266 | -0.32425758242607117,-4.8503618240356445,-3.41358509103884e-06 | 183.8 | 0.019339991733431816,0.6061967015266418,-6.838093280792236 | -2.3515090942382812,0.173063263297081,1.1442169807196478e-06 | 0,0
12230 | 407.66668792814016 | 135.9860076904297,194.923828125,0.25591179728507996 | -1.2361865043640137,-4.663449287414551,-2.3609039999428205e-05 | 194.8 | 0.1958162486553192,0.957131028175354,-22.99006462097168 | -4.844576835632324,1.6211556196212769,-0.00022255042858887464 | 0,0
12240 | 408.0000212788582 | 135.51406860351562,193.40536499023438,0.256020724773407 | -2.0224344730377197,-4.399297714233398,1.313944176217774e-05 | 204.7 | -0.04320104047656059,-0.06440713256597519,-26.176250457763672 | -2.7297017574310303,1.132893443107605,-3.6042889405507594e-05 | 0,0
12250 | 408.3333546295762 | 134.83102416992188,191.9465789794922,0.2559359669685364 | -2.6764638423919678,-4.08087682723999,-9.916559974953998e-06 | 213.3 | 0.3878664970397949,0.755732536315918,-27.24565315246582 | -4.252309322357178,3.119201421737671,-0.00023856952611822635 | 0,0
12260 | 408.6666879802942 | 133.91049194335938,190.6259002685547,0.25605329871177673 | -3.369617223739624,-3.542203903198242,-9.134677384281531e-06 | 223.6 | -0.01949794590473175,-0.06991277635097504,-29.924625396728516 | -1.6934393644332886,1.4432929754257202,2.288436735398136e-05 | 0,0
12270 | 409.00002133101225 | 132.75369262695312,189.5188446044922,0.25615546107292175 | -4.050086498260498,-2.721367120742798,2.2502961201098515e-06 | 236.1 | 0.4126749634742737,0.37383097410202026,-33.926856994628906 | -2.7880237102508545,4.648096084594727,-0.0001939450012287125 | 0,0
12280 | 409.33335468173027 | 131.40548706054688,188.64010620117188,0.25612708926200867 | -4.477027893066406,-2.014176368713379,8.69605992193101e-06 | 245.8 | -0.14657948911190033,-0.08815540373325348,-31.671838760375977 | -1.357827067375183,2.724444627761841,0.00036157300928607583 | 0,0
12290 | 409.6666880324483 | 129.9112548828125,188.05833435058594,0.2562313675880432 | -4.812430381774902,-0.8615957498550415,-6.750889042450581e-06 | 259.8 | 0.6676105260848999,0.22439515590667725,-37.582740783691406 | -0.7073306441307068,6.070650577545166,-0.00024143009795807302 | 0,0
12300 | 410.0000213831663 | 128.31747436523438,187.76052856445312,0.2559930384159088 | -4.956455707550049,-0.4340137243270874,3.92085530620534e-05 | 265.0 | -0.05599147453904152,0.07048826664686203,-24.023677825927734 | -0.3847503364086151,3.5733280181884766,-0.00012071511446265504 | 0,0
12310 | 410.33335473388433 | 126.66500091552734,187.5706024169922,0.2557956576347351 | -5.013802528381348,-0.23117515444755554,-3.928483238269109e-06 | 267.4 | -0.24910391867160797,-0.03248295560479164,-15.199905395507812 | -0.06289958208799362,-0.7313932180404663,2.2884339614392957e-06 | 0,0
12320 | 410.66668808460236 | 124.99833679199219,187.47320556640625,0.256148099899292 | -5.0015692710876465,-0.14018124341964722,-0.009246733970940113 | 268.4 | -0.09488905221223831,-0.01809137687087059,-7.83596134185791 | -0.074858658015728,0.2590499520301819,0.12544693052768707 | 0,0
12330 | 411.0000214353204 | 123.33077239990234,187.42445373535156,0.2564171850681305 | -5.0089921951293945,-0.03496430069208145,0.0006967527442611754 | 269.6 | -0.09451846778392792,0.0017754380824044347,-5.252817153930664 | 0.02806663326919079,0.06162732467055321,-0.025168225169181824 | 0,0
12340 | 411.3333547860384 | 121.66250610351562,187.41615295410156,0.2557990252971649 | -5.0039191246032715,0.023116905242204666,0.009992478415369987 | 270.3 | -0.14848892390727997,0.011224968358874321,-2.8361434936523438 | -0.12185095995664597,-0.03092324174940586,0.5044161081314087 | 0,0
12350 | 411.6666881367564 | 119.99181365966797,187.4307403564453,0.25611183047294617 | -5.014036655426025,0.06468971073627472,-0.012641086243093014 | 270.7 | 0.012881786562502384,0.0011693196138367057,-1.543038010597229 | 0.6757592558860779,0.13734093308448792,-0.3894893229007721 | 0,0
12360 | 412.00002148747444 | 118.32062530517578,187.45181274414062,0.25613123178482056 | -5.015719890594482,0.08272335678339005,0.0036271342542022467 | 270.9 | -0.016031017526984215,0.02293134666979313,-0.9583176374435425 | -0.1865672916173935,0.034687887877225876,-0.06111613288521767 | 0,0
12370 | 412.33335483819246 | 116.64242553710938,187.48326110839844,0.2562437057495117 | -5.04780912399292,0.1320251226425171,8.610243821749464e-05 | 271.5 | 0.23736698925495148,-0.0027346115093678236,-0.4292125999927521 | 0.03202914819121361,0.8966563940048218,-0.0060048578307032585 | 0,0
12380 | 412.6666881889105 | 114.96648406982422,187.51751708984375,0.25624874234199524 | -5.05224609375,0.1237073689699173,0.0007609052699990571 | 271.4 | 0.09614036232233047,0.07317054271697998,-0.6593229174613953 | -0.46267029643058777,0.36684346199035645,-0.01594468206167221 | 0,0
12390 | 413.0000215396285 | 113.28544616699219,187.55567932128906,0.256251722574234 | -4.999354839324951,0.12434401363134384,0.0002621595049276948 | 271.4 | -0.0028028625529259443,-0.14209437370300293,-1.6930077075958252 | 0.6342172026634216,0.015956012532114983,-0.006974583026021719 | 0,0
12400 | 413.3333548903465 | 111.61070251464844,187.59747314453125,0.2562183737754822 | -5.034733772277832,0.13202349841594696,0.000921248400118202 | 271.5 | -0.007292997557669878,0.0015353250782936811,-0.5769436955451965 | 0.1391601413488388,-0.0024095175322145224,-0.017310306429862976 | 0,0
12410 | 413.66668824106455 | 109.92857360839844,187.6403045654297,0.25614866614341736 | -5.04202127456665,0.1275434046983719,0.002272761194035411 | 271.4 | 0.011358355171978474,0.0024578673765063286,0.011893592774868011 | -0.5146836638450623,0.05785569176077843,0.44747403264045715 | 0,0
12420 | 414.00002159178257 | 108.24746704101562,187.68017578125,0.25623294711112976 | -5.079076290130615,0.10709208250045776,0.0003818828845396638 | 271.2 | -0.007634054869413376,0.09251739829778671,1.747229814529419 | 0.06561755388975143,-0.07181345671415329,-0.009004998952150345 | 0,0
12430 | 414.3333549425006 | 106.56729888916016,187.7115020751953,0.2561645805835724 | -5.062838077545166,0.0757693499326706,0.0018257340416312218 | 270.9 | -0.020670684054493904,0.055760327726602554,0.9039486050605774 | -0.6819819808006287,-0.12893511354923248,-0.030440205708146095 | 0,0
12440 | 414.6666882932186 | 104.88091278076172,187.7339630126953,0.25621339678764343 | -5.054184913635254,0.04682108387351036,0.0005185598274692893 | 270.5 | -0.005260535515844822,-0.03963553160429001,-0.02755885198712349 | 0.495514839887619,-0.09119878709316254,-0.01093071699142456 | 0,0
12450 | 415.00002164393663 | 103.19371032714844,187.74974060058594,0.2562284469604492 | -5.076659679412842,0.03848598152399063,7.977108907653019e-05 | 270.4 | -0.14562305808067322,0.004598344676196575,1.8864108324050903 | 0.7464837431907654,-0.7397967576980591,-0.0036414749920368195 | 0,0
12460 | 415.33335499465466 | 101.50817108154297,187.7568359375,0.25630298256874084 | -4.9835205078125,0.0016622261609882116,-1.4626925803895574e-05 | 270.0 | 0.0256828423589468,-0.20854508876800537,-0.5614041686058044 | 0.6874036192893982,0.01983296126127243,-0.0017701059114187956 | 0,0
12470 | 415.6666883453727 | 99.816162109375,187.75889587402344,0.2560962736606598 | -5.041885852813721,-0.008262691088020802,-0.012737277895212173 | 269.9 | 0.0008257954032160342,-0.02342013083398342,0.6039160490036011 | 0.7288598418235779,-0.016938623040914536,-0.38117489218711853 | 0,0
12480 | 416.0000216960907 | 98.12200927734375,187.75546264648438,0.2561487555503845 | -5.0638041496276855,-0.023882851004600525,0.002754038432613015 | 269.7 | -0.006351688411086798,0.026190662756562233,0.6263211369514465 | -2.0215842723846436,-0.07614059001207352,0.0837230309844017 | 0,0
