Simulation Frame | Timestamp | Position | Velocity | Heading | Angular Velocity | Acceleration | Stopped at Red Light + Light ID 
1 | 0.03333333507180214 | 162.02005004882812,191.77003479003906,0.6821951270103455 | 0.0,0.0,-3.5864551067352295 | 0 | 0.0,0.0,0.0 | 0.0,0.0,-9.764949798583984 | 0,0
43 | 1.433333408087492 | 162.0189971923828,191.7699737548828,0.20629531145095825 | -1.058849306900811e-06,-5.521628281712765e-06,0.001091222045943141 | 0 | -0.00571057666093111,0.0025395420379936695,1.7056181604857557e-05 | -2.314975290573784e-06,-7.846901098673698e-06,0.0023742541670799255 | 0,0
84 | 2.8000001460313797 | 163.94700622558594,191.76657104492188,0.20820766687393188 | 5.283973217010498,-0.01584015041589737,0.008969547227025032 | 90.2 | 0.00456541171297431,-0.12742717564105988,-0.29581910371780396 | 4.551929950714111,-0.01593606360256672,-0.18018922209739685 | 0,0
9784 | 326.13335034251213 | 103.83573150634766,191.6503143310547,0.20712368190288544 | 5.4377336502075195,-0.004863295704126358,-4.0047643778962083e-07 | 90.1 | -0.018498197197914124,-0.050776612013578415,2.456733465194702 | 0.0778341218829155,-0.009658144786953926,3.0321789381559938e-05 | 0,0
9826 | 327.5333504155278 | 111.51332092285156,191.6385040283203,0.20711852610111237 | 5.458369731903076,-0.012597532942891121,3.8140612446113664e-07 | 90.1 | -0.01866183429956436,-0.052111025899648666,2.501816511154175 | 0.024390218779444695,-0.003653419902548194,1.7163264374175924e-06 | 0,0
9865 | 328.8333504833281 | 113.91134643554688,191.63294982910156,0.20640982687473297 | -4.0334954974241555e-05,-1.7943782495422056e-06,0.00013991884770803154 | 0 | -0.0017011213349178433,0.09531144052743912,4.57869873571326e-07 | 0.00015810297918505967,-9.44935379720846e-07,-0.0005194749683141708 | 1,5
9906 | 330.200017221272 | 113.91122436523438,191.63294982910156,0.20663371682167053 | 0.0,0.0,0.0 | 0 | 0.0,0.0,0.0 | 8.122565304802265e-06,1.6284860748783103e-07,-4.5768731069983914e-05 | 1,5
9949 | 331.6333506293595 | 113.91122436523438,191.63294982910156,0.2066347450017929 | -6.594637280699089e-09,-9.620951146871448e-09,3.2419524131910293e-07 | 0 | -1.4501478290185332e-05,1.5777864973642863e-05,4.098923156448109e-08 | -1.890628453793397e-07,-4.241043427555269e-07,-1.0870073310798034e-05 | 1,5
9991 | 333.0333507023752 | 113.91122436523438,191.63294982910156,0.2066347450017929 | 1.8014086888840097e-09,-3.238623591528267e-09,4.958279760103323e-07 | 0 | -4.604913101502461e-06,-4.238776909915032e-06,1.3679348320749796e-08 | 1.6945888603459025e-07,-1.3092123651858856e-07,-2.86054591924767e-06 | 1,5
10031 | 334.36668410524726 | 113.91122436523438,191.63294982910156,0.2066347450017929 | 0.0,0.0,0.0 | 0 | 0.0,0.0,0.0 | -2.2603015015221217e-09,-3.2931171745076426e-07,-1.258640259038657e-05 | 1,5
10074 | 335.80001751333475 | 113.91122436523438,191.63294982910156,0.2066347450017929 | -9.712712856213557e-10,7.716215444375507e-10,1.9070306223056832e-07 | 0 | 2.4332798602699768e-06,2.31343665291206e-06,-6.839279365067341e-09 | -1.7038087207765784e-07,1.4870823861201643e-07,5.148981927050045e-06 | 1,5
10117 | 337.23335092142224 | 113.91122436523438,191.63294982910156,0.2066347450017929 | 1.9876324197642958e-10,8.294661846264262e-09,4.386170644465892e-07 | 0 | -2.2756562430004124e-06,-2.6565865027805557e-06,2.7897792964637347e-09 | -2.8053094069946383e-08,3.3116830877588654e-07,1.1442186860222137e-06 | 1,5
10160 | 338.66668432950974 | 113.91122436523438,191.63294982910156,0.2066347450017929 | 4.4151454714480565e-10,7.500500220913864e-10,1.5256246399530937e-07 | 0 | 8.610588224655658e-07,-1.0604907174638356e-06,-2.51749687762981e-09 | 3.3729135040516667e-09,6.234669225335665e-09,1.1442184586485382e-06 | 1,5
10200 | 340.0000177323818 | 113.91122436523438,191.63294982910156,0.2066347450017929 | -7.748451880118523e-10,4.9648773980948135e-09,2.479139880051662e-07 | 0 | 5.630755367747042e-06,1.7886657133203698e-06,-1.695452667149766e-08 | -3.21486623988676e-08,3.4420955330460856e-07,1.1442178902143496e-06 | 1,5
10244 | 341.4666844755411 | 113.91122436523438,191.63294982910156,0.2066347450017929 | 4.7768795863323277e-11,3.161750722346923e-11,1.907030799941367e-08 | 0 | 1.0794199312158526e-07,-1.3275904109377734e-07,-2.8715418931568593e-10 | 1.325819454223165e-07,-1.7844079991391482e-07,-1.659116787777748e-05 | 1,5
10285 | 342.833351213485 | 113.91122436523438,191.63294982910156,0.2066347450017929 | 4.415144638780788e-10,7.500500776025376e-10,1.5256246399530937e-07 | 0 | 8.610588224655658e-07,-1.0604907174638356e-06,-2.517494435139156e-09 | 3.3729135040516667e-09,6.2346705576032946e-09,1.1442184586485382e-06 | 1,5
10327 | 344.2333512865007 | 113.91122436523438,191.63294982910156,0.2066347450017929 | 4.380477314214204e-09,-2.1092404212108562e-10,1.9070306223056832e-07 | 0 | -1.2082091416232288e-05,-1.2404100743879098e-05,3.26627791480405e-08 | 1.9122430217066722e-07,8.003730158634426e-07,-2.860546373995021e-06 | 1,5
10365 | 345.5000180192292 | 113.91122436523438,191.63294982910156,0.2066347450017929 | -1.2567588081324743e-09,5.984877926579202e-09,3.432655262258777e-07 | 0 | 6.55575240671169e-06,2.9083146273478633e-06,-1.9873496626132692e-08 | -3.9689349584648426e-09,6.164990651313929e-08,1.1442178902143496e-06 | 1,5
10407 | 346.90001809224486 | 113.91122436523438,191.63294982910156,0.2066347450017929 | 1.0394792665513464e-10,1.2732233323209385e-10,3.814061599882734e-08 | 0 | 2.156427854060894e-07,-2.654564070780907e-07,-6.020887677316011e-10 | 3.118437508220495e-09,3.819669913696089e-09,1.1442184586485382e-06 | 1,5
10450 | 348.33335150033236 | 113.91122436523438,191.63294982910156,0.2066347450017929 | -7.748452990341548e-10,4.9648773980948135e-09,2.479139880051662e-07 | 0 | 5.630755367747042e-06,1.7886657133203698e-06,-1.6954521342427142e-08 | -3.214866595158128e-08,3.442094964611897e-07,1.1442178902143496e-06 | 1,5
10490 | 349.66668490320444 | 113.91122436523438,191.63294982910156,0.2066347450017929 | 1.2382858072257363e-09,-3.891952315981939e-10,3.8140612446113664e-07 | 0 | -3.213566799331602e-07,-2.915401864811429e-06,1.160481266637703e-09 | 3.362246925320278e-09,3.544965654356247e-09,1.1442178902143496e-06 | 1,5
10531 | 351.03335164114833 | 113.91122436523438,191.63294982910156,0.2066347450017929 | 0.0,0.0,0.0 | 0 | 0.0,0.0,0.0 | 1.5406365605485917e-07,8.213181104110845e-07,-1.7735384972183965e-05 | 1,5
10573 | 352.433351714164 | 115.40538787841797,191.63165283203125,0.20711249113082886 | 3.190340280532837,-0.0014477449003607035,1.163288743555313e-06 | 90.0 | 0.00011840462684631348,-0.015583319589495659,0.03742259368300438 | 2.9929373264312744,0.0026799107436090708,1.0870075129787438e-05 | 0,0
10615 | 353.8333517871797 | 121.74354553222656,191.63026428222656,0.2076934427022934 | 5.610864639282227,0.0010769402142614126,-0.0011782398214563727 | 90.0 | 0.002183572156354785,-0.16284900903701782,0.03543812036514282 | -0.27917858958244324,0.0014757596654817462,0.0006001442088745534 | 0,0
10653 | 355.1000185199082 | 128.2054901123047,191.84193420410156,0.20610564947128296 | 4.817767143249512,0.983109712600708,0.00046851931256242096 | 78.5 | 0.7771029472351074,0.11058212071657181,15.08521842956543 | 1.1158274412155151,-5.9822235107421875,0.01596413552761078 | 0,0
10694 | 356.4666852578521 | 131.84039306640625,195.75791931152344,0.20662707090377808 | 0.877478301525116,4.897718906402588,8.410005648329388e-06 | 10.2 | 0.23282098770141602,0.6627114415168762,36.54233932495117 | 4.445845127105713,0.4367494285106659,0.00012700824299827218 | 0,0
10736 | 357.86668533086777 | 132.42657470703125,202.55154418945312,0.20663726329803467 | -0.06973890215158463,4.891235828399658,8.200231604860164e-07 | 359.2 | -0.0016914670122787356,0.02588224597275257,5.371514797210693 | 0.15110334753990173,0.07191180437803268,1.601905569259543e-05 | 0,0
10778 | 359.26668540388346 | 132.2514190673828,209.42645263671875,0.20664814114570618 | -0.18087102472782135,4.933294773101807,-2.0977338976990723e-07 | 357.9 | -1.0423626918054651e-05,-0.0009957161964848638,0.6003251671791077 | -0.04958420619368553,0.032515522092580795,-3.032178574358113e-05 | 0,0
10818 | 360.60001880675554 | 132.01101684570312,216.033203125,0.20665237307548523 | -0.1274401694536209,4.977066993713379,-8.009528755792417e-07 | 358.5 | -0.00017278420273214579,0.007984277792274952,-1.1500355005264282 | 0.2047794908285141,0.03564834222197533,-2.860544327631942e-06 | 0,0
10859 | 361.96668554469943 | 131.95652770996094,218.99310302734375,0.20633646845817566 | 2.2088804598752176e-06,-4.993852417101152e-05,-1.7163276879728073e-06 | 0 | -0.1199832484126091,-0.002685337560251355,-2.5355817342642695e-05 | 1.1907721273018979e-05,3.899811053997837e-05,-1.6019059330574237e-05 | 1,3
10901 | 363.3666856177151 | 131.95652770996094,218.992919921875,0.20663349330425262 | 3.7931418006564854e-08,-3.1081000884114474e-07,-2.8605461466213455e-07 | 0 | -0.0007203020504675806,-1.7591542928130366e-05,-1.4504941248105752e-07 | 1.2055920706188772e-06,1.4263592902352684e-06,-5.72109183849534e-06 | 1,3
10942 | 364.733352355659 | 131.95652770996094,218.992919921875,0.20663554966449738 | 0.0,0.0,0.0 | 0 | 0.0,0.0,0.0 | -4.507758148974972e-07,1.0695055152609712e-07,-5.721092293242691e-07 | 1,3
10981 | 366.0333524234593 | 131.9541015625,219.38926696777344,0.20716582238674164 | -0.0022098238114267588,1.8218964338302612,-2.707983639993472e-06 | 359.9 | -0.02514047548174858,-9.71479166764766e-05,-0.6598960757255554 | -0.011507314629852772,3.495722770690918,-1.0297966582584195e-05 | 0,0
11023 | 367.433352496475 | 131.97337341308594,224.51377868652344,0.20671126246452332 | 0.053254660218954086,4.5519304275512695,3.623358395543619e-07 | 0.7 | -0.08731886744499207,0.0010758526623249054,-0.5795207023620605 | 0.0799463614821434,4.901332378387451,-2.460069299559109e-05 | 0,0
17256 | 575.2000299990177 | 167.47015380859375,187.4822235107422,0.20550334453582764 | -2.1224477291107178,-0.03195708617568016,5.339686140359845e-06 | 269.1 | 0.004047855269163847,0.35474491119384766,-1.0368270874023438 | 9.614130973815918,0.23452496528625488,2.6317033189116046e-05 | 0,0
17294 | 576.4666967317462 | 164.86016845703125,187.4518585205078,0.2066800594329834 | -1.9383563995361328,-0.0007509423885494471,-6.78902961226413e-06 | 270.0 | 0.00366669031791389,-0.28795304894447327,-0.6930813193321228 | -3.6492345333099365,0.010875637643039227,-5.721085017285077e-06 | 0,0
17332 | 577.7333634644747 | 162.32032775878906,187.45431518554688,0.20699630677700043 | -2.532963514328003,0.020980922505259514,-1.5065542129377718e-06 | 270.5 | -0.002202143194153905,-0.07323414832353592,-0.6019958853721619 | -3.181628942489624,0.08010505884885788,3.661499067675322e-05 | 0,0
17371 | 579.033363532275 | 160.8017120361328,187.46527099609375,0.20647543668746948 | 3.2165633456315845e-05,1.305801220041758e-06,-2.7461242098070215e-06 | 0 | 0.000781969865784049,-0.07574868947267532,-6.1141645346651785e-06 | -0.00011515326332300901,1.702758140709193e-06,8.009526027308311e-06 | 0,0
17410 | 580.3333636000752 | 160.8018035888672,187.46527099609375,0.20663364231586456 | 2.547589019741281e-07,-5.242579703690353e-09,-2.0977338976990723e-07 | 0 | 3.395900421310216e-05,-0.000591460382565856,1.9118008509622086e-08 | -1.1730818414434907e-06,-2.3658724046526913e-07,1.7163276424980722e-05 | 0,0
17446 | 581.5333636626601 | 160.8018035888672,187.46527099609375,0.2066347897052765 | 3.947847382335112e-09,2.6589113133468345e-08,-7.437419640154985e-07 | 0 | 3.029898289241828e-05,-9.637351467972621e-06,8.978577170637436e-08 | -1.2380309044601745e-07,5.600886652246118e-07,-6.293200385698583e-06 | 0,0
17484 | 582.8000303953886 | 160.8018035888672,187.46527099609375,0.2066347897052765 | 2.1684229967178226e-09,-3.4964311446117335e-09,-2.6698430133365036e-07 | 0 | 6.941544143046485e-06,-7.388737685687374e-06,1.687820017082231e-08 | -1.7259672802083514e-08,-2.875892448628292e-07,-1.1442183449617005e-06 | 0,0
17523 | 584.1000304631889 | 160.8018035888672,187.46527099609375,0.2066347897052765 | -7.626430598151046e-10,8.673701756833907e-09,-2.479139880051662e-07 | 0 | 1.0066888535220642e-05,1.8151708900404628e-06,3.02282074926552e-08 | -2.8632834769837245e-08,9.944419616658706e-07,-1.1442178902143496e-06 | 0,0
17562 | 585.4000305309892 | 160.8018035888672,187.46527099609375,0.20663584768772125 | -2.363138795757891e-09,5.321171503425148e-09,-3.2419524131910293e-07 | 0 | 8.797290320217144e-06,5.600280474027386e-06,2.5723762675511352e-08 | -3.169996602991887e-07,2.6051162649309845e-07,7.437419299094472e-06 | 0,0
17598 | 586.600030593574 | 160.8018035888672,187.46527099609375,0.20663584768772125 | -4.962265043317871e-10,-3.5026044287178593e-09,-3.8140612446113664e-07 | 0 | -3.126766614514054e-06,1.2051730209350353e-06,-9.58196721967397e-09 | -2.8100719529078333e-09,-2.7572376382067887e-08,-1.1442178902143496e-06 | 0,0
17636 | 587.8666973263025 | 160.8018035888672,187.46527099609375,0.20663584768772125 | 9.93136128890626e-11,-1.199494503723031e-09,-4.0047643778962083e-07 | 0 | -7.496286116293049e-07,-1.88832402159278e-07,-2.5187316676777982e-09 | -2.8203965829476374e-09,-2.713818858524064e-08,-1.1442178902143496e-06 | 0,0
17675 | 589.1666973941028 | 160.8018035888672,187.46527099609375,0.20663584768772125 | 1.7077922409569624e-09,6.78745060156416e-09,-5.911795142310439e-07 | 0 | -2.6770499971462414e-05,-5.59626050744555e-06,-6.709215938371926e-08 | -8.418228780726622e-09,3.485992650098524e-08,-1.1442186860222137e-06 | 0,0
17714 | 590.4666974619031 | 160.8018035888672,187.46527099609375,0.20663584768772125 | -4.733158309733199e-10,1.4478562793129868e-09,0.0 | 0 | 2.4578278043918544e-06,1.1845365861518076e-06,7.14346182206782e-09 | -1.4199473596931966e-08,4.3435687047121974e-08,0.0 | 0,0
17751 | 591.7000308595598 | 160.4916534423828,187.4684600830078,0.20716693997383118 | -1.6891937255859375,0.018884042277932167,-4.36710024587228e-06 | 270.6 | 0.0005470220348797739,-0.05835307762026787,-0.23493875563144684 | -3.7505791187286377,0.05465380474925041,-2.9749669920420274e-05 | 0,0
17790 | 593.0000309273601 | 157.7415008544922,187.4990234375,0.20697352290153503 | -2.709124803543091,0.032193854451179504,-4.157327111897757e-06 | 270.7 | 0.00035689090145751834,-0.08129414170980453,-0.15477971732616425 | -3.1517813205718994,0.05251971632242203,-5.2061936003156006e-05 | 0,0
17828 | 594.2666976600885 | 153.5457305908203,187.548828125,0.20673590898513794 | -3.4341702461242676,0.040579844266176224,-2.6126322154595982e-06 | 270.7 | 0.002024018205702305,-0.1687772423028946,0.004896132275462151 | -2.8673813343048096,0.02816956304013729,0.00010183543781749904 | 0,0
17866 | 595.533364392817 | 147.8824920654297,187.61268615722656,0.20661449432373047 | -4.590829849243164,0.050645746290683746,4.576873777750734e-07 | 270.6 | 0.00019288610201328993,0.0023328312672674656,0.015602697618305683 | 0.12708662450313568,-0.00464245630428195,-9.153745850198902e-06 | 0,0
17901 | 596.7000311203301 | 142.48020935058594,187.6664276123047,0.20664924383163452 | -4.6637749671936035,0.036383338272571564,1.0107263506142772e-06 | 270.4 | 0.00039259475306607783,0.0010897910688072443,0.19173671305179596 | -0.026149747893214226,-0.021230241283774376,4.004766196885612e-06 | 0,0
17939 | 597.9666978530586 | 136.5413360595703,187.69638061523438,0.20665034651756287 | -4.718106746673584,0.005769608076661825,8.009528755792417e-07 | 270.1 | -0.0008086186135187745,0.00018047416233457625,0.2942367494106293 | -0.04354476556181908,-0.0065791369415819645,5.4350373829947785e-05 | 0,0
17976 | 599.2000312507153 | 130.68797302246094,187.69105529785156,0.20665007829666138 | -4.773501396179199,-0.01708373799920082,1.411202788403898e-06 | 269.8 | -0.0013190823374316096,0.00020879869407508522,0.18922768533229828 | -0.03978252038359642,-0.005528926383703947,3.7187099223956466e-05 | 0,0
18014 | 600.4666979834437 | 124.60844421386719,187.66319274902344,0.20665007829666138 | -4.825614929199219,-0.0271369069814682,-7.628123199765469e-08 | 269.7 | -0.00010376083810115233,0.0001105864139390178,0.07015839964151382 | -0.03901004418730736,-0.008888616226613522,2.6317022275179625e-05 | 0,0
18049 | 601.6333647109568 | 118.94717407226562,187.63079833984375,0.2066502720117569 | -4.876989841461182,-0.028727104887366295,-9.535153111528416e-08 | 269.7 | -0.00013612597831524909,0.00020542211132124066,0.009070213884115219 | -0.03733634576201439,0.0006299837841652334,7.437419299094472e-06 | 0,0
18087 | 602.9000314436853 | 112.73921966552734,187.59385681152344,0.20664985477924347 | -4.924447059631348,-0.02847665175795555,1.5256246399530937e-07 | 269.7 | -0.0002403071994194761,6.0146609030198306e-05,-0.014249613508582115 | -0.03619193658232689,0.003653783118352294,1.2014292224193923e-05 | 0,0
18124 | 604.133364841342 | 106.63690185546875,187.56175231933594,0.20664988458156586 | -4.969603538513184,-0.021239023655653,8.96304470643372e-07 | 269.8 | -0.0005369298160076141,8.11743302620016e-05,-0.08902482688426971 | -0.03417491540312767,0.015293843112885952,-2.059592770820018e-05 | 0,0
18160 | 605.3333649039268 | 100.64859008789062,187.5424041748047,0.20728431642055511 | -5.009589195251465,-0.009886618703603745,0.0019649090245366096 | 269.9 | -0.000244371360167861,-0.003556087613105774,-0.08508144319057465 | -0.5067872405052185,0.012047727592289448,0.0759417712688446 | 0,0
